wavelength,flux,e_flux
1740.6000,9.2076707e-16,9.2076707e-16
1742.2000,8.8491438e-16,8.8491438e-16
1743.8000,9.0485249e-16,9.0485249e-16
1745.4000,5.9438939e-16,5.9438939e-16
1747.0000,6.5489914e-16,6.5489914e-16
1748.6000,7.1895794e-16,7.1895794e-16
1750.2000,9.7685671e-16,9.7685671e-16
1751.8000,1.0718824e-15,1.0718824e-15
1753.4000,8.9029206e-16,8.9029206e-16
1755.0000,1.2657021e-15,1.2657021e-15
1756.6000,1.2295482e-15,1.2295482e-15
1758.2000,1.2946619e-15,1.2946619e-15
1759.8000,7.9498739e-16,7.9498739e-16
1761.4000,1.1699015e-15,1.1699015e-15
1763.0000,1.0909291e-15,1.0909291e-15
1764.6000,9.7493277e-16,9.7493277e-16
1766.2000,1.1703440e-15,1.1703440e-15
1767.8000,1.1657735e-15,1.1657735e-15
1769.4000,1.1536337e-15,1.1536337e-15
1771.0000,1.1990223e-15,1.1990223e-15
1772.6000,1.0111073e-15,1.0111073e-15
1774.2000,1.1270453e-15,1.1270453e-15
1775.8000,1.1168908e-15,1.1168908e-15
1777.4000,1.3194638e-15,1.3194638e-15
1779.0000,1.7466364e-15,1.7466364e-15
1780.6000,1.7598553e-15,1.7598553e-15
1782.2000,1.5794545e-15,1.5794545e-15
1783.8000,1.6024203e-15,1.6024203e-15
1785.4000,1.9996764e-15,1.9996764e-15
1787.0000,1.9700797e-15,1.9700797e-15
1788.6000,2.1352708e-15,2.1352708e-15
1790.2000,2.5740660e-15,2.5740660e-15
1791.8000,2.6747429e-15,2.6747429e-15
1793.4000,3.3500468e-15,3.3500468e-15
1795.0000,3.0113041e-15,3.0113041e-15
1796.6000,2.6921645e-15,2.6921645e-15
1798.2000,2.9110454e-15,2.9110454e-15
1799.8000,2.5621747e-15,2.5621747e-15
1801.4000,2.4998759e-15,2.4998759e-15
1803.0000,3.1535453e-15,3.1535453e-15
1804.6000,3.3404625e-15,3.3404625e-15
1806.2000,3.0943929e-15,3.0943929e-15
1807.8000,3.2558936e-15,3.2558936e-15
1809.4000,3.9339105e-15,3.9339105e-15
1811.0000,4.0209522e-15,4.0209522e-15
1812.6000,3.3229587e-15,3.3229587e-15
1814.2000,3.7814542e-15,3.7814542e-15
1815.8000,3.9458785e-15,3.9458785e-15
1817.4000,3.8754662e-15,3.8754662e-15
1819.0000,4.2141839e-15,4.2141839e-15
1820.6000,4.0625338e-15,4.0625338e-15
1822.2000,4.3401486e-15,4.3401486e-15
1823.8000,4.6218687e-15,4.6218687e-15
1825.4000,4.7101062e-15,4.7101062e-15
1827.0000,4.6014671e-15,4.6014671e-15
1828.6000,4.7506948e-15,4.7506948e-15
1830.2000,4.9248226e-15,4.9248226e-15
1831.8000,4.7995436e-15,4.7995436e-15
1833.4000,4.8655942e-15,4.8655942e-15
1835.0000,4.8051927e-15,4.8051927e-15
1836.6000,4.9279673e-15,4.9279673e-15
1838.2000,5.4429251e-15,5.4429251e-15
1839.8000,5.3545163e-15,5.3545163e-15
1841.4000,5.6230036e-15,5.6230036e-15
1843.0000,4.9804961e-15,4.9804961e-15
1844.6000,6.0182567e-15,6.0182567e-15
1846.2000,5.8626261e-15,5.8626261e-15
1847.8000,6.1389805e-15,6.1389805e-15
1849.4000,5.9877933e-15,5.9877933e-15
1851.0000,5.7885354e-15,5.7885354e-15
1852.6000,5.9710860e-15,5.9710860e-15
1854.2000,6.2849689e-15,6.2849689e-15
1855.8000,5.9048801e-15,5.9048801e-15
1857.4000,5.2809747e-15,5.2809747e-15
1859.0000,5.8700561e-15,5.8700561e-15
1860.6000,6.6355690e-15,6.6355690e-15
1862.2000,6.7892571e-15,6.7892571e-15
1863.8000,6.5622445e-15,6.5622445e-15
1865.4000,6.4943869e-15,6.4943869e-15
1867.0000,6.9438066e-15,6.9438066e-15
1868.6000,6.7644902e-15,6.7644902e-15
1870.2000,6.4786142e-15,6.4786142e-15
1871.8000,7.1263283e-15,7.1263283e-15
1873.4000,8.1431144e-15,8.1431144e-15
1875.0000,7.9649546e-15,7.9649546e-15
1876.6000,7.5091850e-15,7.5091850e-15
1878.2000,8.7004120e-15,8.7004120e-15
1879.8000,8.8420389e-15,8.8420389e-15
1881.4000,9.7587936e-15,9.7587936e-15
1883.0000,9.6442887e-15,9.6442887e-15
1884.6000,1.0271388e-14,1.0271388e-14
1886.2000,1.0262900e-14,1.0262900e-14
1887.8000,1.1649250e-14,1.1649250e-14
1889.4000,1.1691911e-14,1.1691911e-14
1891.0000,1.1555508e-14,1.1555508e-14
1892.6000,1.2366803e-14,1.2366803e-14
1894.2000,1.1875186e-14,1.1875186e-14
1895.8000,1.3396448e-14,1.3396448e-14
1897.4000,1.2105654e-14,1.2105654e-14
1899.0000,1.2483943e-14,1.2483943e-14
1900.6000,1.2962631e-14,1.2962631e-14
1902.2000,1.3376791e-14,1.3376791e-14
1903.8000,1.2738606e-14,1.2738606e-14
1905.4000,1.2512300e-14,1.2512300e-14
1907.0000,1.2391153e-14,1.2391153e-14
1908.6000,1.2711357e-14,1.2711357e-14
1910.2000,1.2413077e-14,1.2413077e-14
1911.8000,1.1675618e-14,1.1675618e-14
1913.4000,1.1804812e-14,1.1804812e-14
1915.0000,1.2432668e-14,1.2432668e-14
1916.6000,1.2092893e-14,1.2092893e-14
1918.2000,1.2095230e-14,1.2095230e-14
1919.8000,1.1775546e-14,1.1775546e-14
1921.4000,1.1365551e-14,1.1365551e-14
1923.0000,1.1276035e-14,1.1276035e-14
1924.6000,1.1176835e-14,1.1176835e-14
1926.2000,1.0299703e-14,1.0299703e-14
1927.8000,1.0471763e-14,1.0471763e-14
1929.4000,1.0721167e-14,1.0721167e-14
1931.0000,9.9035929e-15,9.9035929e-15
1932.6000,9.3534689e-15,9.3534689e-15
1934.2000,1.0948289e-14,1.0948289e-14
1935.8000,9.1589412e-15,9.1589412e-15
1937.4000,9.3348855e-15,9.3348855e-15
1939.0000,8.7949569e-15,8.7949569e-15
1940.6000,8.9966255e-15,8.9966255e-15
1942.2000,8.9360290e-15,8.9360290e-15
1943.8000,8.7897172e-15,8.7897172e-15
1945.4000,8.9293772e-15,8.9293772e-15
1947.0000,8.9602696e-15,8.9602696e-15
1948.6000,8.7506857e-15,8.7506857e-15
1950.2000,8.9483156e-15,8.9483156e-15
1951.8000,9.2035092e-15,9.2035092e-15
1953.4000,8.6905462e-15,8.6905462e-15
1955.0000,8.9903241e-15,8.9903241e-15
1956.6000,9.0875395e-15,9.0875395e-15
1958.2000,8.2616977e-15,8.2616977e-15
1959.8000,8.8468089e-15,8.8468089e-15
1961.4000,8.8494503e-15,8.8494503e-15
1963.0000,8.6201807e-15,8.6201807e-15
1964.6000,8.9295748e-15,8.9295748e-15
1966.2000,9.1875322e-15,9.1875322e-15
1967.8000,8.5329858e-15,8.5329858e-15
1969.4000,8.2413125e-15,8.2413125e-15
1971.0000,8.0552516e-15,8.0552516e-15
1972.6000,8.2377455e-15,8.2377455e-15
1974.2000,8.2957911e-15,8.2957911e-15
1975.8000,8.6710212e-15,8.6710212e-15
1977.4000,8.3888320e-15,8.3888320e-15
1979.0000,8.2764569e-15,8.2764569e-15
1980.6000,8.6084317e-15,8.6084317e-15
1982.2000,9.0265583e-15,9.0265583e-15
1983.8000,8.3599671e-15,8.3599671e-15
1985.4000,8.8289216e-15,8.8289216e-15
1987.0000,9.0231231e-15,9.0231231e-15
1988.6000,9.3487697e-15,9.3487697e-15
1990.2000,8.8142071e-15,8.8142071e-15
1991.8000,8.9605372e-15,8.9605372e-15
1993.4000,9.4768195e-15,9.4768195e-15
1995.0000,9.6305568e-15,9.6305568e-15
1996.6000,9.3663539e-15,9.3663539e-15
1998.2000,9.9340446e-15,9.9340446e-15
1999.8000,1.0132721e-14,1.0132721e-14
2001.4000,1.0012235e-14,1.0012235e-14
2003.0000,9.9364526e-15,9.9364526e-15
2004.6000,1.0014826e-14,1.0014826e-14
2006.2000,1.0627929e-14,1.0627929e-14
2007.8000,1.1051046e-14,1.1051046e-14
2009.4000,1.1193074e-14,1.1193074e-14
2011.0000,1.1247685e-14,1.1247685e-14
2012.6000,1.0880246e-14,1.0880246e-14
2014.2000,1.1166960e-14,1.1166960e-14
2015.8000,1.1833664e-14,1.1833664e-14
2017.4000,1.1706883e-14,1.1706883e-14
2019.0000,1.1423433e-14,1.1423433e-14
2020.6000,1.1532632e-14,1.1532632e-14
2022.2000,1.1881407e-14,1.1881407e-14
2023.8000,1.2002468e-14,1.2002468e-14
2025.4000,1.2022609e-14,1.2022609e-14
2027.0000,1.1522949e-14,1.1522949e-14
2028.6000,1.1823134e-14,1.1823134e-14
2030.2000,1.1697746e-14,1.1697746e-14
2031.8000,1.2874556e-14,1.2874556e-14
2033.4000,1.2019067e-14,1.2019067e-14
2035.0000,1.2470476e-14,1.2470476e-14
2036.6000,1.2958477e-14,1.2958477e-14
2038.2000,1.2454337e-14,1.2454337e-14
2039.8000,1.2166085e-14,1.2166085e-14
2041.4000,1.2289852e-14,1.2289852e-14
2043.0000,1.2146887e-14,1.2146887e-14
2044.6000,1.2325100e-14,1.2325100e-14
2046.2000,1.2252720e-14,1.2252720e-14
2047.8000,1.2179886e-14,1.2179886e-14
2049.4000,1.2067426e-14,1.2067426e-14
2051.0000,1.2221240e-14,1.2221240e-14
2052.6000,1.2213365e-14,1.2213365e-14
2054.2000,1.1742522e-14,1.1742522e-14
2055.8000,1.1871858e-14,1.1871858e-14
2057.4000,1.2231905e-14,1.2231905e-14
2059.0000,1.1757692e-14,1.1757692e-14
2060.6000,1.1712312e-14,1.1712312e-14
2062.2000,1.1668479e-14,1.1668479e-14
2063.8000,1.2066453e-14,1.2066453e-14
2065.4000,1.1891657e-14,1.1891657e-14
2067.0000,1.1846086e-14,1.1846086e-14
2068.6000,1.1789580e-14,1.1789580e-14
2070.2000,1.2014032e-14,1.2014032e-14
2071.8000,1.1277812e-14,1.1277812e-14
2073.4000,1.1585972e-14,1.1585972e-14
2075.0000,1.1131716e-14,1.1131716e-14
2076.6000,1.0548878e-14,1.0548878e-14
2078.2000,1.0373566e-14,1.0373566e-14
2079.8000,9.9349078e-15,9.9349078e-15
2081.4000,9.6794254e-15,9.6794254e-15
2083.0000,1.0142153e-14,1.0142153e-14
2084.6000,9.6550152e-15,9.6550152e-15
2086.2000,9.7123337e-15,9.7123337e-15
2087.8000,9.7570287e-15,9.7570287e-15
2089.4000,9.7964899e-15,9.7964899e-15
2091.0000,9.5244209e-15,9.5244209e-15
2092.6000,9.0594521e-15,9.0594521e-15
2094.2000,8.8734179e-15,8.8734179e-15
2095.8000,9.2546747e-15,9.2546747e-15
2097.4000,9.4711554e-15,9.4711554e-15
2099.0000,9.1805519e-15,9.1805519e-15
2100.6000,8.8840439e-15,8.8840439e-15
2102.2000,8.7530072e-15,8.7530072e-15
2103.8000,8.5397413e-15,8.5397413e-15
2105.4000,8.2724297e-15,8.2724297e-15
2107.0000,8.4709216e-15,8.4709216e-15
2108.6000,8.4568977e-15,8.4568977e-15
2110.2000,8.5184130e-15,8.5184130e-15
2111.8000,8.1341344e-15,8.1341344e-15
2113.4000,7.9497511e-15,7.9497511e-15
2115.0000,7.7642513e-15,7.7642513e-15
2116.6000,7.9380165e-15,7.9380165e-15
2118.2000,8.0423284e-15,8.0423284e-15
2119.8000,7.3646582e-15,7.3646582e-15
2121.4000,7.9357996e-15,7.9357996e-15
2123.0000,7.9181759e-15,7.9181759e-15
2124.6000,7.2622772e-15,7.2622772e-15
2126.2000,7.4448784e-15,7.4448784e-15
2127.8000,7.5033254e-15,7.5033254e-15
2129.4000,7.8632642e-15,7.8632642e-15
2131.0000,7.7260070e-15,7.7260070e-15
2132.6000,7.5756021e-15,7.5756021e-15
2134.2000,7.8087676e-15,7.8087676e-15
2135.8000,7.8452213e-15,7.8452213e-15
2137.4000,7.8504663e-15,7.8504663e-15
2139.0000,7.9084602e-15,7.9084602e-15
2140.6000,8.3620736e-15,8.3620736e-15
2142.2000,8.6609666e-15,8.6609666e-15
2143.8000,8.4051466e-15,8.4051466e-15
2145.4000,8.4420910e-15,8.4420910e-15
2147.0000,8.4265967e-15,8.4265967e-15
2148.6000,8.5169073e-15,8.5169073e-15
2150.2000,8.5815972e-15,8.5815972e-15
2151.8000,9.0273865e-15,9.0273865e-15
2153.4000,8.6078635e-15,8.6078635e-15
2155.0000,8.6123422e-15,8.6123422e-15
2156.6000,8.3174620e-15,8.3174620e-15
2158.2000,8.6578726e-15,8.6578726e-15
2159.8000,8.0841718e-15,8.0841718e-15
2161.4000,8.5696820e-15,8.5696820e-15
2163.0000,8.1828695e-15,8.1828695e-15
2164.6000,8.2343236e-15,8.2343236e-15
2166.2000,8.3202191e-15,8.3202191e-15
2167.8000,8.1136091e-15,8.1136091e-15
2169.4000,8.1092320e-15,8.1092320e-15
2171.0000,7.7450407e-15,7.7450407e-15
2172.6000,7.5887705e-15,7.5887705e-15
2174.2000,7.9150603e-15,7.9150603e-15
2175.8000,7.7799464e-15,7.7799464e-15
2177.4000,7.7857023e-15,7.7857023e-15
2179.0000,7.6780698e-15,7.6780698e-15
2180.6000,7.1614326e-15,7.1614326e-15
2182.2000,7.2788955e-15,7.2788955e-15
2183.8000,7.2400445e-15,7.2400445e-15
2185.4000,7.1333036e-15,7.1333036e-15
2187.0000,6.9975999e-15,6.9975999e-15
2188.6000,6.8749972e-15,6.8749972e-15
2190.2000,6.9471239e-15,6.9471239e-15
2191.8000,6.7694654e-15,6.7694654e-15
2193.4000,6.6060136e-15,6.6060136e-15
2195.0000,6.6193802e-15,6.6193802e-15
2196.6000,6.5709056e-15,6.5709056e-15
2198.2000,6.5443429e-15,6.5443429e-15
2199.8000,6.1139309e-15,6.1139309e-15
2201.4000,6.3449996e-15,6.3449996e-15
2203.0000,6.3151418e-15,6.3151418e-15
2204.6000,6.3167047e-15,6.3167047e-15
2206.2000,6.2467783e-15,6.2467783e-15
2207.8000,6.2895788e-15,6.2895788e-15
2209.4000,6.0956313e-15,6.0956313e-15
2211.0000,6.3370986e-15,6.3370986e-15
2212.6000,5.9307589e-15,5.9307589e-15
2214.2000,5.9413099e-15,5.9413099e-15
2215.8000,5.7713208e-15,5.7713208e-15
2217.4000,5.7278644e-15,5.7278644e-15
2219.0000,6.2160103e-15,6.2160103e-15
2220.6000,5.8426724e-15,5.8426724e-15
2222.2000,5.8429050e-15,5.8429050e-15
2223.8000,5.6887808e-15,5.6887808e-15
2225.4000,5.7477895e-15,5.7477895e-15
2227.0000,5.7222620e-15,5.7222620e-15
2228.6000,5.6379621e-15,5.6379621e-15
2230.2000,5.6478650e-15,5.6478650e-15
2231.8000,5.7466582e-15,5.7466582e-15
2233.4000,5.5594718e-15,5.5594718e-15
2235.0000,5.3266585e-15,5.3266585e-15
2236.6000,5.1742638e-15,5.1742638e-15
2238.2000,5.2284948e-15,5.2284948e-15
2239.8000,5.3852218e-15,5.3852218e-15
2241.4000,5.3814756e-15,5.3814756e-15
2243.0000,5.2218672e-15,5.2218672e-15
2244.6000,5.1930694e-15,5.1930694e-15
2246.2000,5.2199411e-15,5.2199411e-15
2247.8000,5.5460332e-15,5.5460332e-15
2249.4000,5.5656504e-15,5.5656504e-15
2251.0000,5.3124006e-15,5.3124006e-15
2252.6000,5.1310529e-15,5.1310529e-15
2254.2000,5.1034989e-15,5.1034989e-15
2255.8000,5.6299110e-15,5.6299110e-15
2257.4000,5.3024641e-15,5.3024641e-15
2259.0000,5.4159099e-15,5.4159099e-15
2260.6000,5.2532912e-15,5.2532912e-15
2262.2000,5.2239455e-15,5.2239455e-15
2263.8000,5.4007282e-15,5.4007282e-15
2265.4000,5.5044196e-15,5.5044196e-15
2267.0000,5.3957637e-15,5.3957637e-15
2268.6000,5.4722343e-15,5.4722343e-15
2270.2000,5.2231378e-15,5.2231378e-15
2271.8000,5.3573185e-15,5.3573185e-15
2273.4000,5.6209511e-15,5.6209511e-15
2275.0000,5.6785241e-15,5.6785241e-15
2276.6000,5.5335889e-15,5.5335889e-15
2278.2000,5.7614715e-15,5.7614715e-15
2279.8000,5.8648334e-15,5.8648334e-15
2281.4000,5.7908430e-15,5.7908430e-15
2283.0000,5.8463055e-15,5.8463055e-15
2284.6000,5.7906886e-15,5.7906886e-15
2286.2000,5.7470709e-15,5.7470709e-15
2287.8000,6.0656939e-15,6.0656939e-15
2289.4000,6.4297845e-15,6.4297845e-15
2291.0000,6.1752568e-15,6.1752568e-15
2292.6000,6.1196701e-15,6.1196701e-15
2294.2000,5.9730339e-15,5.9730339e-15
2295.8000,6.2059501e-15,6.2059501e-15
2297.4000,6.5408686e-15,6.5408686e-15
2299.0000,6.4440426e-15,6.4440426e-15
2300.6000,6.5899985e-15,6.5899985e-15
2302.2000,6.7877274e-15,6.7877274e-15
2303.8000,7.2094358e-15,7.2094358e-15
2305.4000,6.9320156e-15,6.9320156e-15
2307.0000,6.9653327e-15,6.9653327e-15
2308.6000,7.3210308e-15,7.3210308e-15
2310.2000,7.5089838e-15,7.5089838e-15
2311.8000,7.7879454e-15,7.7879454e-15
2313.4000,8.1356941e-15,8.1356941e-15
2315.0000,8.4674029e-15,8.4674029e-15
2316.6000,8.4637727e-15,8.4637727e-15
2318.2000,9.1655471e-15,9.1655471e-15
2319.8000,9.0967490e-15,9.0967490e-15
2321.4000,9.6007067e-15,9.6007067e-15
2323.0000,9.7104218e-15,9.7104218e-15
2324.6000,1.0010458e-14,1.0010458e-14
2326.2000,1.0339940e-14,1.0339940e-14
2327.8000,1.1137560e-14,1.1137560e-14
2329.4000,1.1223620e-14,1.1223620e-14
2331.0000,1.1212988e-14,1.1212988e-14
2332.6000,1.1611372e-14,1.1611372e-14
2334.2000,1.1773582e-14,1.1773582e-14
2335.8000,1.1907679e-14,1.1907679e-14
2337.4000,1.2366876e-14,1.2366876e-14
2339.0000,1.1951857e-14,1.1951857e-14
2340.6000,1.1726160e-14,1.1726160e-14
2342.2000,1.2043968e-14,1.2043968e-14
2343.8000,1.2361835e-14,1.2361835e-14
2345.4000,1.2679644e-14,1.2679644e-14
2347.0000,1.2997452e-14,1.2997452e-14
2348.6000,1.3315319e-14,1.3315319e-14
2350.2000,1.3633127e-14,1.3633127e-14
2351.8000,1.4781319e-14,1.4781319e-14
2353.4000,1.4524669e-14,1.4524669e-14
2355.0000,1.6022363e-14,1.6022363e-14
2356.6000,1.6040866e-14,1.6040866e-14
2358.2000,1.6074749e-14,1.6074749e-14
2359.8000,1.6549978e-14,1.6549978e-14
2361.4000,1.6458795e-14,1.6458795e-14
2363.0000,1.6735748e-14,1.6735748e-14
2364.6000,1.6814204e-14,1.6814204e-14
2366.2000,1.7224886e-14,1.7224886e-14
2367.8000,1.7109465e-14,1.7109465e-14
2369.4000,1.7251218e-14,1.7251218e-14
2371.0000,1.7167090e-14,1.7167090e-14
2372.6000,1.7267047e-14,1.7267047e-14
2374.2000,1.7367004e-14,1.7367004e-14
2375.8000,1.7466962e-14,1.7466962e-14
2377.4000,1.7566919e-14,1.7566919e-14
2379.0000,1.7666876e-14,1.7666876e-14
2380.6000,1.7766799e-14,1.7766799e-14
2382.2000,1.7866756e-14,1.7866756e-14
2383.8000,1.7966713e-14,1.7966713e-14
2385.4000,1.8066670e-14,1.8066670e-14
2387.0000,1.8166627e-14,1.8166627e-14
2388.6000,1.8266584e-14,1.8266584e-14
2390.2000,1.8799943e-14,1.8799943e-14
2391.8000,1.9164292e-14,1.9164292e-14
2393.4000,1.8859358e-14,1.8859358e-14
2395.0000,1.9006363e-14,1.9006363e-14
2396.6000,1.8908715e-14,1.8908715e-14
2398.2000,1.8981779e-14,1.8981779e-14
2399.8000,1.9130643e-14,1.9130643e-14
2401.4000,1.8243107e-14,1.8243107e-14
2403.0000,1.8107612e-14,1.8107612e-14
2404.6000,1.8746058e-14,1.8746058e-14
2406.2000,1.8798668e-14,1.8798668e-14
2407.8000,1.8811445e-14,1.8811445e-14
2409.4000,1.9317662e-14,1.9317662e-14
2411.0000,1.8839972e-14,1.8839972e-14
2412.6000,1.8538611e-14,1.8538611e-14
2414.2000,1.8542606e-14,1.8542606e-14
2415.8000,1.8496368e-14,1.8496368e-14
2417.4000,1.8539071e-14,1.8539071e-14
2419.0000,1.7989496e-14,1.7989496e-14
2420.6000,1.7676979e-14,1.7676979e-14
2422.2000,1.7621896e-14,1.7621896e-14
2423.8000,1.7601083e-14,1.7601083e-14
2425.4000,1.7669523e-14,1.7669523e-14
2427.0000,1.7617003e-14,1.7617003e-14
2428.6000,1.7255329e-14,1.7255329e-14
2430.2000,1.7255425e-14,1.7255425e-14
2431.8000,1.7095142e-14,1.7095142e-14
2433.4000,1.6907544e-14,1.6907544e-14
2435.0000,1.6721330e-14,1.6721330e-14
2436.6000,1.6042452e-14,1.6042452e-14
2438.2000,1.6555295e-14,1.6555295e-14
2439.8000,1.6977578e-14,1.6977578e-14
2441.4000,1.6725022e-14,1.6725022e-14
2443.0000,1.5884502e-14,1.5884502e-14
2444.6000,1.5708105e-14,1.5708105e-14
2446.2000,1.5737753e-14,1.5737753e-14
2447.8000,1.5388877e-14,1.5388877e-14
2449.4000,1.5059417e-14,1.5059417e-14
2451.0000,1.5487127e-14,1.5487127e-14
2452.6000,1.5398943e-14,1.5398943e-14
2454.2000,1.5102565e-14,1.5102565e-14
2455.8000,1.4895741e-14,1.4895741e-14
2457.4000,1.4994120e-14,1.4994120e-14
2459.0000,1.4689342e-14,1.4689342e-14
2460.6000,1.4600645e-14,1.4600645e-14
2462.2000,1.4466095e-14,1.4466095e-14
2463.8000,1.4096380e-14,1.4096380e-14
2465.4000,1.3581689e-14,1.3581689e-14
2467.0000,1.3561859e-14,1.3561859e-14
2468.6000,1.3575807e-14,1.3575807e-14
2470.2000,1.3256318e-14,1.3256318e-14
2471.8000,1.3213003e-14,1.3213003e-14
2473.4000,1.2837755e-14,1.2837755e-14
2475.0000,1.2826883e-14,1.2826883e-14
2476.6000,1.3157182e-14,1.3157182e-14
2478.2000,1.2891279e-14,1.2891279e-14
2479.8000,1.2564274e-14,1.2564274e-14
2481.4000,1.2162467e-14,1.2162467e-14
2483.0000,1.1930282e-14,1.1930282e-14
2484.6000,1.2150553e-14,1.2150553e-14
2486.2000,1.2482403e-14,1.2482403e-14
2487.8000,1.2168395e-14,1.2168395e-14
2489.4000,1.2016008e-14,1.2016008e-14
2491.0000,1.1991906e-14,1.1991906e-14
2492.6000,1.2224416e-14,1.2224416e-14
2494.2000,1.2229722e-14,1.2229722e-14
2495.8000,1.2392358e-14,1.2392358e-14
2497.4000,1.2392741e-14,1.2392741e-14
2499.0000,1.2357033e-14,1.2357033e-14
2500.6000,1.2232965e-14,1.2232965e-14
2502.2000,1.2517076e-14,1.2517076e-14
2503.8000,1.2311280e-14,1.2311280e-14
2505.4000,1.2464527e-14,1.2464527e-14
2507.0000,1.2508214e-14,1.2508214e-14
2508.6000,1.2390334e-14,1.2390334e-14
2510.2000,1.2561016e-14,1.2561016e-14
2511.8000,1.3285384e-14,1.3285384e-14
2513.4000,1.3183970e-14,1.3183970e-14
2515.0000,1.3697234e-14,1.3697234e-14
2516.6000,1.4222102e-14,1.4222102e-14
2518.2000,1.4360204e-14,1.4360204e-14
2519.8000,1.4463567e-14,1.4463567e-14
2521.4000,1.5188546e-14,1.5188546e-14
2523.0000,1.5776335e-14,1.5776335e-14
2524.6000,1.6275754e-14,1.6275754e-14
2526.2000,1.7791472e-14,1.7791472e-14
2527.8000,1.8835855e-14,1.8835855e-14
2529.4000,1.9460562e-14,1.9460562e-14
2531.0000,2.0180332e-14,2.0180332e-14
2532.6000,2.1033026e-14,2.1033026e-14
2534.2000,2.2080097e-14,2.2080097e-14
2535.8000,2.2907900e-14,2.2907900e-14
2537.4000,2.3650379e-14,2.3650379e-14
2539.0000,2.4425195e-14,2.4425195e-14
2540.6000,2.4728085e-14,2.4728085e-14
2542.2000,2.5254719e-14,2.5254719e-14
2543.8000,2.5332428e-14,2.5332428e-14
2545.4000,2.6411372e-14,2.6411372e-14
2547.0000,2.5991928e-14,2.5991928e-14
2548.6000,2.6342507e-14,2.6342507e-14
2550.2000,2.6413018e-14,2.6413018e-14
2551.8000,2.6807683e-14,2.6807683e-14
2553.4000,2.6677893e-14,2.6677893e-14
2555.0000,2.7703539e-14,2.7703539e-14
2556.6000,2.7362809e-14,2.7362809e-14
2558.2000,2.7413423e-14,2.7413423e-14
2559.8000,2.7958037e-14,2.7958037e-14
2561.4000,2.7574601e-14,2.7574601e-14
2563.0000,2.7813218e-14,2.7813218e-14
2564.6000,2.7930703e-14,2.7930703e-14
2566.2000,2.8092895e-14,2.8092895e-14
2567.8000,2.8309418e-14,2.8309418e-14
2569.4000,2.8423940e-14,2.8423940e-14
2571.0000,2.8326019e-14,2.8326019e-14
2572.6000,2.8123393e-14,2.8123393e-14
2574.2000,2.8429881e-14,2.8429881e-14
2575.8000,2.7781553e-14,2.7781553e-14
2577.4000,2.7385041e-14,2.7385041e-14
2579.0000,2.7399690e-14,2.7399690e-14
2580.6000,2.7003642e-14,2.7003642e-14
2582.2000,2.6867483e-14,2.6867483e-14
2583.8000,2.6831595e-14,2.6831595e-14
2585.4000,2.6795708e-14,2.6795708e-14
2587.0000,2.6759820e-14,2.6759820e-14
2588.6000,2.6723925e-14,2.6723925e-14
2590.2000,2.6688037e-14,2.6688037e-14
2591.8000,2.6652150e-14,2.6652150e-14
2593.4000,2.6616262e-14,2.6616262e-14
2595.0000,2.5597747e-14,2.5597747e-14
2596.6000,2.4992539e-14,2.4992539e-14
2598.2000,2.4387553e-14,2.4387553e-14
2599.8000,2.3782345e-14,2.3782345e-14
2601.4000,2.3177137e-14,2.3177137e-14
2603.0000,2.2572151e-14,2.2572151e-14
2604.6000,2.1966943e-14,2.1966943e-14
2606.2000,2.2295681e-14,2.2295681e-14
2607.8000,2.3118019e-14,2.3118019e-14
2609.4000,2.2733748e-14,2.2733748e-14
2611.0000,2.2208729e-14,2.2208729e-14
2612.6000,2.1550005e-14,2.1550005e-14
2614.2000,2.1133967e-14,2.1133967e-14
2615.8000,2.0553222e-14,2.0553222e-14
2617.4000,1.9867020e-14,1.9867020e-14
2619.0000,1.9033008e-14,1.9033008e-14
2620.6000,1.8777627e-14,1.8777627e-14
2622.2000,1.8372996e-14,1.8372996e-14
2623.8000,1.7544511e-14,1.7544511e-14
2625.4000,1.7066062e-14,1.7066062e-14
2627.0000,1.6685372e-14,1.6685372e-14
2628.6000,1.5788858e-14,1.5788858e-14
2630.2000,1.5518197e-14,1.5518197e-14
2631.8000,1.5739219e-14,1.5739219e-14
2633.4000,1.5190066e-14,1.5190066e-14
2635.0000,1.4511432e-14,1.4511432e-14
2636.6000,1.4043641e-14,1.4043641e-14
2638.2000,1.4020652e-14,1.4020652e-14
2639.8000,1.4026946e-14,1.4026946e-14
2641.4000,1.2982141e-14,1.2982141e-14
2643.0000,1.2907587e-14,1.2907587e-14
2644.6000,1.2845381e-14,1.2845381e-14
2646.2000,1.2792973e-14,1.2792973e-14
2647.8000,1.1984113e-14,1.1984113e-14
2649.4000,1.2012273e-14,1.2012273e-14
2651.0000,1.1684150e-14,1.1684150e-14
2652.6000,1.1239098e-14,1.1239098e-14
2654.2000,1.1475928e-14,1.1475928e-14
2655.8000,1.1351781e-14,1.1351781e-14
2657.4000,1.1177979e-14,1.1177979e-14
2659.0000,1.1018495e-14,1.1018495e-14
2660.6000,1.1278371e-14,1.1278371e-14
2662.2000,1.1069275e-14,1.1069275e-14
2663.8000,1.1296724e-14,1.1296724e-14
2665.4000,1.1568647e-14,1.1568647e-14
2667.0000,1.1467335e-14,1.1467335e-14
2668.6000,1.1540930e-14,1.1540930e-14
2670.2000,1.1607354e-14,1.1607354e-14
2671.8000,1.2085826e-14,1.2085826e-14
2673.4000,1.2751770e-14,1.2751770e-14
2675.0000,1.2985101e-14,1.2985101e-14
2676.6000,1.3527080e-14,1.3527080e-14
2678.2000,1.3845291e-14,1.3845291e-14
2679.8000,1.4607284e-14,1.4607284e-14
2681.4000,1.5135162e-14,1.5135162e-14
2683.0000,1.6352892e-14,1.6352892e-14
2684.6000,1.7007030e-14,1.7007030e-14
2686.2000,1.7831616e-14,1.7831616e-14
2687.8000,1.8649610e-14,1.8649610e-14
2689.4000,1.9760628e-14,1.9760628e-14
2691.0000,2.0894603e-14,2.0894603e-14
2692.6000,2.2009452e-14,2.2009452e-14
2694.2000,2.3733688e-14,2.3733688e-14
2695.8000,2.3854573e-14,2.3854573e-14
2697.4000,2.5020864e-14,2.5020864e-14
2699.0000,2.6541883e-14,2.6541883e-14
2700.6000,2.7388530e-14,2.7388530e-14
2702.2000,2.8444390e-14,2.8444390e-14
2703.8000,2.8871458e-14,2.8871458e-14
2705.4000,3.0125339e-14,3.0125339e-14
2707.0000,3.0913181e-14,3.0913181e-14
2708.6000,3.1465705e-14,3.1465705e-14
2710.2000,3.2275897e-14,3.2275897e-14
2711.8000,3.2884976e-14,3.2884976e-14
2713.4000,3.4148374e-14,3.4148374e-14
2715.0000,3.4535142e-14,3.4535142e-14
2716.6000,3.4966746e-14,3.4966746e-14
2718.2000,3.5544039e-14,3.5544039e-14
2719.8000,3.5607006e-14,3.5607006e-14
2721.4000,3.6285639e-14,3.6285639e-14
2723.0000,3.7330280e-14,3.7330280e-14
2724.6000,3.7152892e-14,3.7152892e-14
2726.2000,3.8446952e-14,3.8446952e-14
2727.8000,3.8919566e-14,3.8919566e-14
2729.4000,3.9476036e-14,3.9476036e-14
2731.0000,3.9770321e-14,3.9770321e-14
2732.6000,3.9245714e-14,3.9245714e-14
2734.2000,3.8917479e-14,3.8917479e-14
2735.8000,3.8466766e-14,3.8466766e-14
2737.4000,3.9313121e-14,3.9313121e-14
2739.0000,4.0368452e-14,4.0368452e-14
2740.6000,4.0629757e-14,4.0629757e-14
2742.2000,4.0832857e-14,4.0832857e-14
2743.8000,4.0718617e-14,4.0718617e-14
2745.4000,4.0870155e-14,4.0870155e-14
2747.0000,4.1220499e-14,4.1220499e-14
2748.6000,4.1019121e-14,4.1019121e-14
2750.2000,4.2285449e-14,4.2285449e-14
2751.8000,4.2661014e-14,4.2661014e-14
2753.4000,4.3315115e-14,4.3315115e-14
2755.0000,4.4054490e-14,4.4054490e-14
2756.6000,4.4155043e-14,4.4155043e-14
2758.2000,4.5740287e-14,4.5740287e-14
2759.8000,4.5978812e-14,4.5978812e-14
2761.4000,4.5390672e-14,4.5390672e-14
2763.0000,4.5982035e-14,4.5982035e-14
2764.6000,4.6794744e-14,4.6794744e-14
2766.2000,4.7673366e-14,4.7673366e-14
2767.8000,4.7852438e-14,4.7852438e-14
2769.4000,4.8862243e-14,4.8862243e-14
2771.0000,4.9910806e-14,4.9910806e-14
2772.6000,5.0765279e-14,5.0765279e-14
2774.2000,5.0690479e-14,5.0690479e-14
2775.8000,5.0755181e-14,5.0755181e-14
2777.4000,5.0403269e-14,5.0403269e-14
2779.0000,5.1320250e-14,5.1320250e-14
2780.6000,5.3148926e-14,5.3148926e-14
2782.2000,5.2837313e-14,5.2837313e-14
2783.8000,5.4091091e-14,5.4091091e-14
2785.4000,5.6001223e-14,5.6001223e-14
2787.0000,5.7882007e-14,5.7882007e-14
2788.6000,5.8432176e-14,5.8432176e-14
2790.2000,5.7110560e-14,5.7110560e-14
2791.8000,5.8741550e-14,5.8741550e-14
2793.4000,5.8034585e-14,5.8034585e-14
2795.0000,5.7327145e-14,5.7327145e-14
2796.6000,5.6620180e-14,5.6620180e-14
2798.2000,5.5912740e-14,5.5912740e-14
2799.8000,5.5205775e-14,5.5205775e-14
2801.4000,5.4498336e-14,5.4498336e-14
2803.0000,5.3791371e-14,5.3791371e-14
2804.6000,5.3083931e-14,5.3083931e-14
2806.2000,5.2376966e-14,5.2376966e-14
2807.8000,5.1669527e-14,5.1669527e-14
2809.4000,5.0962562e-14,5.0962562e-14
2811.0000,5.3076724e-14,5.3076724e-14
2812.6000,5.6213822e-14,5.6213822e-14
2814.2000,5.5982104e-14,5.5982104e-14
2815.8000,5.5893505e-14,5.5893505e-14
2817.4000,5.5119835e-14,5.5119835e-14
2819.0000,5.4930019e-14,5.4930019e-14
2820.6000,5.5235194e-14,5.5235194e-14
2822.2000,5.3972264e-14,5.3972264e-14
2823.8000,5.2638600e-14,5.2638600e-14
2825.4000,5.2957194e-14,5.2957194e-14
2827.0000,5.3912831e-14,5.3912831e-14
2828.6000,5.4678037e-14,5.4678037e-14
2830.2000,5.4139862e-14,5.4139862e-14
2831.8000,5.2985836e-14,5.2985836e-14
2833.4000,5.3896064e-14,5.3896064e-14
2835.0000,5.4684000e-14,5.4684000e-14
2836.6000,5.4872325e-14,5.4872325e-14
2838.2000,5.5591745e-14,5.5591745e-14
2839.8000,5.6362730e-14,5.6362730e-14
2841.4000,5.6188007e-14,5.6188007e-14
2843.0000,5.8575049e-14,5.8575049e-14
2844.6000,5.7489790e-14,5.7489790e-14
2846.2000,5.7721438e-14,5.7721438e-14
2847.8000,5.7065611e-14,5.7065611e-14
2850.6000,5.8042037e-14,5.8042037e-14
2853.4000,5.9018463e-14,5.9018463e-14
2856.2000,5.9994890e-14,5.9994890e-14
2859.0000,6.0971316e-14,6.0971316e-14
2861.8000,6.2193997e-14,6.2193997e-14
2864.6000,6.4084240e-14,6.4084240e-14
2867.4000,6.4658537e-14,6.4658537e-14
2870.2000,6.5916329e-14,6.5916329e-14
2873.0000,6.7660583e-14,6.7660583e-14
2875.8000,6.9690649e-14,6.9690649e-14
2878.6000,7.2443127e-14,7.2443127e-14
2881.4000,7.5618920e-14,7.5618920e-14
2884.2000,7.8245649e-14,7.8245649e-14
2887.0000,8.1127426e-14,8.1127426e-14
2889.8000,8.6099298e-14,8.6099298e-14
2892.6000,9.1013565e-14,9.1013565e-14
2895.4000,9.2879208e-14,9.2879208e-14
2898.2000,9.6144784e-14,9.6144784e-14
2901.0000,9.8737415e-14,9.8737415e-14
2903.8000,1.0316459e-13,1.0316459e-13
2906.6000,1.0463804e-13,1.0463804e-13
2909.4000,1.0768689e-13,1.0768689e-13
2912.2000,1.0820414e-13,1.0820414e-13
2915.0000,1.1140108e-13,1.1140108e-13
2917.8000,1.1325254e-13,1.1325254e-13
2920.6000,1.1295935e-13,1.1295935e-13
2923.4000,1.1276317e-13,1.1276317e-13
2926.2000,1.1357724e-13,1.1357724e-13
2929.0000,1.1426724e-13,1.1426724e-13
2931.8000,1.1563214e-13,1.1563214e-13
2934.6000,1.1678081e-13,1.1678081e-13
2937.4000,1.1612537e-13,1.1612537e-13
2940.2000,1.1515644e-13,1.1515644e-13
2943.0000,1.1518636e-13,1.1518636e-13
2945.8000,1.1581042e-13,1.1581042e-13
2948.6000,1.1530867e-13,1.1530867e-13
2951.4000,1.1688021e-13,1.1688021e-13
2954.2000,1.1616065e-13,1.1616065e-13
2957.0000,1.1535336e-13,1.1535336e-13
2959.8000,1.1561417e-13,1.1561417e-13
2962.6000,1.1589381e-13,1.1589381e-13
2965.4000,1.1624260e-13,1.1624260e-13
2968.2000,1.1336269e-13,1.1336269e-13
2971.0000,1.1380162e-13,1.1380162e-13
2973.8000,1.1334343e-13,1.1334343e-13
2976.6000,1.1202575e-13,1.1202575e-13
2979.4000,1.1140672e-13,1.1140672e-13
2982.2000,1.1048324e-13,1.1048324e-13
2985.0000,1.0859226e-13,1.0859226e-13
2987.8000,1.0646658e-13,1.0646658e-13
2990.6000,1.0486419e-13,1.0486419e-13
2993.4000,1.0400415e-13,1.0400415e-13
2996.2000,1.0044946e-13,1.0044946e-13
2999.0000,9.8786796e-14,9.8786796e-14
3001.8000,9.5323970e-14,9.5323970e-14
3004.6000,9.5045347e-14,9.5045347e-14
3007.4000,9.4053227e-14,9.4053227e-14
3010.2000,9.2948736e-14,9.2948736e-14
3013.0000,9.2379976e-14,9.2379976e-14
3015.8000,9.1380084e-14,9.1380084e-14
3018.6000,9.1672327e-14,9.1672327e-14
3021.4000,9.0696249e-14,9.0696249e-14
3024.2000,9.1706745e-14,9.1706745e-14
3027.0000,9.2561620e-14,9.2561620e-14
3029.8000,9.0662624e-14,9.0662624e-14
3032.6000,9.3115042e-14,9.3115042e-14
3035.4000,9.4577725e-14,9.4577725e-14
3038.2000,9.3428370e-14,9.3428370e-14
3041.0000,9.3389263e-14,9.3389263e-14
3043.8000,9.3832734e-14,9.3832734e-14
3046.6000,9.3776502e-14,9.3776502e-14
3049.4000,9.2898792e-14,9.2898792e-14
3052.2000,9.2046193e-14,9.2046193e-14
3055.0000,9.1891744e-14,9.1891744e-14
3057.8000,9.0823264e-14,9.0823264e-14
3060.6000,9.1158737e-14,9.1158737e-14
3063.4000,9.1266497e-14,9.1266497e-14
3066.2000,9.0480200e-14,9.0480200e-14
3069.0000,8.8975645e-14,8.8975645e-14
3071.8000,8.9495638e-14,8.9495638e-14
3074.6000,8.9049402e-14,8.9049402e-14
3077.4000,8.9324513e-14,8.9324513e-14
3080.2000,9.0383962e-14,9.0383962e-14
3083.0000,8.9355445e-14,8.9355445e-14
3085.8000,8.7581942e-14,8.7581942e-14
3088.6000,8.9857017e-14,8.9857017e-14
3091.4000,8.9978780e-14,8.9978780e-14
3094.2000,8.9483419e-14,8.9483419e-14
3097.0000,8.9173229e-14,8.9173229e-14
3099.8000,8.9201111e-14,8.9201111e-14
3102.6000,9.1518018e-14,9.1518018e-14
3105.4000,9.2237728e-14,9.2237728e-14
3108.2000,9.1516727e-14,9.1516727e-14
3111.0000,9.3923639e-14,9.3923639e-14
3113.8000,9.7446926e-14,9.7446926e-14
3116.6000,9.8019482e-14,9.8019482e-14
3119.4000,9.8076563e-14,9.8076563e-14
3122.2000,9.6659960e-14,9.6659960e-14
3125.0000,1.0064564e-13,1.0064564e-13
3127.8000,9.8598057e-14,9.8598057e-14
3130.6000,1.0208577e-13,1.0208577e-13
3133.4000,1.0501431e-13,1.0501431e-13
3136.2000,1.0433372e-13,1.0433372e-13
3139.0000,1.0443717e-13,1.0443717e-13
3141.8000,1.0514604e-13,1.0514604e-13
3144.6000,1.0572148e-13,1.0572148e-13
3147.4000,1.0855143e-13,1.0855143e-13
3150.2000,1.1188802e-13,1.1188802e-13
3153.0000,1.1389310e-13,1.1389310e-13
3155.8000,1.1729638e-13,1.1729638e-13
3158.6000,1.2035136e-13,1.2035136e-13
3161.4000,1.1318646e-13,1.1318646e-13
3164.2000,1.0725085e-13,1.0725085e-13
3167.0000,1.2268749e-13,1.2268749e-13
3169.8000,1.2625610e-13,1.2625610e-13
3172.6000,1.2976469e-13,1.2976469e-13
3175.4000,1.3290787e-13,1.3290787e-13
3178.2000,1.3435683e-13,1.3435683e-13
3181.0000,1.3381527e-13,1.3381527e-13
3183.8000,1.3612898e-13,1.3612898e-13
3186.6000,1.3922358e-13,1.3922358e-13
3189.4000,1.4039537e-13,1.4039537e-13
3192.2000,1.3809579e-13,1.3809579e-13
3195.0000,1.3719605e-13,1.3719605e-13
3197.8000,1.3640564e-13,1.3640564e-13
3200.6000,1.3415735e-13,1.3415735e-13
3203.4000,1.3263881e-13,1.3263881e-13
3206.2000,1.3350765e-13,1.3350765e-13
3209.0000,1.3074029e-13,1.3074029e-13
3211.8000,1.2907482e-13,1.2907482e-13
3214.6000,1.2762269e-13,1.2762269e-13
3217.4000,1.2470200e-13,1.2470200e-13
3220.2000,1.2331189e-13,1.2331189e-13
3223.0000,1.2019718e-13,1.2019718e-13
3225.8000,1.2003394e-13,1.2003394e-13
3228.6000,1.1894088e-13,1.1894088e-13
3231.4000,1.1658270e-13,1.1658270e-13
3234.2000,1.1257275e-13,1.1257275e-13
3237.0000,1.1176561e-13,1.1176561e-13
3239.8000,1.1300354e-13,1.1300354e-13
3242.6000,1.1100016e-13,1.1100016e-13
3245.4000,1.0835083e-13,1.0835083e-13
3248.2000,1.0812430e-13,1.0812430e-13
3251.0000,1.0725079e-13,1.0725079e-13
3253.8000,1.0876998e-13,1.0876998e-13
3256.6000,1.0842614e-13,1.0842614e-13
3259.4000,1.0692460e-13,1.0692460e-13
3262.2000,1.0806877e-13,1.0806877e-13
3265.0000,1.0400168e-13,1.0400168e-13
3267.8000,1.0412021e-13,1.0412021e-13
3270.6000,1.0749408e-13,1.0749408e-13
3273.4000,1.0548686e-13,1.0548686e-13
3276.2000,1.0810234e-13,1.0810234e-13
3279.0000,1.0467622e-13,1.0467622e-13
3281.8000,1.0376930e-13,1.0376930e-13
3284.6000,1.0302763e-13,1.0302763e-13
3287.4000,1.0552674e-13,1.0552674e-13
3290.2000,1.0609950e-13,1.0609950e-13
3293.0000,1.0527043e-13,1.0527043e-13
3295.8000,1.0476762e-13,1.0476762e-13
3298.6000,1.0594128e-13,1.0594128e-13
3301.4000,1.0426791e-13,1.0426791e-13
3304.2000,1.0817209e-13,1.0817209e-13
3307.0000,1.0749812e-13,1.0749812e-13
3309.8000,1.0645522e-13,1.0645522e-13
3312.6000,1.0866720e-13,1.0866720e-13
3315.4000,1.1058488e-13,1.1058488e-13
3318.2000,1.1283717e-13,1.1283717e-13
3321.0000,1.1484096e-13,1.1484096e-13
3323.8000,1.1389155e-13,1.1389155e-13
3326.6000,1.1450805e-13,1.1450805e-13
3329.4000,1.1592061e-13,1.1592061e-13
3332.2000,1.1778887e-13,1.1778887e-13
3335.0000,1.1901406e-13,1.1901406e-13
3337.8000,1.1762557e-13,1.1762557e-13
3340.6000,1.1944824e-13,1.1944824e-13
3343.4000,1.1998775e-13,1.1998775e-13
3346.2000,1.2050654e-13,1.2050654e-13
3349.0000,1.2210050e-13,1.2210050e-13
3351.8000,1.2268053e-13,1.2268053e-13
3354.6000,1.2218914e-13,1.2218914e-13
3357.4000,1.2054959e-13,1.2054959e-13
3360.2000,1.2077748e-13,1.2077748e-13
3363.0000,1.2169764e-13,1.2169764e-13
3365.8000,1.2145106e-13,1.2145106e-13
3368.6000,1.2184453e-13,1.2184453e-13
3371.4000,1.2296704e-13,1.2296704e-13
3374.2000,1.2315157e-13,1.2315157e-13
3377.0000,1.2523885e-13,1.2523885e-13
3379.8000,1.2556563e-13,1.2556563e-13
3382.6000,1.2766186e-13,1.2766186e-13
3385.4000,1.2916011e-13,1.2916011e-13
3388.2000,1.2940692e-13,1.2940692e-13
3391.0000,1.3413768e-13,1.3413768e-13
3393.8000,1.4112569e-13,1.4112569e-13
3396.6000,1.4363007e-13,1.4363007e-13
3399.4000,1.4665998e-13,1.4665998e-13
3402.2000,1.4797819e-13,1.4797819e-13
3405.0000,1.5089815e-13,1.5089815e-13
3407.8000,1.5134432e-13,1.5134432e-13
3410.6000,1.5111546e-13,1.5111546e-13
3413.4000,1.5288816e-13,1.5288816e-13
3416.2000,1.5461566e-13,1.5461566e-13
3419.0000,1.5574766e-13,1.5574766e-13
3421.8000,1.5359070e-13,1.5359070e-13
3424.6000,1.5552449e-13,1.5552449e-13
3427.4000,1.6111361e-13,1.6111361e-13
3430.2000,1.6170546e-13,1.6170546e-13
3433.0000,1.5842127e-13,1.5842127e-13
3435.8000,1.5898473e-13,1.5898473e-13
3438.6000,1.5807611e-13,1.5807611e-13
3441.4000,1.5878647e-13,1.5878647e-13
3444.2000,1.6028442e-13,1.6028442e-13
3447.0000,1.6416850e-13,1.6416850e-13
3449.8000,1.6720809e-13,1.6720809e-13
3452.6000,1.6962447e-13,1.6962447e-13
3455.4000,1.7135221e-13,1.7135221e-13
3458.2000,1.7028021e-13,1.7028021e-13
3461.0000,1.7461837e-13,1.7461837e-13
3463.8000,1.7306345e-13,1.7306345e-13
3466.6000,1.7412915e-13,1.7412915e-13
3469.4000,1.7393950e-13,1.7393950e-13
3472.2000,1.7188711e-13,1.7188711e-13
3475.0000,1.7241268e-13,1.7241268e-13
3477.8000,1.7289061e-13,1.7289061e-13
3480.6000,1.7563981e-13,1.7563981e-13
3483.4000,1.7630556e-13,1.7630556e-13
3486.2000,1.7816055e-13,1.7816055e-13
3489.0000,1.8130659e-13,1.8130659e-13
3491.8000,1.8261502e-13,1.8261502e-13
3494.6000,1.8722555e-13,1.8722555e-13
3497.4000,1.9566833e-13,1.9566833e-13
3500.2000,2.0172591e-13,2.0172591e-13
3503.0000,2.0518285e-13,2.0518285e-13
3505.8000,2.1473315e-13,2.1473315e-13
3508.6000,2.2251220e-13,2.2251220e-13
3511.4000,2.3082420e-13,2.3082420e-13
3514.2000,2.3974871e-13,2.3974871e-13
3517.0000,2.4636295e-13,2.4636295e-13
3519.8000,2.5320887e-13,2.5320887e-13
3522.6000,2.6123888e-13,2.6123888e-13
3525.4000,2.6632366e-13,2.6632366e-13
3528.2000,2.7138456e-13,2.7138456e-13
3531.0000,2.7332222e-13,2.7332222e-13
3533.8000,2.7862168e-13,2.7862168e-13
3536.6000,2.8558151e-13,2.8558151e-13
3539.4000,2.8931510e-13,2.8931510e-13
3542.2000,2.9484402e-13,2.9484402e-13
3545.0000,3.0514884e-13,3.0514884e-13
3547.8000,3.1410044e-13,3.1410044e-13
3550.6000,3.1470466e-13,3.1470466e-13
3553.4000,3.1759576e-13,3.1759576e-13
3556.2000,3.2096658e-13,3.2096658e-13
3559.0000,3.2488017e-13,3.2488017e-13
3561.8000,3.1990588e-13,3.1990588e-13
3564.6000,3.2455069e-13,3.2455069e-13
3567.4000,3.2678804e-13,3.2678804e-13
3570.2000,3.2766871e-13,3.2766871e-13
3573.0000,3.3043260e-13,3.3043260e-13
3575.8000,3.3647614e-13,3.3647614e-13
3578.6000,3.4264251e-13,3.4264251e-13
3581.4000,3.5199119e-13,3.5199119e-13
3584.2000,3.5536573e-13,3.5536573e-13
3587.0000,3.5528049e-13,3.5528049e-13
3589.8000,3.5849679e-13,3.5849679e-13
3592.6000,3.5823432e-13,3.5823432e-13
3595.4000,3.5927680e-13,3.5927680e-13
3598.2000,3.5026088e-13,3.5026088e-13
3601.0000,3.4806700e-13,3.4806700e-13
3603.8000,3.4448584e-13,3.4448584e-13
3606.6000,3.3651988e-13,3.3651988e-13
3609.4000,3.3157604e-13,3.3157604e-13
3612.2000,3.2439888e-13,3.2439888e-13
3615.0000,3.2108747e-13,3.2108747e-13
3617.8000,3.1691821e-13,3.1691821e-13
3620.6000,3.1341511e-13,3.1341511e-13
3623.4000,3.1476714e-13,3.1476714e-13
3626.2000,3.1187824e-13,3.1187824e-13
3629.0000,3.1532808e-13,3.1532808e-13
3631.8000,3.1328275e-13,3.1328275e-13
3634.6000,3.1356982e-13,3.1356982e-13
3637.4000,3.1627964e-13,3.1627964e-13
3640.2000,3.2208573e-13,3.2208573e-13
3643.0000,3.2956471e-13,3.2956471e-13
3645.8000,3.3661390e-13,3.3661390e-13
3648.6000,3.4435619e-13,3.4435619e-13
3651.4000,3.5286711e-13,3.5286711e-13
3654.2000,3.6520611e-13,3.6520611e-13
3657.0000,3.7922335e-13,3.7922335e-13
3659.8000,3.9218279e-13,3.9218279e-13
3662.6000,4.0731666e-13,4.0731666e-13
3665.4000,4.2379681e-13,4.2379681e-13
3668.2000,4.3578640e-13,4.3578640e-13
3671.0000,4.4859356e-13,4.4859356e-13
3673.8000,4.6548612e-13,4.6548612e-13
3676.6000,4.8004099e-13,4.8004099e-13
3679.4000,4.9231390e-13,4.9231390e-13
3682.2000,5.0272948e-13,5.0272948e-13
3685.0000,5.0940656e-13,5.0940656e-13
3687.8000,5.0624940e-13,5.0624940e-13
3690.6000,5.0384370e-13,5.0384370e-13
3693.4000,5.0337037e-13,5.0337037e-13
3696.2000,4.9386535e-13,4.9386535e-13
3699.0000,4.7710612e-13,4.7710612e-13
3701.8000,4.5958680e-13,4.5958680e-13
3704.6000,4.4062573e-13,4.4062573e-13
3707.4000,4.2581291e-13,4.2581291e-13
3710.2000,4.1189847e-13,4.1189847e-13
3713.0000,4.0178791e-13,4.0178791e-13
3715.8000,3.8031483e-13,3.8031483e-13
3718.6000,3.7869118e-13,3.7869118e-13
3721.4000,3.7228664e-13,3.7228664e-13
3724.2000,3.5921789e-13,3.5921789e-13
3727.0000,3.5090115e-13,3.5090115e-13
3729.8000,3.3960984e-13,3.3960984e-13
3732.6000,3.3197875e-13,3.3197875e-13
3735.4000,3.3007528e-13,3.3007528e-13
3738.2000,3.2636019e-13,3.2636019e-13
3741.0000,3.2272897e-13,3.2272897e-13
3743.8000,3.2106481e-13,3.2106481e-13
3746.6000,3.2137224e-13,3.2137224e-13
3749.4000,3.1802255e-13,3.1802255e-13
3752.2000,3.1711010e-13,3.1711010e-13
3755.0000,3.1386169e-13,3.1386169e-13
3757.8000,3.1107583e-13,3.1107583e-13
3760.6000,3.0771346e-13,3.0771346e-13
3763.4000,3.0125132e-13,3.0125132e-13
3766.2000,2.9552973e-13,2.9552973e-13
3769.0000,2.8984430e-13,2.8984430e-13
3771.8000,2.8328761e-13,2.8328761e-13
3774.6000,2.7784379e-13,2.7784379e-13
3777.4000,2.7222585e-13,2.7222585e-13
3780.2000,2.6517072e-13,2.6517072e-13
3783.0000,2.6164465e-13,2.6164465e-13
3785.8000,2.5944294e-13,2.5944294e-13
3788.6000,2.5365224e-13,2.5365224e-13
3791.4000,2.4860501e-13,2.4860501e-13
3794.2000,2.4495962e-13,2.4495962e-13
3797.0000,2.4096588e-13,2.4096588e-13
3799.8000,2.4053281e-13,2.4053281e-13
3802.6000,2.4001800e-13,2.4001800e-13
3805.4000,2.3860780e-13,2.3860780e-13
3808.2000,2.3715830e-13,2.3715830e-13
3811.0000,2.3790587e-13,2.3790587e-13
3813.8000,2.3836377e-13,2.3836377e-13
3816.6000,2.4121537e-13,2.4121537e-13
3819.4000,2.4415699e-13,2.4415699e-13
3822.2000,2.4768185e-13,2.4768185e-13
3825.0000,2.5220990e-13,2.5220990e-13
3827.8000,2.5799158e-13,2.5799158e-13
3830.6000,2.6123976e-13,2.6123976e-13
3833.4000,2.6413072e-13,2.6413072e-13
3836.2000,2.7401871e-13,2.7401871e-13
3839.0000,2.8021567e-13,2.8021567e-13
3841.8000,2.9167654e-13,2.9167654e-13
3844.6000,2.9901402e-13,2.9901402e-13
3847.4000,3.0559975e-13,3.0559975e-13
3850.2000,3.2037826e-13,3.2037826e-13
3853.0000,3.3092297e-13,3.3092297e-13
3855.8000,3.4189685e-13,3.4189685e-13
3858.6000,3.5689606e-13,3.5689606e-13
3861.4000,3.6363034e-13,3.6363034e-13
3864.2000,3.7979788e-13,3.7979788e-13
3867.0000,3.9211107e-13,3.9211107e-13
3869.8000,4.0372331e-13,4.0372331e-13
3872.6000,4.2020836e-13,4.2020836e-13
3875.4000,4.3584406e-13,4.3584406e-13
3878.2000,4.5482853e-13,4.5482853e-13
3881.0000,4.7325154e-13,4.7325154e-13
3883.8000,4.8739579e-13,4.8739579e-13
3886.6000,5.0772565e-13,5.0772565e-13
3889.4000,5.2243182e-13,5.2243182e-13
3892.2000,5.3979881e-13,5.3979881e-13
3895.0000,5.5583251e-13,5.5583251e-13
3897.8000,5.6861120e-13,5.6861120e-13
3900.6000,5.7930894e-13,5.7930894e-13
3903.4000,5.9226486e-13,5.9226486e-13
3906.2000,5.9972185e-13,5.9972185e-13
3909.0000,6.0814963e-13,6.0814963e-13
3911.8000,6.1766633e-13,6.1766633e-13
3914.6000,6.2167280e-13,6.2167280e-13
3917.4000,6.2728872e-13,6.2728872e-13
3920.2000,6.2944522e-13,6.2944522e-13
3923.0000,6.3637730e-13,6.3637730e-13
3925.8000,6.4058681e-13,6.4058681e-13
3928.6000,6.4275796e-13,6.4275796e-13
3931.4000,6.4731456e-13,6.4731456e-13
3934.2000,6.4267910e-13,6.4267910e-13
3937.0000,6.3380334e-13,6.3380334e-13
3939.8000,6.3688530e-13,6.3688530e-13
3942.6000,6.5289602e-13,6.5289602e-13
3945.4000,6.6242848e-13,6.6242848e-13
3948.2000,6.6912714e-13,6.6912714e-13
3951.0000,6.7477035e-13,6.7477035e-13
3953.8000,6.7565968e-13,6.7565968e-13
3956.6000,6.7531760e-13,6.7531760e-13
3959.4000,6.6894101e-13,6.6894101e-13
3962.2000,6.6483784e-13,6.6483784e-13
3965.0000,6.6155088e-13,6.6155088e-13
3967.8000,6.5169297e-13,6.5169297e-13
3970.6000,6.4153038e-13,6.4153038e-13
3973.4000,6.2778205e-13,6.2778205e-13
3976.2000,6.1581244e-13,6.1581244e-13
3979.0000,6.0816948e-13,6.0816948e-13
3981.8000,6.0108423e-13,6.0108423e-13
3984.6000,5.8552631e-13,5.8552631e-13
3987.4000,5.7412481e-13,5.7412481e-13
3990.2000,5.5546152e-13,5.5546152e-13
3993.0000,5.3638130e-13,5.3638130e-13
3995.8000,5.2116300e-13,5.2116300e-13
3998.6000,5.0462339e-13,5.0462339e-13
4001.4000,4.9397544e-13,4.9397544e-13
4004.2000,4.7988172e-13,4.7988172e-13
4007.0000,4.7028785e-13,4.7028785e-13
4009.8000,4.5612973e-13,4.5612973e-13
4012.6000,4.4783109e-13,4.4783109e-13
4015.4000,4.3995595e-13,4.3995595e-13
4018.2000,4.3512954e-13,4.3512954e-13
4021.0000,4.3278982e-13,4.3278982e-13
4023.8000,4.3299823e-13,4.3299823e-13
4026.6000,4.3450631e-13,4.3450631e-13
4029.4000,4.3515652e-13,4.3515652e-13
4032.2000,4.3679576e-13,4.3679576e-13
4035.0000,4.3927561e-13,4.3927561e-13
4037.8000,4.4745852e-13,4.4745852e-13
4040.6000,4.5417276e-13,4.5417276e-13
4043.4000,4.5693647e-13,4.5693647e-13
4046.2000,4.6450624e-13,4.6450624e-13
4049.0000,4.6680370e-13,4.6680370e-13
4051.8000,4.6714720e-13,4.6714720e-13
4054.6000,4.7220222e-13,4.7220222e-13
4057.4000,4.7818306e-13,4.7818306e-13
4060.2000,4.8233009e-13,4.8233009e-13
4063.0000,4.8442723e-13,4.8442723e-13
4065.8000,4.8708923e-13,4.8708923e-13
4068.6000,4.8779009e-13,4.8779009e-13
4071.4000,4.8681133e-13,4.8681133e-13
4074.2000,4.8707335e-13,4.8707335e-13
4077.0000,4.8698927e-13,4.8698927e-13
4079.8000,4.9447379e-13,4.9447379e-13
4082.6000,4.9614639e-13,4.9614639e-13
4085.4000,4.9760289e-13,4.9760289e-13
4088.2000,4.9914501e-13,4.9914501e-13
4091.0000,5.0173325e-13,5.0173325e-13
4093.8000,5.0043747e-13,5.0043747e-13
4096.6000,4.9777797e-13,4.9777797e-13
4099.4000,4.9586784e-13,4.9586784e-13
4102.2000,4.9272958e-13,4.9272958e-13
4105.0000,4.9207520e-13,4.9207520e-13
4107.8000,4.9320770e-13,4.9320770e-13
4110.6000,4.9060281e-13,4.9060281e-13
4113.4000,4.8426688e-13,4.8426688e-13
4116.2000,4.8329970e-13,4.8329970e-13
4119.0000,4.8648501e-13,4.8648501e-13
4121.8000,4.8398965e-13,4.8398965e-13
4124.6000,4.8315577e-13,4.8315577e-13
4127.4000,4.8127440e-13,4.8127440e-13
4130.2000,4.7874288e-13,4.7874288e-13
4133.0000,4.7789614e-13,4.7789614e-13
4135.8000,4.8350224e-13,4.8350224e-13
4138.6000,4.8674881e-13,4.8674881e-13
4141.4000,4.8747236e-13,4.8747236e-13
4144.2000,4.9297206e-13,4.9297206e-13
4147.0000,4.9417665e-13,4.9417665e-13
4149.8000,4.9750902e-13,4.9750902e-13
4152.6000,5.0334557e-13,5.0334557e-13
4155.4000,5.0650871e-13,5.0650871e-13
4158.2000,5.1248352e-13,5.1248352e-13
4161.0000,5.1530267e-13,5.1530267e-13
4163.8000,5.2022677e-13,5.2022677e-13
4166.6000,5.2070826e-13,5.2070826e-13
4169.4000,5.2196819e-13,5.2196819e-13
4172.2000,5.2534360e-13,5.2534360e-13
4175.0000,5.2673238e-13,5.2673238e-13
4177.8000,5.2376517e-13,5.2376517e-13
4180.6000,5.2781647e-13,5.2781647e-13
4183.4000,5.2594759e-13,5.2594759e-13
4186.2000,5.2909552e-13,5.2909552e-13
4189.0000,5.3088679e-13,5.3088679e-13
4191.8000,5.3024553e-13,5.3024553e-13
4194.6000,5.3502396e-13,5.3502396e-13
4197.4000,5.4030507e-13,5.4030507e-13
4200.2000,5.4069240e-13,5.4069240e-13
4203.0000,5.3917446e-13,5.3917446e-13
4205.8000,5.3662966e-13,5.3662966e-13
4208.6000,5.3675586e-13,5.3675586e-13
4211.4000,5.3328561e-13,5.3328561e-13
4214.2000,5.2727552e-13,5.2727552e-13
4217.0000,5.2304860e-13,5.2304860e-13
4219.8000,5.1823787e-13,5.1823787e-13
4222.6000,5.1875554e-13,5.1875554e-13
4225.4000,5.1370430e-13,5.1370430e-13
4228.2000,5.1188153e-13,5.1188153e-13
4231.0000,5.0909999e-13,5.0909999e-13
4233.8000,5.0410985e-13,5.0410985e-13
4236.6000,5.0084882e-13,5.0084882e-13
4239.4000,4.9520913e-13,4.9520913e-13
4242.2000,4.8924337e-13,4.8924337e-13
4245.0000,4.8509717e-13,4.8509717e-13
4247.8000,4.8123883e-13,4.8123883e-13
4250.6000,4.7542854e-13,4.7542854e-13
4253.4000,4.7402295e-13,4.7402295e-13
4256.2000,4.7224828e-13,4.7224828e-13
4259.0000,4.7118883e-13,4.7118883e-13
4261.8000,4.6847527e-13,4.6847527e-13
4264.6000,4.6571852e-13,4.6571852e-13
4267.4000,4.6405987e-13,4.6405987e-13
4270.2000,4.6158618e-13,4.6158618e-13
4273.0000,4.5968766e-13,4.5968766e-13
4275.8000,4.5695002e-13,4.5695002e-13
4278.6000,4.5574794e-13,4.5574794e-13
4281.4000,4.5602752e-13,4.5602752e-13
4284.2000,4.5506358e-13,4.5506358e-13
4287.0000,4.5160949e-13,4.5160949e-13
4289.8000,4.5241010e-13,4.5241010e-13
4292.6000,4.4722007e-13,4.4722007e-13
4295.4000,4.4534746e-13,4.4534746e-13
4298.2000,4.4036988e-13,4.4036988e-13
4301.0000,4.3581190e-13,4.3581190e-13
4303.8000,4.3067441e-13,4.3067441e-13
4306.6000,4.2333448e-13,4.2333448e-13
4309.4000,4.1964073e-13,4.1964073e-13
4312.2000,4.1383163e-13,4.1383163e-13
4315.0000,4.0579644e-13,4.0579644e-13
4317.8000,3.9861739e-13,3.9861739e-13
4320.6000,3.9522108e-13,3.9522108e-13
4323.4000,3.8881671e-13,3.8881671e-13
4326.2000,3.8195877e-13,3.8195877e-13
4329.0000,3.7135437e-13,3.7135437e-13
4331.8000,3.6475218e-13,3.6475218e-13
4334.6000,3.6052925e-13,3.6052925e-13
4337.4000,3.5606692e-13,3.5606692e-13
4340.2000,3.5540213e-13,3.5540213e-13
4343.0000,3.5209706e-13,3.5209706e-13
4345.8000,3.4745138e-13,3.4745138e-13
4348.6000,3.4405938e-13,3.4405938e-13
4351.4000,3.4120143e-13,3.4120143e-13
4354.2000,3.3731328e-13,3.3731328e-13
4357.0000,3.3459712e-13,3.3459712e-13
4359.8000,3.3355873e-13,3.3355873e-13
4362.6000,3.2793113e-13,3.2793113e-13
4365.4000,3.2504581e-13,3.2504581e-13
4368.2000,3.2266244e-13,3.2266244e-13
4371.0000,3.1544689e-13,3.1544689e-13
4373.8000,3.0923297e-13,3.0923297e-13
4376.6000,3.0347209e-13,3.0347209e-13
4379.4000,2.9929242e-13,2.9929242e-13
4382.2000,2.9636156e-13,2.9636156e-13
4385.0000,2.9328368e-13,2.9328368e-13
4387.8000,2.8974787e-13,2.8974787e-13
4390.6000,2.8540052e-13,2.8540052e-13
4393.4000,2.8035520e-13,2.8035520e-13
4396.2000,2.8015714e-13,2.8015714e-13
4399.0000,2.7855380e-13,2.7855380e-13
4401.8000,2.7770093e-13,2.7770093e-13
4404.6000,2.7677337e-13,2.7677337e-13
4407.4000,2.7253592e-13,2.7253592e-13
4410.2000,2.7225918e-13,2.7225918e-13
4413.0000,2.7390308e-13,2.7390308e-13
4415.8000,2.7617536e-13,2.7617536e-13
4418.6000,2.7891956e-13,2.7891956e-13
4421.4000,2.8147787e-13,2.8147787e-13
4424.2000,2.8484902e-13,2.8484902e-13
4427.0000,2.8723052e-13,2.8723052e-13
4429.8000,2.9032078e-13,2.9032078e-13
4432.6000,2.9515511e-13,2.9515511e-13
4435.4000,2.9859325e-13,2.9859325e-13
4438.2000,3.0375045e-13,3.0375045e-13
4441.0000,3.0659995e-13,3.0659995e-13
4443.8000,3.1015981e-13,3.1015981e-13
4446.6000,3.1438735e-13,3.1438735e-13
4449.4000,3.2569671e-13,3.2569671e-13
4452.2000,3.3212248e-13,3.3212248e-13
4455.0000,3.3546379e-13,3.3546379e-13
4457.8000,3.4566448e-13,3.4566448e-13
4460.6000,3.5380122e-13,3.5380122e-13
4463.4000,3.6167022e-13,3.6167022e-13
4466.2000,3.6855511e-13,3.6855511e-13
4469.0000,3.7492845e-13,3.7492845e-13
4471.8000,3.8307860e-13,3.8307860e-13
4474.6000,3.8522596e-13,3.8522596e-13
4477.4000,3.8956150e-13,3.8956150e-13
4480.2000,3.9960413e-13,3.9960413e-13
4483.0000,4.0212771e-13,4.0212771e-13
4485.8000,4.0641277e-13,4.0641277e-13
4488.6000,4.1268622e-13,4.1268622e-13
4491.4000,4.1766758e-13,4.1766758e-13
4494.2000,4.2292056e-13,4.2292056e-13
4497.0000,4.2793035e-13,4.2793035e-13
4499.8000,4.3453915e-13,4.3453915e-13
4502.6000,4.4267253e-13,4.4267253e-13
4505.4000,4.4829657e-13,4.4829657e-13
4508.2000,4.5706223e-13,4.5706223e-13
4511.0000,4.6467833e-13,4.6467833e-13
4513.8000,4.7559217e-13,4.7559217e-13
4516.6000,4.8334008e-13,4.8334008e-13
4519.4000,4.8925063e-13,4.8925063e-13
4522.2000,4.9731707e-13,4.9731707e-13
4525.0000,5.0544162e-13,5.0544162e-13
4527.8000,5.1182665e-13,5.1182665e-13
4530.6000,5.1710518e-13,5.1710518e-13
4533.4000,5.1879635e-13,5.1879635e-13
4536.2000,5.2250279e-13,5.2250279e-13
4539.0000,5.2954632e-13,5.2954632e-13
4541.8000,5.4008422e-13,5.4008422e-13
4544.6000,5.4875295e-13,5.4875295e-13
4547.4000,5.5167064e-13,5.5167064e-13
4550.2000,5.5861173e-13,5.5861173e-13
4553.0000,5.6632182e-13,5.6632182e-13
4555.8000,5.7051627e-13,5.7051627e-13
4558.6000,5.7521281e-13,5.7521281e-13
4561.4000,5.7886438e-13,5.7886438e-13
4564.2000,5.7818925e-13,5.7818925e-13
4567.0000,5.7821596e-13,5.7821596e-13
4569.8000,5.8204815e-13,5.8204815e-13
4572.6000,5.8209235e-13,5.8209235e-13
4575.4000,5.8005794e-13,5.8005794e-13
4578.2000,5.7749652e-13,5.7749652e-13
4581.0000,5.7681017e-13,5.7681017e-13
4583.8000,5.7647801e-13,5.7647801e-13
4586.6000,5.7269032e-13,5.7269032e-13
4589.4000,5.7415658e-13,5.7415658e-13
4592.2000,5.7675026e-13,5.7675026e-13
4595.0000,5.7985787e-13,5.7985787e-13
4597.8000,5.8113489e-13,5.8113489e-13
4600.6000,5.8514724e-13,5.8514724e-13
4603.4000,5.8680082e-13,5.8680082e-13
4606.2000,5.9184348e-13,5.9184348e-13
4609.0000,5.9286791e-13,5.9286791e-13
4611.8000,5.9317461e-13,5.9317461e-13
4614.6000,5.9354977e-13,5.9354977e-13
4617.4000,5.9545580e-13,5.9545580e-13
4620.2000,5.9248562e-13,5.9248562e-13
4623.0000,5.8987317e-13,5.8987317e-13
4625.8000,5.9242130e-13,5.9242130e-13
4628.6000,5.8517231e-13,5.8517231e-13
4631.4000,5.8269643e-13,5.8269643e-13
4634.2000,5.7635433e-13,5.7635433e-13
4637.0000,5.6713833e-13,5.6713833e-13
4639.8000,5.6104184e-13,5.6104184e-13
4642.6000,5.5130993e-13,5.5130993e-13
4645.4000,5.4437785e-13,5.4437785e-13
4648.2000,5.3451560e-13,5.3451560e-13
4651.0000,5.2511837e-13,5.2511837e-13
4653.8000,5.1553718e-13,5.1553718e-13
4656.6000,5.0694003e-13,5.0694003e-13
4659.4000,4.9884291e-13,4.9884291e-13
4662.2000,4.8821088e-13,4.8821088e-13
4665.0000,4.7484675e-13,4.7484675e-13
4667.8000,4.6509137e-13,4.6509137e-13
4670.6000,4.5546736e-13,4.5546736e-13
4673.4000,4.4240537e-13,4.4240537e-13
4676.2000,4.3290532e-13,4.3290532e-13
4679.0000,4.2518956e-13,4.2518956e-13
4681.8000,4.1761558e-13,4.1761558e-13
4684.6000,4.1209007e-13,4.1209007e-13
4687.4000,4.0459055e-13,4.0459055e-13
4690.2000,4.0024244e-13,4.0024244e-13
4693.0000,4.0142217e-13,4.0142217e-13
4695.8000,4.0392992e-13,4.0392992e-13
4698.6000,4.0317122e-13,4.0317122e-13
4701.4000,4.0422886e-13,4.0422886e-13
4704.2000,4.0537995e-13,4.0537995e-13
4707.0000,4.0278626e-13,4.0278626e-13
4709.8000,3.9515829e-13,3.9515829e-13
4712.6000,3.9059810e-13,3.9059810e-13
4715.4000,3.8453294e-13,3.8453294e-13
4718.2000,3.7711908e-13,3.7711908e-13
4721.0000,3.6927366e-13,3.6927366e-13
4723.8000,3.5711428e-13,3.5711428e-13
4726.6000,3.4309970e-13,3.4309970e-13
4729.4000,3.3781679e-13,3.3781679e-13
4732.2000,3.2901154e-13,3.2901154e-13
4735.0000,3.2066830e-13,3.2066830e-13
4737.8000,3.1284877e-13,3.1284877e-13
4740.6000,3.0429238e-13,3.0429238e-13
4743.4000,2.9927863e-13,2.9927863e-13
4746.2000,2.9352836e-13,2.9352836e-13
4749.0000,2.8893979e-13,2.8893979e-13
4751.8000,2.8479604e-13,2.8479604e-13
4754.6000,2.8221123e-13,2.8221123e-13
4757.4000,2.8190350e-13,2.8190350e-13
4760.2000,2.7795825e-13,2.7795825e-13
4763.0000,2.7753160e-13,2.7753160e-13
4765.8000,2.7608144e-13,2.7608144e-13
4768.6000,2.7446912e-13,2.7446912e-13
4771.4000,2.7336438e-13,2.7336438e-13
4774.2000,2.7424446e-13,2.7424446e-13
4777.0000,2.7428792e-13,2.7428792e-13
4779.8000,2.7471262e-13,2.7471262e-13
4782.6000,2.7561533e-13,2.7561533e-13
4785.4000,2.7608759e-13,2.7608759e-13
4788.2000,2.7837116e-13,2.7837116e-13
4791.0000,2.8300135e-13,2.8300135e-13
4793.8000,2.8663491e-13,2.8663491e-13
4796.6000,2.9076824e-13,2.9076824e-13
4799.4000,2.9273311e-13,2.9273311e-13
4802.2000,2.9423121e-13,2.9423121e-13
4805.0000,2.9472203e-13,2.9472203e-13
4807.8000,2.9661468e-13,2.9661468e-13
4810.6000,2.9669277e-13,2.9669277e-13
4813.4000,2.9716922e-13,2.9716922e-13
4816.2000,2.9524462e-13,2.9524462e-13
4819.0000,2.9041258e-13,2.9041258e-13
4821.8000,2.8501098e-13,2.8501098e-13
4824.6000,2.7964684e-13,2.7964684e-13
4827.4000,2.7542540e-13,2.7542540e-13
4830.2000,2.7249637e-13,2.7249637e-13
4833.0000,2.7094927e-13,2.7094927e-13
4835.8000,2.6963992e-13,2.6963992e-13
4838.6000,2.6696079e-13,2.6696079e-13
4841.4000,2.6337179e-13,2.6337179e-13
4844.2000,2.6246229e-13,2.6246229e-13
4847.0000,2.6198054e-13,2.6198054e-13
4849.8000,2.5996798e-13,2.5996798e-13
4852.6000,2.5832506e-13,2.5832506e-13
4855.4000,2.5562476e-13,2.5562476e-13
4858.2000,2.5381970e-13,2.5381970e-13
4861.0000,2.5153889e-13,2.5153889e-13
4863.8000,2.5033522e-13,2.5033522e-13
4866.6000,2.4847138e-13,2.4847138e-13
4869.4000,2.4853082e-13,2.4853082e-13
4872.2000,2.4931045e-13,2.4931045e-13
4875.0000,2.4942750e-13,2.4942750e-13
4877.8000,2.4823664e-13,2.4823664e-13
4880.6000,2.5145385e-13,2.5145385e-13
4883.4000,2.5487771e-13,2.5487771e-13
4886.2000,2.5579501e-13,2.5579501e-13
4889.0000,2.5504705e-13,2.5504705e-13
4891.8000,2.6008035e-13,2.6008035e-13
4894.6000,2.6367120e-13,2.6367120e-13
4897.4000,2.6886461e-13,2.6886461e-13
4900.2000,2.7357203e-13,2.7357203e-13
4903.0000,2.7950376e-13,2.7950376e-13
4905.8000,2.8759441e-13,2.8759441e-13
4908.6000,2.9519260e-13,2.9519260e-13
4911.4000,3.0463201e-13,3.0463201e-13
4914.2000,3.1239660e-13,3.1239660e-13
4917.0000,3.1881719e-13,3.1881719e-13
4919.8000,3.2887495e-13,3.2887495e-13
4922.6000,3.3623723e-13,3.3623723e-13
4925.4000,3.4646016e-13,3.4646016e-13
4928.2000,3.5377786e-13,3.5377786e-13
4931.0000,3.5992778e-13,3.5992778e-13
4933.8000,3.6635639e-13,3.6635639e-13
4936.6000,3.6825650e-13,3.6825650e-13
4939.4000,3.6917974e-13,3.6917974e-13
4942.2000,3.6786572e-13,3.6786572e-13
4945.0000,3.6590322e-13,3.6590322e-13
4947.8000,3.5926144e-13,3.5926144e-13
4950.6000,3.5357666e-13,3.5357666e-13
4953.4000,3.4753521e-13,3.4753521e-13
4956.2000,3.4113056e-13,3.4113056e-13
4959.0000,3.3380266e-13,3.3380266e-13
4961.8000,3.2627662e-13,3.2627662e-13
4964.6000,3.1845692e-13,3.1845692e-13
4967.4000,3.1317043e-13,3.1317043e-13
4970.2000,3.0636699e-13,3.0636699e-13
4973.0000,3.0158965e-13,3.0158965e-13
4975.8000,2.9805263e-13,2.9805263e-13
4978.6000,2.9402493e-13,2.9402493e-13
4981.4000,2.9146348e-13,2.9146348e-13
4984.2000,2.8804322e-13,2.8804322e-13
4987.0000,2.8381681e-13,2.8381681e-13
4989.8000,2.8002997e-13,2.8002997e-13
4992.6000,2.7832808e-13,2.7832808e-13
4995.4000,2.7365837e-13,2.7365837e-13
4998.2000,2.6972062e-13,2.6972062e-13
5001.0000,2.6396293e-13,2.6396293e-13
5005.9000,2.6312955e-13,2.6312955e-13
5010.8000,2.5829982e-13,2.5829982e-13
5015.7000,2.5645306e-13,2.5645306e-13
5020.6000,2.5449776e-13,2.5449776e-13
5025.5000,2.5385291e-13,2.5385291e-13
5030.4000,2.5351418e-13,2.5351418e-13
5035.3000,2.5278315e-13,2.5278315e-13
5040.2000,2.5976280e-13,2.5976280e-13
5045.1000,2.6399234e-13,2.6399234e-13
5050.0000,2.6914657e-13,2.6914657e-13
5054.9000,2.7454952e-13,2.7454952e-13
5059.8000,2.7811313e-13,2.7811313e-13
5064.7000,2.7978226e-13,2.7978226e-13
5069.6000,2.8348719e-13,2.8348719e-13
5074.5000,2.8702542e-13,2.8702542e-13
5079.4000,2.9251340e-13,2.9251340e-13
5084.3000,2.9932597e-13,2.9932597e-13
5089.2000,3.0199250e-13,3.0199250e-13
5094.1000,3.0580828e-13,3.0580828e-13
5099.0000,3.0751924e-13,3.0751924e-13
5103.9000,3.0847718e-13,3.0847718e-13
5108.8000,3.0819964e-13,3.0819964e-13
5113.7000,3.1090421e-13,3.1090421e-13
5118.6000,3.1721894e-13,3.1721894e-13
5123.5000,3.2557778e-13,3.2557778e-13
5128.4000,3.3240593e-13,3.3240593e-13
5133.3000,3.3705443e-13,3.3705443e-13
5138.2000,3.4371498e-13,3.4371498e-13
5143.1000,3.4990552e-13,3.4990552e-13
5148.0000,3.5790929e-13,3.5790929e-13
5152.9000,3.6240749e-13,3.6240749e-13
5157.8000,3.6956301e-13,3.6956301e-13
5162.7000,3.7332483e-13,3.7332483e-13
5167.6000,3.7759764e-13,3.7759764e-13
5172.5000,3.7943143e-13,3.7943143e-13
5177.4000,3.8386291e-13,3.8386291e-13
5182.3000,3.8994166e-13,3.8994166e-13
5187.2000,3.9726214e-13,3.9726214e-13
5192.1000,4.0098035e-13,4.0098035e-13
5197.0000,4.0617903e-13,4.0617903e-13
5201.9000,4.1135249e-13,4.1135249e-13
5206.8000,4.1639671e-13,4.1639671e-13
5211.7000,4.1938782e-13,4.1938782e-13
5216.6000,4.2705091e-13,4.2705091e-13
5221.5000,4.3048408e-13,4.3048408e-13
5226.4000,4.3609729e-13,4.3609729e-13
5231.3000,4.3684357e-13,4.3684357e-13
5236.2000,4.3832632e-13,4.3832632e-13
5241.1000,4.4234263e-13,4.4234263e-13
5246.0000,4.3896261e-13,4.3896261e-13
5250.9000,4.3358723e-13,4.3358723e-13
5255.8000,4.2640715e-13,4.2640715e-13
5260.7000,4.2084097e-13,4.2084097e-13
5265.6000,4.0833026e-13,4.0833026e-13
5270.5000,3.9553208e-13,3.9553208e-13
5275.4000,3.8009520e-13,3.8009520e-13
5280.3000,3.6036040e-13,3.6036040e-13
5285.2000,3.4601634e-13,3.4601634e-13
5290.1000,3.3831309e-13,3.3831309e-13
5295.0000,3.3015632e-13,3.3015632e-13
5299.9000,3.2268861e-13,3.2268861e-13
5304.8000,3.1652437e-13,3.1652437e-13
5309.7000,3.1411887e-13,3.1411887e-13
5314.6000,3.1654578e-13,3.1654578e-13
5319.5000,3.1684419e-13,3.1684419e-13
5324.4000,3.2000849e-13,3.2000849e-13
5329.3000,3.2147862e-13,3.2147862e-13
5334.2000,3.2726773e-13,3.2726773e-13
5339.1000,3.2739963e-13,3.2739963e-13
5344.0000,3.2868182e-13,3.2868182e-13
5348.9000,3.2809845e-13,3.2809845e-13
5353.8000,3.2408427e-13,3.2408427e-13
5358.7000,3.2275057e-13,3.2275057e-13
5363.6000,3.1969396e-13,3.1969396e-13
5368.5000,3.2296888e-13,3.2296888e-13
5373.4000,3.2322409e-13,3.2322409e-13
5378.3000,3.2615367e-13,3.2615367e-13
5383.2000,3.2727151e-13,3.2727151e-13
5388.1000,3.2772777e-13,3.2772777e-13
5393.0000,3.2756895e-13,3.2756895e-13
5397.9000,3.2612258e-13,3.2612258e-13
5402.8000,3.2497048e-13,3.2497048e-13
5407.7000,3.2420188e-13,3.2420188e-13
5412.6000,3.2135152e-13,3.2135152e-13
5417.5000,3.2053408e-13,3.2053408e-13
5422.4000,3.2175740e-13,3.2175740e-13
5427.3000,3.2013249e-13,3.2013249e-13
5432.2000,3.1823884e-13,3.1823884e-13
5437.1000,3.1275893e-13,3.1275893e-13
5442.0000,3.0478101e-13,3.0478101e-13
5446.9000,2.9650958e-13,2.9650958e-13
5451.8000,2.8772359e-13,2.8772359e-13
5456.7000,2.8174215e-13,2.8174215e-13
5461.6000,2.7643016e-13,2.7643016e-13
5466.5000,2.7106754e-13,2.7106754e-13
5471.4000,2.6415520e-13,2.6415520e-13
5476.3000,2.5509211e-13,2.5509211e-13
5481.2000,2.4595843e-13,2.4595843e-13
5486.1000,2.3946658e-13,2.3946658e-13
5491.0000,2.3529455e-13,2.3529455e-13
5495.9000,2.3308873e-13,2.3308873e-13
5500.8000,2.3343638e-13,2.3343638e-13
5505.7000,2.3800644e-13,2.3800644e-13
5510.6000,2.4366842e-13,2.4366842e-13
5515.5000,2.5412304e-13,2.5412304e-13
5520.4000,2.6535738e-13,2.6535738e-13
5525.3000,2.7374135e-13,2.7374135e-13
5530.2000,2.8262634e-13,2.8262634e-13
5535.1000,2.8738438e-13,2.8738438e-13
5540.0000,2.9270420e-13,2.9270420e-13
5544.9000,2.9896428e-13,2.9896428e-13
5549.8000,3.0034790e-13,3.0034790e-13
5554.7000,3.0252871e-13,3.0252871e-13
5559.6000,3.0322282e-13,3.0322282e-13
5564.5000,3.0382412e-13,3.0382412e-13
5569.4000,3.0367730e-13,3.0367730e-13
5574.3000,3.0439968e-13,3.0439968e-13
5579.2000,3.0427324e-13,3.0427324e-13
5584.1000,3.0226258e-13,3.0226258e-13
5589.0000,2.9848029e-13,2.9848029e-13
5593.9000,2.9976408e-13,2.9976408e-13
5598.8000,2.9718638e-13,2.9718638e-13
5603.7000,2.9589766e-13,2.9589766e-13
5608.6000,2.9293189e-13,2.9293189e-13
5613.5000,2.9392119e-13,2.9392119e-13
5618.4000,2.9163137e-13,2.9163137e-13
5623.3000,2.9014604e-13,2.9014604e-13
5628.2000,2.8815639e-13,2.8815639e-13
5633.1000,2.8643643e-13,2.8643643e-13
5638.0000,2.8343473e-13,2.8343473e-13
5642.9000,2.8047810e-13,2.8047810e-13
5647.8000,2.7846004e-13,2.7846004e-13
5652.7000,2.7388929e-13,2.7388929e-13
5657.6000,2.7008099e-13,2.7008099e-13
5662.5000,2.6608839e-13,2.6608839e-13
5667.4000,2.6470265e-13,2.6470265e-13
5672.3000,2.6262575e-13,2.6262575e-13
5677.2000,2.6051749e-13,2.6051749e-13
5682.1000,2.5791135e-13,2.5791135e-13
5687.0000,2.5515203e-13,2.5515203e-13
5691.9000,2.5179033e-13,2.5179033e-13
5696.8000,2.4978125e-13,2.4978125e-13
5701.7000,2.4513120e-13,2.4513120e-13
5706.6000,2.4197313e-13,2.4197313e-13
5711.5000,2.4258891e-13,2.4258891e-13
5716.4000,2.4167173e-13,2.4167173e-13
5721.3000,2.3716511e-13,2.3716511e-13
5726.2000,2.3627614e-13,2.3627614e-13
5731.1000,2.3570331e-13,2.3570331e-13
5736.0000,2.3346124e-13,2.3346124e-13
5740.9000,2.3125772e-13,2.3125772e-13
5745.8000,2.3087029e-13,2.3087029e-13
5750.7000,2.3248639e-13,2.3248639e-13
5755.6000,2.3164304e-13,2.3164304e-13
5760.5000,2.3095298e-13,2.3095298e-13
5765.4000,2.3431481e-13,2.3431481e-13
5770.3000,2.3588328e-13,2.3588328e-13
5775.2000,2.3626686e-13,2.3626686e-13
5780.1000,2.3726749e-13,2.3726749e-13
5785.0000,2.3961850e-13,2.3961850e-13
5789.9000,2.4310535e-13,2.4310535e-13
5794.8000,2.4686613e-13,2.4686613e-13
5799.7000,2.4987097e-13,2.4987097e-13
5804.6000,2.5360593e-13,2.5360593e-13
5809.5000,2.5790732e-13,2.5790732e-13
5814.4000,2.6467778e-13,2.6467778e-13
5819.3000,2.7154696e-13,2.7154696e-13
5824.2000,2.7680084e-13,2.7680084e-13
5829.1000,2.7970808e-13,2.7970808e-13
5834.0000,2.8766985e-13,2.8766985e-13
5838.9000,2.9380958e-13,2.9380958e-13
5843.8000,2.9793948e-13,2.9793948e-13
5848.7000,3.0342236e-13,3.0342236e-13
5853.6000,3.0566266e-13,3.0566266e-13
5858.5000,3.0654143e-13,3.0654143e-13
5863.4000,3.0844696e-13,3.0844696e-13
5868.3000,3.1018932e-13,3.1018932e-13
5873.2000,3.0966857e-13,3.0966857e-13
5878.1000,3.1034966e-13,3.1034966e-13
5883.0000,3.0923127e-13,3.0923127e-13
5887.9000,3.0633134e-13,3.0633134e-13
5892.8000,3.0353127e-13,3.0353127e-13
5897.7000,3.0140123e-13,3.0140123e-13
5902.6000,2.9860149e-13,2.9860149e-13
5907.5000,2.9740533e-13,2.9740533e-13
5912.4000,2.9635498e-13,2.9635498e-13
5917.3000,2.9202903e-13,2.9202903e-13
5922.2000,2.8795882e-13,2.8795882e-13
5927.1000,2.8313458e-13,2.8313458e-13
5932.0000,2.8061212e-13,2.8061212e-13
5936.9000,2.8045042e-13,2.8045042e-13
5941.8000,2.7637073e-13,2.7637073e-13
5946.7000,2.7264222e-13,2.7264222e-13
5951.6000,2.7275650e-13,2.7275650e-13
5956.5000,2.6855442e-13,2.6855442e-13
5961.4000,2.6377229e-13,2.6377229e-13
5966.3000,2.6297333e-13,2.6297333e-13
5971.2000,2.6032686e-13,2.6032686e-13
5976.1000,2.5737546e-13,2.5737546e-13
5981.0000,2.5543497e-13,2.5543497e-13
5985.9000,2.5570501e-13,2.5570501e-13
5990.8000,2.5340863e-13,2.5340863e-13
5995.7000,2.4824785e-13,2.4824785e-13
6000.6000,2.4316668e-13,2.4316668e-13
6005.5000,2.4223412e-13,2.4223412e-13
6010.4000,2.4108510e-13,2.4108510e-13
6015.3000,2.4117780e-13,2.4117780e-13
6020.2000,2.4069081e-13,2.4069081e-13
6025.1000,2.3841470e-13,2.3841470e-13
6030.0000,2.3602162e-13,2.3602162e-13
6034.9000,2.3710688e-13,2.3710688e-13
6039.8000,2.3593998e-13,2.3593998e-13
6044.7000,2.3337527e-13,2.3337527e-13
6049.6000,2.3277359e-13,2.3277359e-13
6054.5000,2.3247277e-13,2.3247277e-13
6059.4000,2.2932377e-13,2.2932377e-13
6064.3000,2.2330018e-13,2.2330018e-13
6069.2000,2.1522457e-13,2.1522457e-13
6074.1000,2.0353269e-13,2.0353269e-13
6079.0000,1.9242802e-13,1.9242802e-13
6083.9000,1.7935760e-13,1.7935760e-13
6088.8000,1.6743302e-13,1.6743302e-13
6093.7000,1.5340444e-13,1.5340444e-13
6098.6000,1.3994406e-13,1.3994406e-13
6103.5000,1.3173382e-13,1.3173382e-13
6108.4000,1.2168769e-13,1.2168769e-13
6113.3000,1.1285265e-13,1.1285265e-13
6118.2000,1.0744115e-13,1.0744115e-13
6123.1000,1.0151037e-13,1.0151037e-13
6128.0000,9.7123486e-14,9.7123486e-14
6132.9000,9.3233694e-14,9.3233694e-14
6137.8000,9.0431084e-14,9.0431084e-14
6142.7000,8.7810794e-14,8.7810794e-14
6147.6000,8.5548406e-14,8.5548406e-14
6152.5000,8.6367522e-14,8.6367522e-14
6157.4000,8.4924609e-14,8.4924609e-14
6162.3000,8.5755440e-14,8.5755440e-14
6167.2000,8.8087194e-14,8.8087194e-14
6172.1000,9.1924157e-14,9.1924157e-14
6177.0000,9.4862935e-14,9.4862935e-14
6181.9000,9.7010267e-14,9.7010267e-14
6186.8000,1.0163547e-13,1.0163547e-13
6191.7000,1.0659310e-13,1.0659310e-13
6196.6000,1.1224530e-13,1.1224530e-13
6201.5000,1.2044517e-13,1.2044517e-13
6206.4000,1.2801604e-13,1.2801604e-13
6211.3000,1.3721935e-13,1.3721935e-13
6216.2000,1.4396029e-13,1.4396029e-13
6221.1000,1.5111512e-13,1.5111512e-13
6226.0000,1.5979500e-13,1.5979500e-13
6230.9000,1.6848518e-13,1.6848518e-13
6235.8000,1.7490567e-13,1.7490567e-13
6240.7000,1.8029125e-13,1.8029125e-13
6245.6000,1.8737508e-13,1.8737508e-13
6250.5000,1.9041159e-13,1.9041159e-13
6255.4000,1.9740777e-13,1.9740777e-13
6260.3000,2.0120312e-13,2.0120312e-13
6265.2000,2.0261850e-13,2.0261850e-13
6270.1000,2.1103178e-13,2.1103178e-13
6275.0000,2.1103208e-13,2.1103208e-13
6279.9000,2.1261671e-13,2.1261671e-13
6284.8000,2.1668968e-13,2.1668968e-13
6289.7000,2.1932427e-13,2.1932427e-13
6294.6000,2.2149043e-13,2.2149043e-13
6299.5000,2.2305731e-13,2.2305731e-13
6304.4000,2.2150844e-13,2.2150844e-13
6309.3000,2.2354202e-13,2.2354202e-13
6314.2000,2.2228463e-13,2.2228463e-13
6319.1000,2.1805772e-13,2.1805772e-13
6324.0000,2.1940223e-13,2.1940223e-13
6328.9000,2.2079407e-13,2.2079407e-13
6333.8000,2.1972885e-13,2.1972885e-13
6338.7000,2.1992057e-13,2.1992057e-13
6343.6000,2.2644720e-13,2.2644720e-13
6348.5000,2.2297207e-13,2.2297207e-13
6353.4000,2.2410982e-13,2.2410982e-13
6358.3000,2.2514524e-13,2.2514524e-13
6363.2000,2.2317364e-13,2.2317364e-13
6368.1000,2.2371645e-13,2.2371645e-13
6373.0000,2.2275730e-13,2.2275730e-13
6377.9000,2.2021508e-13,2.2021508e-13
6382.8000,2.2263906e-13,2.2263906e-13
6387.7000,2.2247826e-13,2.2247826e-13
6392.6000,2.2047700e-13,2.2047700e-13
6397.5000,2.1920085e-13,2.1920085e-13
6402.4000,2.1908272e-13,2.1908272e-13
6407.3000,2.1646706e-13,2.1646706e-13
6412.2000,2.2088809e-13,2.2088809e-13
6417.1000,2.1967420e-13,2.1967420e-13
6422.0000,2.2089670e-13,2.2089670e-13
6426.9000,2.2144256e-13,2.2144256e-13
6431.8000,2.1760441e-13,2.1760441e-13
6436.7000,2.1817456e-13,2.1817456e-13
6441.6000,2.1743659e-13,2.1743659e-13
6446.5000,2.1589579e-13,2.1589579e-13
6451.4000,2.1658541e-13,2.1658541e-13
6456.3000,2.1597393e-13,2.1597393e-13
6461.2000,2.1443854e-13,2.1443854e-13
6466.1000,2.1528036e-13,2.1528036e-13
6471.0000,2.1591184e-13,2.1591184e-13
6475.9000,2.1314411e-13,2.1314411e-13
6480.8000,2.1037514e-13,2.1037514e-13
6485.7000,2.1350623e-13,2.1350623e-13
6490.6000,2.1236623e-13,2.1236623e-13
6495.5000,2.1278633e-13,2.1278633e-13
6500.4000,2.1076421e-13,2.1076421e-13
6505.3000,2.0702473e-13,2.0702473e-13
6510.2000,2.0740838e-13,2.0740838e-13
6515.1000,2.0648364e-13,2.0648364e-13
6520.0000,2.0338883e-13,2.0338883e-13
6524.9000,2.0186972e-13,2.0186972e-13
6529.8000,2.0597954e-13,2.0597954e-13
6534.7000,2.0336431e-13,2.0336431e-13
6539.6000,2.0188043e-13,2.0188043e-13
6544.5000,1.9641180e-13,1.9641180e-13
6549.4000,1.9652366e-13,1.9652366e-13
6554.3000,1.9553967e-13,1.9553967e-13
6559.2000,1.9552810e-13,1.9552810e-13
6564.1000,1.8770558e-13,1.8770558e-13
6569.0000,1.8954929e-13,1.8954929e-13
6573.9000,1.8804832e-13,1.8804832e-13
6578.8000,1.8478929e-13,1.8478929e-13
6583.7000,1.7987278e-13,1.7987278e-13
6588.6000,1.7911154e-13,1.7911154e-13
6593.5000,1.7740056e-13,1.7740056e-13
6598.4000,1.7377067e-13,1.7377067e-13
6603.3000,1.7256247e-13,1.7256247e-13
6608.2000,1.7230358e-13,1.7230358e-13
6613.1000,1.7012237e-13,1.7012237e-13
6618.0000,1.6792317e-13,1.6792317e-13
6622.9000,1.6579631e-13,1.6579631e-13
6627.8000,1.6316130e-13,1.6316130e-13
6632.7000,1.6067899e-13,1.6067899e-13
6637.6000,1.6061541e-13,1.6061541e-13
6642.5000,1.5747126e-13,1.5747126e-13
6647.4000,1.5377262e-13,1.5377262e-13
6652.3000,1.5238911e-13,1.5238911e-13
6657.2000,1.5146217e-13,1.5146217e-13
6662.1000,1.5241816e-13,1.5241816e-13
6667.0000,1.5172527e-13,1.5172527e-13
6671.9000,1.4895698e-13,1.4895698e-13
6676.8000,1.4551651e-13,1.4551651e-13
6681.7000,1.4240958e-13,1.4240958e-13
6686.6000,1.4016183e-13,1.4016183e-13
6691.5000,1.4042502e-13,1.4042502e-13
6696.4000,1.3830738e-13,1.3830738e-13
6701.3000,1.3502761e-13,1.3502761e-13
6706.2000,1.3209532e-13,1.3209532e-13
6711.1000,1.3332248e-13,1.3332248e-13
6716.0000,1.3213833e-13,1.3213833e-13
6720.9000,1.2936949e-13,1.2936949e-13
6725.8000,1.2913371e-13,1.2913371e-13
6730.7000,1.2902386e-13,1.2902386e-13
6735.6000,1.2805521e-13,1.2805521e-13
6740.5000,1.2660378e-13,1.2660378e-13
6745.4000,1.2582869e-13,1.2582869e-13
6750.3000,1.2565054e-13,1.2565054e-13
6755.2000,1.2530533e-13,1.2530533e-13
6760.1000,1.2395537e-13,1.2395537e-13
6765.0000,1.2284004e-13,1.2284004e-13
6769.9000,1.2172786e-13,1.2172786e-13
6774.8000,1.2141822e-13,1.2141822e-13
6779.7000,1.2021485e-13,1.2021485e-13
6784.6000,1.2030144e-13,1.2030144e-13
6789.5000,1.1895805e-13,1.1895805e-13
6794.4000,1.1671148e-13,1.1671148e-13
6799.3000,1.1641192e-13,1.1641192e-13
6804.2000,1.1568069e-13,1.1568069e-13
6809.1000,1.1491682e-13,1.1491682e-13
6814.0000,1.1665698e-13,1.1665698e-13
6818.9000,1.1495618e-13,1.1495618e-13
6823.8000,1.1436720e-13,1.1436720e-13
6828.7000,1.1427569e-13,1.1427569e-13
6833.6000,1.1424881e-13,1.1424881e-13
6838.5000,1.1251128e-13,1.1251128e-13
6843.4000,1.1265620e-13,1.1265620e-13
6848.3000,1.1203224e-13,1.1203224e-13
6853.2000,1.1037720e-13,1.1037720e-13
6858.1000,1.1077060e-13,1.1077060e-13
6863.0000,1.1192158e-13,1.1192158e-13
6867.9000,1.1192493e-13,1.1192493e-13
6872.8000,1.1070906e-13,1.1070906e-13
6877.7000,1.0947269e-13,1.0947269e-13
6882.6000,1.0887315e-13,1.0887315e-13
6887.5000,1.0764642e-13,1.0764642e-13
6892.4000,1.0710018e-13,1.0710018e-13
6897.3000,1.0748001e-13,1.0748001e-13
6902.2000,1.0727486e-13,1.0727486e-13
6907.1000,1.0630418e-13,1.0630418e-13
6912.0000,1.0511441e-13,1.0511441e-13
6916.9000,1.0380091e-13,1.0380091e-13
6921.8000,1.0313396e-13,1.0313396e-13
6926.7000,1.0219877e-13,1.0219877e-13
6931.6000,1.0176045e-13,1.0176045e-13
6936.5000,1.0124714e-13,1.0124714e-13
6941.4000,1.0111506e-13,1.0111506e-13
6946.3000,1.0150852e-13,1.0150852e-13
6951.2000,1.0066434e-13,1.0066434e-13
6956.1000,9.9862672e-14,9.9862672e-14
6961.0000,9.9839996e-14,9.9839996e-14
6965.9000,9.9548065e-14,9.9548065e-14
6970.8000,9.9075268e-14,9.9075268e-14
6975.7000,9.9401262e-14,9.9401262e-14
6980.6000,9.9078475e-14,9.9078475e-14
6985.5000,9.8986554e-14,9.8986554e-14
6990.4000,9.7875181e-14,9.7875181e-14
6995.3000,9.7142906e-14,9.7142906e-14
7000.2000,9.5840263e-14,9.5840263e-14
7005.1000,9.4400323e-14,9.4400323e-14
7010.0000,9.5322431e-14,9.5322431e-14
7014.9000,9.6715272e-14,9.6715272e-14
7019.8000,9.5983313e-14,9.5983313e-14
7024.7000,9.4368001e-14,9.4368001e-14
7029.6000,9.4716693e-14,9.4716693e-14
7034.5000,9.4911580e-14,9.4911580e-14
7039.4000,9.5082547e-14,9.5082547e-14
7044.3000,9.4451808e-14,9.4451808e-14
7049.2000,9.3940485e-14,9.3940485e-14
7054.1000,9.3802958e-14,9.3802958e-14
7059.0000,9.3043936e-14,9.3043936e-14
7063.9000,9.2883037e-14,9.2883037e-14
7068.8000,9.2666887e-14,9.2666887e-14
7073.7000,9.2020042e-14,9.2020042e-14
7078.6000,9.2780515e-14,9.2780515e-14
7083.5000,9.2740879e-14,9.2740879e-14
7088.4000,9.2941910e-14,9.2941910e-14
7093.3000,9.2118423e-14,9.2118423e-14
7098.2000,9.1161540e-14,9.1161540e-14
7103.1000,9.1667900e-14,9.1667900e-14
7108.0000,9.2282913e-14,9.2282913e-14
7112.9000,9.2537902e-14,9.2537902e-14
7117.8000,9.1578493e-14,9.1578493e-14
7122.7000,9.1581300e-14,9.1581300e-14
7127.6000,9.1394702e-14,9.1394702e-14
7132.5000,9.0129382e-14,9.0129382e-14
7137.4000,9.0643893e-14,9.0643893e-14
7142.3000,9.0696970e-14,9.0696970e-14
7147.2000,9.0871352e-14,9.0871352e-14
7152.1000,9.0912431e-14,9.0912431e-14
7157.0000,9.1050619e-14,9.1050619e-14
7161.9000,9.1531913e-14,9.1531913e-14
7166.8000,9.1021212e-14,9.1021212e-14
7171.7000,9.0756715e-14,9.0756715e-14
7176.6000,9.1978234e-14,9.1978234e-14
7181.5000,9.1586527e-14,9.1586527e-14
7186.4000,9.0615896e-14,9.0615896e-14
7191.3000,9.0314946e-14,9.0314946e-14
7196.2000,8.9368213e-14,8.9368213e-14
7201.1000,8.8800656e-14,8.8800656e-14
7206.0000,9.0420627e-14,9.0420627e-14
7210.9000,9.0163303e-14,9.0163303e-14
7215.8000,8.9791950e-14,8.9791950e-14
7220.7000,9.0166146e-14,9.0166146e-14
7225.6000,8.9031676e-14,8.9031676e-14
7230.5000,9.0575322e-14,9.0575322e-14
7235.4000,9.0621296e-14,9.0621296e-14
7240.3000,9.0166957e-14,9.0166957e-14
7245.2000,8.9541496e-14,8.9541496e-14
7250.1000,8.8805478e-14,8.8805478e-14
7255.0000,9.0620997e-14,9.0620997e-14
7259.9000,8.9841450e-14,8.9841450e-14
7264.8000,8.8517615e-14,8.8517615e-14
7269.7000,8.7675992e-14,8.7675992e-14
7274.6000,8.6280409e-14,8.6280409e-14
7279.5000,8.7449712e-14,8.7449712e-14
7284.4000,8.6936244e-14,8.6936244e-14
7289.3000,8.6001088e-14,8.6001088e-14
7294.2000,8.4625903e-14,8.4625903e-14
7299.1000,8.4104091e-14,8.4104091e-14
7304.0000,8.3443838e-14,8.3443838e-14
7308.9000,8.3441697e-14,8.3441697e-14
7313.8000,8.2822182e-14,8.2822182e-14
7318.7000,8.1557173e-14,8.1557173e-14
7323.6000,7.9273087e-14,7.9273087e-14
7328.5000,7.9329972e-14,7.9329972e-14
7333.4000,7.9644440e-14,7.9644440e-14
7338.3000,7.8048962e-14,7.8048962e-14
7343.2000,7.7265910e-14,7.7265910e-14
7348.1000,7.4865469e-14,7.4865469e-14
7353.0000,7.2504182e-14,7.2504182e-14
7357.9000,7.2194766e-14,7.2194766e-14
7362.8000,7.1059436e-14,7.1059436e-14
7367.7000,6.9570785e-14,6.9570785e-14
7372.6000,6.8274351e-14,6.8274351e-14
7377.5000,6.7914769e-14,6.7914769e-14
7382.4000,6.8349639e-14,6.8349639e-14
7387.3000,6.6609542e-14,6.6609542e-14
7392.2000,6.5563041e-14,6.5563041e-14
7397.1000,6.5904918e-14,6.5904918e-14
7402.0000,6.5014549e-14,6.5014549e-14
7406.9000,6.3904168e-14,6.3904168e-14
7411.8000,6.2850205e-14,6.2850205e-14
7416.7000,6.1793147e-14,6.1793147e-14
7421.6000,6.2683105e-14,6.2683105e-14
7426.5000,6.1439802e-14,6.1439802e-14
7431.4000,6.2012915e-14,6.2012915e-14
7436.3000,5.9917122e-14,5.9917122e-14
7441.2000,5.9451828e-14,5.9451828e-14
7446.1000,5.9208530e-14,5.9208530e-14
7451.0000,5.7990953e-14,5.7990953e-14
7455.9000,5.6432886e-14,5.6432886e-14
7460.8000,5.6441015e-14,5.6441015e-14
7465.7000,5.4535156e-14,5.4535156e-14
7470.6000,5.2626244e-14,5.2626244e-14
7475.5000,5.2115352e-14,5.2115352e-14
7480.4000,5.1718670e-14,5.1718670e-14
7485.3000,5.1596510e-14,5.1596510e-14
7490.2000,5.1563744e-14,5.1563744e-14
7495.1000,5.1085636e-14,5.1085636e-14
7500.0000,4.9989598e-14,4.9989598e-14
7504.9000,4.9913191e-14,4.9913191e-14
7509.8000,4.8514945e-14,4.8514945e-14
7514.7000,4.9115121e-14,4.9115121e-14
7519.6000,4.9161846e-14,4.9161846e-14
7524.5000,4.8954153e-14,4.8954153e-14
7529.4000,4.9220428e-14,4.9220428e-14
7534.3000,4.9406996e-14,4.9406996e-14
7539.2000,4.9949193e-14,4.9949193e-14
7544.1000,5.0788243e-14,5.0788243e-14
7549.0000,5.0371274e-14,5.0371274e-14
7553.9000,5.1914989e-14,5.1914989e-14
7558.8000,5.1360534e-14,5.1360534e-14
7563.7000,5.2324660e-14,5.2324660e-14
7568.6000,5.1760939e-14,5.1760939e-14
7573.5001,5.3154284e-14,5.3154284e-14
7578.4001,5.4396867e-14,5.4396867e-14
7583.3001,5.3288403e-14,5.3288403e-14
7588.2001,5.4349308e-14,5.4349308e-14
7593.1001,5.5786536e-14,5.5786536e-14
7598.0001,5.5244424e-14,5.5244424e-14
7602.9001,5.4335029e-14,5.4335029e-14
7607.8001,5.5616612e-14,5.5616612e-14
7612.7001,5.5675414e-14,5.5675414e-14
7617.6001,5.7183389e-14,5.7183389e-14
7622.5001,5.6332606e-14,5.6332606e-14
7627.4001,5.6176599e-14,5.6176599e-14
7632.3001,5.9036180e-14,5.9036180e-14
7637.2001,5.8775313e-14,5.8775313e-14
7642.1001,5.8393476e-14,5.8393476e-14
7647.0001,5.9428362e-14,5.9428362e-14
7651.9001,5.6305914e-14,5.6305914e-14
7656.8001,5.6656946e-14,5.6656946e-14
7661.7001,5.7480320e-14,5.7480320e-14
7666.6001,5.9067433e-14,5.9067433e-14
7671.5001,5.7953056e-14,5.7953056e-14
7676.4001,5.8532065e-14,5.8532065e-14
7681.3001,5.6618471e-14,5.6618471e-14
7686.2001,5.7005363e-14,5.7005363e-14
7691.1001,5.7343120e-14,5.7343120e-14
7696.0001,5.7055456e-14,5.7055456e-14
7700.9001,5.7832381e-14,5.7832381e-14
7705.8001,5.6599004e-14,5.6599004e-14
7710.7001,5.7483840e-14,5.7483840e-14
7715.6001,5.7971098e-14,5.7971098e-14
7720.5001,5.7875628e-14,5.7875628e-14
7725.4001,5.6413794e-14,5.6413794e-14
7730.3001,5.8053457e-14,5.8053457e-14
7735.2001,5.7361887e-14,5.7361887e-14
7740.1001,6.0206039e-14,6.0206039e-14
7745.0001,5.9760702e-14,5.9760702e-14
7749.9001,5.9789501e-14,5.9789501e-14
7754.8001,6.0005554e-14,6.0005554e-14
7759.7001,6.2074422e-14,6.2074422e-14
7764.6001,6.1550114e-14,6.1550114e-14
7769.5001,6.2550354e-14,6.2550354e-14
7774.4001,6.3312880e-14,6.3312880e-14
7779.3001,6.5274738e-14,6.5274738e-14
7784.2001,6.6617907e-14,6.6617907e-14
7789.1001,6.6893863e-14,6.6893863e-14
7794.0001,6.5414881e-14,6.5414881e-14
7798.9001,6.7419362e-14,6.7419362e-14
7803.8001,6.6949144e-14,6.6949144e-14
7808.7001,6.7053434e-14,6.7053434e-14
7813.6001,6.7072837e-14,6.7072837e-14
7818.5001,6.9189855e-14,6.9189855e-14
7823.4001,6.8802525e-14,6.8802525e-14
7828.3001,6.8433100e-14,6.8433100e-14
7833.2001,6.9607394e-14,6.9607394e-14
7838.1001,7.0479583e-14,7.0479583e-14
7843.0001,6.9347376e-14,6.9347376e-14
7847.9001,6.9099577e-14,6.9099577e-14
7852.8001,7.0497810e-14,7.0497810e-14
7857.7001,6.9574743e-14,6.9574743e-14
7862.6001,7.0936971e-14,7.0936971e-14
7867.5001,7.0942603e-14,7.0942603e-14
7872.4001,7.1094259e-14,7.1094259e-14
7877.3001,7.1596099e-14,7.1596099e-14
7882.2001,7.1737399e-14,7.1737399e-14
7887.1001,7.1477632e-14,7.1477632e-14
7892.0001,7.1283837e-14,7.1283837e-14
7896.9001,7.1126405e-14,7.1126405e-14
7901.8001,7.1005758e-14,7.1005758e-14
7906.7001,7.0835157e-14,7.0835157e-14
7911.6001,7.0835014e-14,7.0835014e-14
7916.5001,6.8854476e-14,6.8854476e-14
7921.4001,7.1082061e-14,7.1082061e-14
7926.3001,7.0836415e-14,7.0836415e-14
7931.2001,7.0104202e-14,7.0104202e-14
7936.1001,6.9922705e-14,6.9922705e-14
7941.0001,6.9823631e-14,6.9823631e-14
7945.9001,6.8849330e-14,6.8849330e-14
7950.8001,6.9637861e-14,6.9637861e-14
7955.7001,6.8272690e-14,6.8272690e-14
7960.6001,6.7121677e-14,6.7121677e-14
7965.5001,6.7434234e-14,6.7434234e-14
7970.4001,6.5958056e-14,6.5958056e-14
7975.3001,6.5596772e-14,6.5596772e-14
7980.2001,6.4582397e-14,6.4582397e-14
7985.1001,6.2910460e-14,6.2910460e-14
7990.0001,6.2738729e-14,6.2738729e-14
7994.9001,6.2220780e-14,6.2220780e-14
7999.8001,6.3160340e-14,6.3160340e-14
8004.7001,6.1160716e-14,6.1160716e-14
8009.6001,6.0775767e-14,6.0775767e-14
8014.5001,6.1269416e-14,6.1269416e-14
8019.4001,5.9769377e-14,5.9769377e-14
8024.3001,6.0154014e-14,6.0154014e-14
8029.2001,5.9469938e-14,5.9469938e-14
8034.1001,5.8031309e-14,5.8031309e-14
8039.0001,5.7687917e-14,5.7687917e-14
8043.9001,5.8032665e-14,5.8032665e-14
8048.8001,5.7905818e-14,5.7905818e-14
8053.7001,5.5725958e-14,5.5725958e-14
8058.6001,5.5265748e-14,5.5265748e-14
8063.5001,5.5930014e-14,5.5930014e-14
8068.4001,5.6416103e-14,5.6416103e-14
8073.3001,5.5652363e-14,5.5652363e-14
8078.2001,5.5732308e-14,5.5732308e-14
8083.1001,5.4021924e-14,5.4021924e-14
8088.0001,5.4340995e-14,5.4340995e-14
8092.9001,5.4042320e-14,5.4042320e-14
8097.8001,5.2620137e-14,5.2620137e-14
8102.7001,5.2331829e-14,5.2331829e-14
8107.6001,5.2878038e-14,5.2878038e-14
8112.5001,5.1349224e-14,5.1349224e-14
8117.4001,5.2186821e-14,5.2186821e-14
8122.3001,5.1730256e-14,5.1730256e-14
8127.2001,4.9393942e-14,4.9393942e-14
8132.1001,4.7713400e-14,4.7713400e-14
8137.0001,4.6895698e-14,4.6895698e-14
8141.9001,4.5409749e-14,4.5409749e-14
8146.8001,4.4566298e-14,4.4566298e-14
8151.7001,4.4084571e-14,4.4084571e-14
8156.6001,4.2675308e-14,4.2675308e-14
8161.5001,3.9641094e-14,3.9641094e-14
8166.4001,3.7760945e-14,3.7760945e-14
8171.3001,3.5063666e-14,3.5063666e-14
8176.2001,3.4184588e-14,3.4184588e-14
8181.1001,3.3304494e-14,3.3304494e-14
8186.0001,3.1516501e-14,3.1516501e-14
8190.9001,3.1397849e-14,3.1397849e-14
8195.8001,3.1164240e-14,3.1164240e-14
8200.7001,2.8806911e-14,2.8806911e-14
8205.6001,2.7178414e-14,2.7178414e-14
8210.5001,2.7635279e-14,2.7635279e-14
8215.4001,2.7013432e-14,2.7013432e-14
8220.3001,2.6237945e-14,2.6237945e-14
8225.2001,2.6092127e-14,2.6092127e-14
8230.1001,2.6244114e-14,2.6244114e-14
8235.0001,2.5821073e-14,2.5821073e-14
8239.9001,2.5773977e-14,2.5773977e-14
8244.8001,2.6527865e-14,2.6527865e-14
8249.7001,2.6540154e-14,2.6540154e-14
8254.6001,2.5883592e-14,2.5883592e-14
8259.5001,2.6375052e-14,2.6375052e-14
8264.4001,2.7450427e-14,2.7450427e-14
8269.3001,2.7411704e-14,2.7411704e-14
8274.2001,2.7435811e-14,2.7435811e-14
8279.1001,2.7688705e-14,2.7688705e-14
8284.0001,2.7303155e-14,2.7303155e-14
8288.9001,2.6919216e-14,2.6919216e-14
8293.8001,2.7675182e-14,2.7675182e-14
8298.7001,2.7709209e-14,2.7709209e-14
8303.6001,2.7079414e-14,2.7079414e-14
8308.5001,2.7318417e-14,2.7318417e-14
8313.4001,2.7614143e-14,2.7614143e-14
8318.3001,2.8659131e-14,2.8659131e-14
8323.2001,2.9286517e-14,2.9286517e-14
8328.1001,2.9533212e-14,2.9533212e-14
8333.0001,2.9205358e-14,2.9205358e-14
8337.9001,2.9221700e-14,2.9221700e-14
8342.8001,2.9716256e-14,2.9716256e-14
8347.7001,3.1418967e-14,3.1418967e-14
8352.6001,3.2451161e-14,3.2451161e-14
8357.5001,3.2913898e-14,3.2913898e-14
8362.4001,3.3377345e-14,3.3377345e-14
8367.3001,3.3344842e-14,3.3344842e-14
8372.2001,3.4002637e-14,3.4002637e-14
8377.1001,3.4669157e-14,3.4669157e-14
8382.0001,3.5152336e-14,3.5152336e-14
8386.9001,3.6452534e-14,3.6452534e-14
8391.8001,3.6101102e-14,3.6101102e-14
8396.7001,3.7817360e-14,3.7817360e-14
8401.6001,3.8777597e-14,3.8777597e-14
8406.5001,3.9211895e-14,3.9211895e-14
8411.4001,4.0751213e-14,4.0751213e-14
8416.3001,4.1525692e-14,4.1525692e-14
8421.2001,4.3382241e-14,4.3382241e-14
8426.1001,4.4620655e-14,4.4620655e-14
8431.0001,4.6622359e-14,4.6622359e-14
8435.9001,4.8704206e-14,4.8704206e-14
8440.8001,5.0146224e-14,5.0146224e-14
8445.7001,5.2612801e-14,5.2612801e-14
8450.6001,5.4641888e-14,5.4641888e-14
8455.5001,5.8157617e-14,5.8157617e-14
8460.4001,5.9582580e-14,5.9582580e-14
8465.3001,6.0702102e-14,6.0702102e-14
8470.2001,6.3054471e-14,6.3054471e-14
8475.1001,6.4779790e-14,6.4779790e-14
8480.0001,6.6536758e-14,6.6536758e-14
8484.9001,6.8465754e-14,6.8465754e-14
8489.8001,6.9361927e-14,6.9361927e-14
8494.7001,7.1139997e-14,7.1139997e-14
8499.6001,7.2536061e-14,7.2536061e-14
8504.5001,7.3388540e-14,7.3388540e-14
8509.4001,7.6049124e-14,7.6049124e-14
8514.3001,7.6563718e-14,7.6563718e-14
8519.2001,7.5991888e-14,7.5991888e-14
8524.1001,7.7080916e-14,7.7080916e-14
8529.0001,7.7746114e-14,7.7746114e-14
8533.9001,7.8621192e-14,7.8621192e-14
8538.8001,7.9142296e-14,7.9142296e-14
8543.7001,7.9214751e-14,7.9214751e-14
8548.6001,8.0774729e-14,8.0774729e-14
8553.5001,8.2082362e-14,8.2082362e-14
8558.4001,8.0460618e-14,8.0460618e-14
8563.3001,8.1528396e-14,8.1528396e-14
8568.2001,8.3648293e-14,8.3648293e-14
8573.1001,8.4001064e-14,8.4001064e-14
8578.0001,8.5390829e-14,8.5390829e-14
8582.9001,8.5668090e-14,8.5668090e-14
8587.8001,8.6011728e-14,8.6011728e-14
8592.7001,8.7180683e-14,8.7180683e-14
8597.6001,8.8474741e-14,8.8474741e-14
8602.5001,8.7767146e-14,8.7767146e-14
8607.4001,8.7595392e-14,8.7595392e-14
8612.3001,8.7996496e-14,8.7996496e-14
8617.2001,8.8437200e-14,8.8437200e-14
8622.1001,8.8104175e-14,8.8104175e-14
8627.0001,8.9217825e-14,8.9217825e-14
8631.9001,8.9043410e-14,8.9043410e-14
8636.8001,8.7815733e-14,8.7815733e-14
8641.7001,8.9365810e-14,8.9365810e-14
8646.6001,9.0675489e-14,9.0675489e-14
8651.5001,9.1590797e-14,9.1590797e-14
8656.4001,9.1773601e-14,9.1773601e-14
8661.3001,9.3165111e-14,9.3165111e-14
8666.2001,9.2610661e-14,9.2610661e-14
8671.1001,9.1859445e-14,9.1859445e-14
8676.0001,9.1119337e-14,9.1119337e-14
8680.9001,9.0791279e-14,9.0791279e-14
8685.8001,9.3213888e-14,9.3213888e-14
8690.7001,9.2279513e-14,9.2279513e-14
8695.6001,9.1628686e-14,9.1628686e-14
8700.5001,9.3237610e-14,9.3237610e-14
8705.4001,9.3639315e-14,9.3639315e-14
8710.3001,9.2409622e-14,9.2409622e-14
8715.2001,9.1118019e-14,9.1118019e-14
8720.1001,8.9375798e-14,8.9375798e-14
8725.0001,8.8712590e-14,8.8712590e-14
8729.9001,8.9626464e-14,8.9626464e-14
8734.8001,9.0146857e-14,9.0146857e-14
8739.7001,8.9466498e-14,8.9466498e-14
8744.6001,8.8765736e-14,8.8765736e-14
8749.5001,8.7938987e-14,8.7938987e-14
8754.4001,8.8574607e-14,8.8574607e-14
8759.3001,8.7742727e-14,8.7742727e-14
8764.2001,8.7554911e-14,8.7554911e-14
8769.1001,8.7137921e-14,8.7137921e-14
8774.0001,8.5491145e-14,8.5491145e-14
8778.9001,8.7429417e-14,8.7429417e-14
8783.8001,8.6638047e-14,8.6638047e-14
8788.7001,8.4865892e-14,8.4865892e-14
8793.6001,8.4431265e-14,8.4431265e-14
8798.5001,8.3691927e-14,8.3691927e-14
8803.4001,8.3070258e-14,8.3070258e-14
8808.3001,8.1560894e-14,8.1560894e-14
8813.2001,8.1416538e-14,8.1416538e-14
8818.1001,8.1028094e-14,8.1028094e-14
8823.0001,8.0416326e-14,8.0416326e-14
8827.9001,7.9104002e-14,7.9104002e-14
8832.8001,7.8675646e-14,7.8675646e-14
8837.7001,7.8451502e-14,7.8451502e-14
8842.6001,7.6818179e-14,7.6818179e-14
8847.5001,7.3750288e-14,7.3750288e-14
8852.4001,7.5076765e-14,7.5076765e-14
8857.3001,7.4092674e-14,7.4092674e-14
8862.2001,7.1242539e-14,7.1242539e-14
8867.1001,7.0197941e-14,7.0197941e-14
8872.0001,6.8724718e-14,6.8724718e-14
8876.9001,6.6777206e-14,6.6777206e-14
8881.8001,6.5024643e-14,6.5024643e-14
8886.7001,6.4443552e-14,6.4443552e-14
8891.6001,6.4372845e-14,6.4372845e-14
8896.5001,6.3400972e-14,6.3400972e-14
8901.4001,6.1426749e-14,6.1426749e-14
8906.3001,6.1443697e-14,6.1443697e-14
8911.2001,6.0527513e-14,6.0527513e-14
8916.1001,5.9870161e-14,5.9870161e-14
8921.0001,5.9470703e-14,5.9470703e-14
8925.9001,5.8349866e-14,5.8349866e-14
8930.8001,5.6955905e-14,5.6955905e-14
8935.7001,5.7066944e-14,5.7066944e-14
8940.6001,5.5196741e-14,5.5196741e-14
8945.5001,5.6083799e-14,5.6083799e-14
8950.4001,5.4023141e-14,5.4023141e-14
8955.3001,5.4950863e-14,5.4950863e-14
8960.2001,5.4251582e-14,5.4251582e-14
8965.1001,5.4956459e-14,5.4956459e-14
8970.0001,5.6175410e-14,5.6175410e-14
8974.9001,5.6487007e-14,5.6487007e-14
8979.8001,5.5274964e-14,5.5274964e-14
8984.7001,5.2561296e-14,5.2561296e-14
8989.6001,5.2673700e-14,5.2673700e-14
8994.5001,5.3447965e-14,5.3447965e-14
8999.4001,5.3797431e-14,5.3797431e-14
9004.3001,5.5420388e-14,5.5420388e-14
9009.2001,5.3041121e-14,5.3041121e-14
9014.1001,5.3946678e-14,5.3946678e-14
9019.0001,5.4403894e-14,5.4403894e-14
9023.9001,5.4027880e-14,5.4027880e-14
9028.8001,5.2910107e-14,5.2910107e-14
9033.7001,5.1996296e-14,5.1996296e-14
9038.6001,5.3112067e-14,5.3112067e-14
9043.5001,5.2080856e-14,5.2080856e-14
9048.4001,5.1880345e-14,5.1880345e-14
9053.3001,5.0658352e-14,5.0658352e-14
9058.2001,5.0956984e-14,5.0956984e-14
9063.1001,5.0669781e-14,5.0669781e-14
9068.0001,4.8491832e-14,4.8491832e-14
9072.9001,5.1288410e-14,5.1288410e-14
9077.8001,5.1463184e-14,5.1463184e-14
9082.7001,4.6337482e-14,4.6337482e-14
9087.6001,4.9649581e-14,4.9649581e-14
9092.5001,4.8573226e-14,4.8573226e-14
9097.4001,4.7314234e-14,4.7314234e-14
9102.3001,4.7100841e-14,4.7100841e-14
9107.2001,4.8038351e-14,4.8038351e-14
9112.1001,4.6329218e-14,4.6329218e-14
9117.0001,4.6616946e-14,4.6616946e-14
9121.9001,4.4593073e-14,4.4593073e-14
9126.8001,4.6034483e-14,4.6034483e-14
9131.7001,4.5409132e-14,4.5409132e-14
9136.6001,4.4874372e-14,4.4874372e-14
9141.5001,4.5174827e-14,4.5174827e-14
9146.4001,4.3639431e-14,4.3639431e-14
9151.3001,4.2785802e-14,4.2785802e-14
9156.2001,4.6421813e-14,4.6421813e-14
9161.1001,4.3623135e-14,4.3623135e-14
9166.0001,4.1577347e-14,4.1577347e-14
9170.9001,4.1295175e-14,4.1295175e-14
9175.8001,4.0798465e-14,4.0798465e-14
9180.7001,4.0892006e-14,4.0892006e-14
9185.6001,4.1214027e-14,4.1214027e-14
9190.5001,4.1851141e-14,4.1851141e-14
9195.4001,4.0393350e-14,4.0393350e-14
9200.3001,4.1248230e-14,4.1248230e-14
9205.2001,4.0699102e-14,4.0699102e-14
9210.1001,4.0579377e-14,4.0579377e-14
9215.0001,4.0038036e-14,4.0038036e-14
9219.9001,4.0926696e-14,4.0926696e-14
9224.8001,4.0600098e-14,4.0600098e-14
9229.7001,3.9736227e-14,3.9736227e-14
9234.6001,3.9443163e-14,3.9443163e-14
9239.5001,4.0357834e-14,4.0357834e-14
9244.4001,4.0139023e-14,4.0139023e-14
9249.3001,3.9975870e-14,3.9975870e-14
9254.2001,3.9840861e-14,3.9840861e-14
9259.1001,4.0699509e-14,4.0699509e-14
9264.0001,3.9807297e-14,3.9807297e-14
9268.9001,3.9729765e-14,3.9729765e-14
9273.8001,4.0238574e-14,4.0238574e-14
9278.7001,3.8930303e-14,3.8930303e-14
9283.6001,4.0052132e-14,4.0052132e-14
9288.5001,4.0003985e-14,4.0003985e-14
9293.4001,4.0781030e-14,4.0781030e-14
9298.3001,4.0743932e-14,4.0743932e-14
9303.2001,4.1507134e-14,4.1507134e-14
9308.1001,4.1762358e-14,4.1762358e-14
9313.0001,4.0259599e-14,4.0259599e-14
9317.9001,3.9923267e-14,3.9923267e-14
9322.8001,4.0121650e-14,4.0121650e-14
9327.7001,4.0987835e-14,4.0987835e-14
9332.6001,3.9558677e-14,3.9558677e-14
9337.5001,3.9255904e-14,3.9255904e-14
9342.4001,3.8333239e-14,3.8333239e-14
9347.3001,3.8927765e-14,3.8927765e-14
9352.2001,3.6519375e-14,3.6519375e-14
9357.1001,3.7195679e-14,3.7195679e-14
9362.0001,3.8990452e-14,3.8990452e-14
9366.9001,3.6637252e-14,3.6637252e-14
9371.8001,3.7159717e-14,3.7159717e-14
9376.7001,3.7858723e-14,3.7858723e-14
9381.6001,3.6373545e-14,3.6373545e-14
9386.5001,3.7297970e-14,3.7297970e-14
9391.4001,3.5916955e-14,3.5916955e-14
9396.3001,3.5015341e-14,3.5015341e-14
9401.2001,3.4512997e-14,3.4512997e-14
9406.1001,3.5208185e-14,3.5208185e-14
9411.0001,3.5124598e-14,3.5124598e-14
9415.9001,3.4351076e-14,3.4351076e-14
9420.8001,3.2981047e-14,3.2981047e-14
9425.7001,3.4214768e-14,3.4214768e-14
9430.6001,3.3845287e-14,3.3845287e-14
9435.5001,3.3113132e-14,3.3113132e-14
9440.4001,3.3743753e-14,3.3743753e-14
9445.3001,3.2453043e-14,3.2453043e-14
9450.2001,3.3183001e-14,3.3183001e-14
9455.1001,3.3099082e-14,3.3099082e-14
9460.0001,3.2749634e-14,3.2749634e-14
9464.9001,3.2251172e-14,3.2251172e-14
9469.8001,3.1315637e-14,3.1315637e-14
9474.7001,3.0297883e-14,3.0297883e-14
9479.6001,3.0615147e-14,3.0615147e-14
9484.5001,3.1129535e-14,3.1129535e-14
9489.4001,3.0259203e-14,3.0259203e-14
9494.3001,3.0126645e-14,3.0126645e-14
9499.2001,3.0612919e-14,3.0612919e-14
9504.1001,3.0461081e-14,3.0461081e-14
9509.0001,2.9865474e-14,2.9865474e-14
9513.9001,2.8612697e-14,2.8612697e-14
9518.8001,2.7550233e-14,2.7550233e-14
9523.7001,2.8320298e-14,2.8320298e-14
9528.6001,2.8577249e-14,2.8577249e-14
9533.5001,2.9082085e-14,2.9082085e-14
9538.4001,2.7654984e-14,2.7654984e-14
9543.3001,2.9165274e-14,2.9165274e-14
9548.2001,2.8102529e-14,2.8102529e-14
9553.1001,2.7438358e-14,2.7438358e-14
9558.0001,2.7302317e-14,2.7302317e-14
9562.9001,2.6877702e-14,2.6877702e-14
9567.8001,2.6415844e-14,2.6415844e-14
9572.7001,2.6454817e-14,2.6454817e-14
9577.6001,2.5627058e-14,2.5627058e-14
9582.5001,2.5431165e-14,2.5431165e-14
9587.4001,2.4666991e-14,2.4666991e-14
9592.3001,2.5424568e-14,2.5424568e-14
9597.2001,2.6225745e-14,2.6225745e-14
9602.1001,2.5323521e-14,2.5323521e-14
9607.0001,2.4829475e-14,2.4829475e-14
9611.9001,2.5160055e-14,2.5160055e-14
9616.8001,2.5845933e-14,2.5845933e-14
9621.7001,2.5155812e-14,2.5155812e-14
9626.6001,2.3294981e-14,2.3294981e-14
9631.5001,2.2232290e-14,2.2232290e-14
9636.4001,2.3500417e-14,2.3500417e-14
9641.3001,2.3789652e-14,2.3789652e-14
9646.2001,2.3421969e-14,2.3421969e-14
9651.1001,2.3101808e-14,2.3101808e-14
9656.0001,2.2848746e-14,2.2848746e-14
9660.9001,2.3484860e-14,2.3484860e-14
9665.8001,2.3696026e-14,2.3696026e-14
9670.7001,2.4181108e-14,2.4181108e-14
9675.6001,2.3589250e-14,2.3589250e-14
9680.5001,2.2809411e-14,2.2809411e-14
9685.4001,2.2837602e-14,2.2837602e-14
9690.3001,2.3319761e-14,2.3319761e-14
9695.2001,2.3399414e-14,2.3399414e-14
9700.1001,2.2994451e-14,2.2994451e-14
9705.0001,2.2601511e-14,2.2601511e-14
9709.9001,2.1968390e-14,2.1968390e-14
9714.8001,2.1047432e-14,2.1047432e-14
9719.7001,2.1910902e-14,2.1910902e-14
9724.6001,2.1689158e-14,2.1689158e-14
9729.5001,2.0872742e-14,2.0872742e-14
9734.4001,2.1249585e-14,2.1249585e-14
9739.3001,2.1032338e-14,2.1032338e-14
9744.2001,2.1021526e-14,2.1021526e-14
9749.1001,2.1753820e-14,2.1753820e-14
9754.0001,2.1274946e-14,2.1274946e-14
9758.9001,2.0276909e-14,2.0276909e-14
9763.8001,2.0954110e-14,2.0954110e-14
9768.7001,2.1652007e-14,2.1652007e-14
9773.6001,2.1015766e-14,2.1015766e-14
9778.5001,2.0897084e-14,2.0897084e-14
9783.4001,2.0172785e-14,2.0172785e-14
9788.3001,1.9807762e-14,1.9807762e-14
9793.2001,1.9829060e-14,1.9829060e-14
9798.1001,2.0285825e-14,2.0285825e-14
9803.0001,2.0698689e-14,2.0698689e-14
9807.9001,2.0271455e-14,2.0271455e-14
9812.8001,2.0297174e-14,2.0297174e-14
9817.7001,2.0323484e-14,2.0323484e-14
9822.6001,1.9106999e-14,1.9106999e-14
9827.5001,1.8115720e-14,1.8115720e-14
9832.4001,1.7626932e-14,1.7626932e-14
9837.3001,1.8648448e-14,1.8648448e-14
9842.2001,1.9619023e-14,1.9619023e-14
9847.1001,1.8620930e-14,1.8620930e-14
9852.0001,1.9182021e-14,1.9182021e-14
9856.9001,1.9467430e-14,1.9467430e-14
9861.8001,1.9615749e-14,1.9615749e-14
9866.7001,1.8268618e-14,1.8268618e-14
9871.6001,1.8023118e-14,1.8023118e-14
9876.5001,1.8872343e-14,1.8872343e-14
9881.4001,1.8569433e-14,1.8569433e-14
9886.3001,1.7924403e-14,1.7924403e-14
9891.2001,1.7862541e-14,1.7862541e-14
9896.1001,1.7895922e-14,1.7895922e-14
9901.0001,1.7747472e-14,1.7747472e-14
9905.9001,1.7070494e-14,1.7070494e-14
9910.8001,1.7385826e-14,1.7385826e-14
9915.7001,1.5949530e-14,1.5949530e-14
9920.6001,1.7606281e-14,1.7606281e-14
9925.5001,1.8344920e-14,1.8344920e-14
9930.4001,1.7419539e-14,1.7419539e-14
9935.3001,1.6141176e-14,1.6141176e-14
9940.2001,1.8015760e-14,1.8015760e-14
9945.1001,1.7507423e-14,1.7507423e-14
9950.0001,1.8001648e-14,1.8001648e-14
9954.9001,1.7219875e-14,1.7219875e-14
9959.8001,1.7520220e-14,1.7520220e-14
9964.7001,1.7469632e-14,1.7469632e-14
9969.6001,1.6902876e-14,1.6902876e-14
9974.5001,1.8410051e-14,1.8410051e-14
9979.4001,1.8807291e-14,1.8807291e-14
9984.3001,1.7862341e-14,1.7862341e-14
9989.2001,1.7213146e-14,1.7213146e-14
9994.1001,1.7680805e-14,1.7680805e-14
9999.0001,1.8693907e-14,1.8693907e-14
10003.900,1.8925727e-14,1.8925727e-14
10008.800,1.8527681e-14,1.8527681e-14
10013.700,1.9452203e-14,1.9452203e-14
10018.600,1.8548316e-14,1.8548316e-14
10023.500,1.9063818e-14,1.9063818e-14
10028.400,1.8380267e-14,1.8380267e-14
10033.300,1.9238329e-14,1.9238329e-14
10038.200,1.9917836e-14,1.9917836e-14
10043.100,1.8223378e-14,1.8223378e-14
10048.000,1.9470216e-14,1.9470216e-14
10052.900,2.0067728e-14,2.0067728e-14
10057.800,1.7863576e-14,1.7863576e-14
10062.700,1.8500382e-14,1.8500382e-14
10067.600,1.9082779e-14,1.9082779e-14
10072.500,1.9805259e-14,1.9805259e-14
10077.400,1.7594476e-14,1.7594476e-14
10082.300,2.0038120e-14,2.0038120e-14
10087.200,1.7606058e-14,1.7606058e-14
10092.100,1.8642661e-14,1.8642661e-14
10097.000,2.0037367e-14,2.0037367e-14
10101.900,1.8652278e-14,1.8652278e-14
10106.800,1.7190491e-14,1.7190491e-14
10111.700,1.9156191e-14,1.9156191e-14
10116.600,1.8147310e-14,1.8147310e-14
10121.500,1.6836039e-14,1.6836039e-14
10126.400,1.8681813e-14,1.8681813e-14
10131.300,1.8550640e-14,1.8550640e-14
10136.200,1.8740354e-14,1.8740354e-14
10141.100,1.8225683e-14,1.8225683e-14
10146.000,1.9868493e-14,1.9868493e-14
10150.900,1.8832745e-14,1.8832745e-14
10155.800,1.4935990e-14,1.4935990e-14
10160.700,1.6892712e-14,1.6892712e-14
10165.600,1.4959178e-14,1.4959178e-14
10170.500,1.7213188e-14,1.7213188e-14
10175.400,1.7171294e-14,1.7171294e-14
10180.300,1.6285194e-14,1.6285194e-14
10185.200,1.4418089e-14,1.4418089e-14
10190.100,1.7914159e-14,1.7914159e-14
10195.000,1.2731208e-14,1.2731208e-14
10199.900,1.6715330e-14,1.6715330e-14
10204.800,1.5252660e-14,1.5252660e-14
10209.700,1.2617946e-14,1.2617946e-14
10214.600,1.7336000e-14,1.7336000e-14
10219.500,1.1840416e-14,1.1840416e-14
10224.400,2.0439807e-14,2.0439807e-14
