wavelength,flux
3656.234375,3.741343E-16
3661.752605,3.77327e-16
3667.270835,3.602133E-16
3672.789065,3.548788E-16
3678.307295,3.749088E-16
3683.825525,3.632191E-16
3689.343755,3.46897e-16
3694.861985,3.479589E-16
3700.380215,3.750666E-16
3705.898445,3.640926E-16
3711.416675,3.512606E-16
3716.934905,3.305512E-16
3722.453135,3.554498E-16
3727.971364,3.375772E-16
3733.489594,3.475448E-16
3739.007824,3.15006e-16
3744.526054,3.413783E-16
3750.044284,3.478147E-16
3755.562514,3.347104E-16
3761.080744,3.247049E-16
3766.598974,3.348648E-16
3772.117204,3.346707E-16
3777.635434,3.212561E-16
3783.153664,3.429997E-16
3788.671894,3.198176E-16
3794.190124,3.37026e-16
3799.708354,3.119397E-16
3805.226584,3.178455E-16
3810.744814,2.91049e-16
3816.263044,3.198127E-16
3821.781274,3.127095E-16
3827.299504,2.82104e-16
3832.817734,2.826755E-16
3838.335964,2.92475e-16
3843.854194,2.916304E-16
3849.372424,2.76024e-16
3854.890654,2.591601E-16
3860.408884,3.077784E-16
3865.927114,2.877537E-16
3871.445343,2.74593e-16
3876.963573,2.739505E-16
3882.481803,2.799998E-16
3888.000033,2.732061E-16
3893.518263,2.63398e-16
3899.036493,2.914178E-16
3904.554723,2.789566E-16
3910.072953,2.613479E-16
3915.591183,2.69823e-16
3921.109413,2.751212E-16
3926.627643,2.892804E-16
3932.145873,3.146058E-16
3937.664103,3.585466E-16
3943.182333,3.761374E-16
3948.700563,3.520679E-16
3954.218793,3.144366E-16
3959.737023,2.994381E-16
3965.255253,2.878305E-16
3970.773483,2.835316E-16
3976.291713,2.783024E-16
3981.809943,2.811347E-16
3987.328173,2.588879E-16
3992.846403,2.857999E-16
3998.364633,2.848803E-16
4003.882863,2.716777E-16
4009.401093,2.776297E-16
4014.919322,2.552443E-16
4020.437552,2.80509e-16
4025.955782,2.991001E-16
4031.474012,3.09768e-16
4036.992242,3.238637E-16
4042.510472,3.31081e-16
4048.028702,3.375303E-16
4053.546932,3.564612E-16
4059.065162,3.458268E-16
4064.583392,3.51689e-16
4070.101622,3.486006E-16
4075.619852,3.548703E-16
4081.138082,3.502029E-16
4086.656312,3.507411E-16
4092.174542,3.608237E-16
4097.692772,3.648926E-16
4103.211002,3.510232E-16
4108.729232,3.295853E-16
4114.247462,3.099874E-16
4119.765692,2.998934E-16
4125.283922,3.173848E-16
4130.802152,2.939114E-16
4136.320382,2.963416E-16
4141.838612,2.953531E-16
4147.356842,2.864418E-16
4152.875072,2.656086E-16
4158.393301,2.870771E-16
4163.911531,2.590524E-16
4169.429761,2.666791E-16
4174.947991,2.816022E-16
4180.466221,2.8472e-16
4185.984451,2.782412E-16
4191.502681,2.677209E-16
4197.020911,2.45562e-16
4202.539141,2.525143E-16
4208.057371,2.554463E-16
4213.575601,2.800075E-16
4219.093831,2.791973E-16
4224.612061,2.825447E-16
4230.130291,2.783916E-16
4235.648521,2.86918e-16
4241.166751,2.762271E-16
4246.684981,2.860842E-16
4252.203211,2.864199E-16
4257.721441,2.734976E-16
4263.239671,2.850741E-16
4268.757901,2.794832E-16
4274.276131,2.852048E-16
4279.794361,2.853002E-16
4285.312591,2.909424E-16
4290.830821,2.848122E-16
4296.349051,2.853427E-16
4301.86728,2.84931e-16
4307.38551,2.840139E-16
4312.90374,2.864485E-16
4318.42197,2.853248E-16
4323.9402,2.896517E-16
4329.45843,2.855528E-16
4334.97666,2.830123E-16
4340.49489,2.824612E-16
4346.01312,2.83326e-16
4351.53135,2.83159e-16
4357.04958,3.004573E-16
4362.56781,3.050311E-16
4368.08604,3.117531E-16
4373.60427,2.947245E-16
4379.1225,3.003714E-16
4384.64073,3.03253e-16
4390.15896,3.105286E-16
4395.67719,2.955926E-16
4401.19542,2.953817E-16
4406.71365,2.893847E-16
4412.23188,2.901052E-16
4417.75011,2.849438E-16
4423.26834,2.822083E-16
4428.78657,2.955579E-16
4434.3048,2.899678E-16
4439.82303,2.77844e-16
4445.341259,2.845368E-16
4450.859489,2.758286E-16
4456.377719,2.743021E-16
4461.895949,2.684746E-16
4467.414179,2.884237E-16
4472.932409,2.641773E-16
4478.450639,2.815228E-16
4483.968869,2.708529E-16
4489.487099,2.683548E-16
4495.005329,2.709251E-16
4500.523559,2.720903E-16
4506.041789,2.587683E-16
4511.560019,2.713252E-16
4517.078249,2.689911E-16
4522.596479,2.738735E-16
4528.114709,2.630585E-16
4533.632939,2.606838E-16
4539.151169,2.545009E-16
4544.669399,2.534447E-16
4550.187629,2.544445E-16
4555.705859,2.663465E-16
4561.224089,2.503058E-16
4566.742319,2.465753E-16
4572.260549,2.50727e-16
4577.778779,2.465153E-16
4583.297009,2.507015E-16
4588.815238,2.612228E-16
4594.333468,2.685723E-16
4599.851698,2.738676E-16
4605.369928,2.704713E-16
4610.888158,2.781596E-16
4616.406388,2.91316e-16
4621.924618,2.87406e-16
4627.442848,2.875119E-16
4632.961078,2.886346E-16
4638.479308,2.832311E-16
4643.997538,2.750282E-16
4649.515768,2.848401E-16
4655.033998,2.924462E-16
4660.552228,2.911859E-16
4666.070458,2.868362E-16
4671.588688,2.895393E-16
4677.106918,2.813666E-16
4682.625148,3.000837E-16
4688.143378,3.046856E-16
4693.661608,2.72013e-16
4699.179838,2.911574E-16
4704.698068,2.931674E-16
4710.216298,2.940986E-16
4715.734528,3.013362E-16
4721.252758,2.968524E-16
4726.770988,2.987796E-16
4732.289217,3.118745E-16
4737.807447,3.06893e-16
4743.325677,3.095759E-16
4748.843907,3.078705E-16
4754.362137,3.074829E-16
4759.880367,3.180635E-16
4765.398597,3.113375E-16
4770.916827,3.037867E-16
4776.435057,3.061602E-16
4781.953287,2.939428E-16
4787.471517,2.846823E-16
4792.989747,2.768457E-16
4798.507977,2.754864E-16
4804.026207,2.661649E-16
4809.544437,2.570668E-16
4815.062667,2.702716E-16
4820.580897,2.770559E-16
4826.099127,2.747247E-16
4831.617357,2.518985E-16
4837.135587,2.681371E-16
4842.653817,2.570715E-16
4848.172047,2.609577E-16
4853.690277,2.572671E-16
4859.208507,2.459874E-16
4864.726737,2.559284E-16
4870.244967,2.443457E-16
4875.763196,2.469044E-16
4881.281426,2.453259E-16
4886.799656,2.461472E-16
4892.317886,2.584388E-16
4897.836116,2.440502E-16
4903.354346,2.465698E-16
4908.872576,2.454236E-16
4914.390806,2.476079E-16
4919.909036,2.522777E-16
4925.427266,2.382441E-16
4930.945496,2.357771E-16
4936.463726,2.464037E-16
4941.981956,2.363803E-16
4947.500186,2.394296E-16
4953.018416,2.454644E-16
4958.536646,2.341889E-16
4964.054876,2.281601E-16
4969.573106,2.275621E-16
4975.091336,2.221322E-16
4980.609566,2.228078E-16
4986.127796,2.255833E-16
4991.646026,2.299822E-16
4997.164256,2.174144E-16
5002.682486,2.206643E-16
5008.200716,2.250758E-16
5013.718946,2.210079E-16
5019.237175,2.08246e-16
5024.755405,2.231561E-16
5030.273635,2.221863E-16
5035.791865,2.020045E-16
5041.310095,2.073959E-16
5046.828325,2.118698E-16
5052.346555,2.044394E-16
5057.864785,2.087605E-16
5063.383015,2.108533E-16
5068.901245,1.975517E-16
5074.419475,2.110806E-16
5079.937705,2.136675E-16
5085.455935,2.112458E-16
5090.974165,2.075262E-16
5096.492395,2.050428E-16
5102.010625,2.227524E-16
5107.528855,2.141025E-16
5113.047085,2.130796E-16
5118.565315,2.17283e-16
5124.083545,2.101806E-16
5129.601775,2.145021E-16
5135.120005,2.215605E-16
5140.638235,2.281744E-16
5146.156465,2.459093E-16
5151.674695,2.3539e-16
5157.192925,2.119639E-16
5162.711154,2.041252E-16
5168.229384,2.021252E-16
5173.747614,2.051187E-16
5179.265844,2.106018E-16
5184.784074,2.196425E-16
5190.302304,2.197277E-16
5195.820534,2.098359E-16
5201.338764,2.156396E-16
5206.856994,2.184234E-16
5212.375224,2.188877E-16
5217.893454,2.228155E-16
5223.411684,2.15919e-16
5228.929914,2.238867E-16
5234.448144,2.28035e-16
5239.966374,2.343153E-16
5245.484604,2.316017E-16
5251.002834,2.25679e-16
5256.521064,2.290427E-16
5262.039294,2.317444E-16
5267.557524,2.28823e-16
5273.075754,2.221958E-16
5278.593984,2.358008E-16
5284.112214,2.476868E-16
5289.630444,2.82791e-16
5295.148674,2.901413E-16
5300.666903,2.877097E-16
5306.185133,2.750649E-16
5311.703363,2.583384E-16
5317.221593,2.533833E-16
5322.739823,2.521519E-16
5328.258053,2.592714E-16
5333.776283,2.408329E-16
5339.294513,2.555688E-16
5344.812743,2.534033E-16
5350.330973,2.664026E-16
5355.849203,2.477626E-16
5361.367433,2.488392E-16
5366.885663,2.441768E-16
5372.403893,2.373012E-16
5377.922123,2.48452e-16
5383.440353,2.311601E-16
5388.958583,2.350563E-16
5394.476813,2.245476E-16
5399.995043,2.265825E-16
5405.513273,2.288293E-16
5411.031503,2.277948E-16
5416.549733,2.215782E-16
5422.067963,2.136042E-16
5427.586193,2.139626E-16
5433.104423,2.257607E-16
5438.622653,2.043652E-16
5444.140882,2.181765E-16
5449.659112,2.262639E-16
5455.177342,2.425744E-16
5460.695572,2.300388E-16
5466.213802,2.104408E-16
5471.732032,2.133203E-16
5477.250262,2.253151E-16
5482.768492,2.162096E-16
5488.286722,2.15912e-16
5493.804952,2.179549E-16
5499.323182,2.174682E-16
5504.841412,2.179982E-16
5510.359642,1.998294E-16
5515.877872,2.140924E-16
5521.396102,2.082437E-16
5526.914332,2.159247E-16
5532.432562,2.142098E-16
5537.950792,2.1073e-16
5543.469022,2.120216E-16
5548.987252,2.128889E-16
5554.505482,2.007613E-16
5560.023712,2.17738e-16
5565.541942,1.794376E-16
5571.060172,1.908522E-16
5576.578402,1.886017E-16
5582.096632,1.968041E-16
5587.614861,2.45115e-16
5593.133091,2.039836E-16
5598.651321,1.999537E-16
5604.169551,2.016991E-16
5609.687781,2.090426E-16
5615.206011,2.068854E-16
5620.724241,2.034118E-16
5626.242471,1.907831E-16
5631.760701,1.874793E-16
5637.278931,1.916672E-16
5642.797161,1.952433E-16
5648.315391,2.078433E-16
5653.833621,1.85022e-16
5659.351851,1.960371E-16
5664.870081,1.976816E-16
5670.388311,2.026671E-16
5675.906541,2.046141E-16
5681.424771,2.03923e-16
5686.943001,1.99841e-16
5692.461231,1.81703e-16
5697.979461,1.814869E-16
5703.497691,1.787989E-16
5709.015921,1.771249E-16
5714.534151,1.914743E-16
5720.052381,1.726169E-16
5725.570611,1.760166E-16
5731.08884,1.720824E-16
5736.60707,1.902001E-16
5742.1253,1.831386E-16
5747.64353,1.757632E-16
5753.16176,1.751238E-16
5758.67999,1.858683E-16
5764.19822,1.762596E-16
5769.71645,1.852389E-16
5775.23468,1.764721E-16
5780.75291,1.834812E-16
5786.27114,1.815913E-16
5791.78937,1.738433E-16
5797.3076,1.75996e-16
5802.82583,1.673859E-16
5808.34406,1.699127E-16
5813.86229,1.634341E-16
5819.38052,1.769199E-16
5824.89875,1.789492E-16
5830.41698,1.718268E-16
5835.93521,1.763432E-16
5841.45344,1.745425E-16
5846.97167,1.682441E-16
5852.4899,1.617776E-16
5858.00813,1.676802E-16
5863.52636,1.679221E-16
5869.04459,1.547878E-16
5874.562819,1.637296E-16
5880.081049,1.618008E-16
5885.599279,1.517098E-16
5891.117509,1.457889E-16
5896.635739,1.670417E-16
5902.153969,1.583026E-16
5907.672199,1.62688e-16
5913.190429,1.553601E-16
5918.708659,1.549178E-16
5924.226889,1.682196E-16
5929.745119,1.74183e-16
5935.263349,1.650161E-16
5940.781579,1.666906E-16
5946.299809,1.696361E-16
5951.818039,1.625433E-16
5957.336269,1.753444E-16
5962.854499,1.660862E-16
5968.372729,1.625721E-16
5973.890959,1.625027E-16
5979.409189,1.559728E-16
5984.927419,1.600352E-16
5990.445649,1.698834E-16
5995.963879,1.666042E-16
6001.482109,1.492731E-16
6007.000339,1.571502E-16
6012.518569,1.638222E-16
6018.036798,1.55102e-16
6023.555028,1.403453E-16
6029.073258,1.474861E-16
6034.591488,1.533847E-16
6040.109718,1.468913E-16
6045.627948,1.489586E-16
6051.146178,1.506872E-16
6056.664408,1.451193E-16
6062.182638,1.591855E-16
6067.700868,1.498858E-16
6073.219098,1.507289E-16
6078.737328,1.631114E-16
6084.255558,1.46746e-16
6089.773788,1.607194E-16
6095.292018,1.493951E-16
6100.810248,1.585911E-16
6106.328478,1.52155e-16
6111.846708,1.535948E-16
6117.364938,1.539715E-16
6122.883168,1.607751E-16
6128.401398,1.613922E-16
6133.919628,1.444776E-16
6139.437858,1.612276E-16
6144.956088,1.644794E-16
6150.474318,1.681404E-16
6155.992548,1.640133E-16
6161.510777,1.732588E-16
6167.029007,1.755474E-16
6172.547237,1.652117E-16
6178.065467,1.741728E-16
6183.583697,1.745072E-16
6189.101927,1.894239E-16
6194.620157,1.963786E-16
6200.138387,1.973829E-16
6205.656617,2.03073e-16
6211.174847,2.086424E-16
6216.693077,2.141319E-16
6222.211307,2.113709E-16
6227.729537,1.928753E-16
6233.247767,1.92084e-16
6238.765997,1.900707E-16
6244.284227,1.882654E-16
6249.802457,1.822334E-16
6255.320687,1.859405E-16
6260.838917,1.942413E-16
6266.357147,1.851835E-16
6271.875377,1.7855e-16
6277.393607,1.716741E-16
6282.911837,1.646444E-16
6288.430067,1.527833E-16
6293.948297,1.49863e-16
6299.466527,1.85199e-16
6304.984756,2.062213E-16
6310.502986,2.16044e-16
6316.021216,1.610596E-16
6321.539446,1.710801E-16
6327.057676,1.835202E-16
6332.575906,1.792048E-16
6338.094136,1.654139E-16
6343.612366,1.671288E-16
6349.130596,1.612822E-16
6354.648826,1.554329E-16
6360.167056,1.672131E-16
6365.685286,1.746713E-16
6371.203516,1.980809E-16
6376.721746,1.676182E-16
6382.239976,1.59677e-16
6387.758206,1.668408E-16
6393.276436,1.497304E-16
6398.794666,1.55547e-16
6404.312896,1.663339E-16
6409.831126,1.530433E-16
6415.349356,1.602912E-16
6420.867586,1.688185E-16
6426.385816,1.680934E-16
6431.904046,1.718953E-16
6437.422276,1.662804E-16
6442.940506,1.758614E-16
6448.458735,1.602634E-16
6453.976965,1.622797E-16
6459.495195,1.74315e-16
6465.013425,1.674139E-16
6470.531655,1.583542E-16
6476.049885,1.622128E-16
6481.568115,1.744728E-16
6487.086345,1.656031E-16
6492.604575,1.631845E-16
6498.122805,1.654428E-16
6503.641035,1.703661E-16
6509.159265,1.704171E-16
6514.677495,1.653768E-16
6520.195725,1.633003E-16
6525.713955,1.684042E-16
6531.232185,1.694338E-16
6536.750415,1.656152E-16
6542.268645,1.735781E-16
6547.786875,1.684041E-16
6553.305105,1.660322E-16
6558.823335,1.635234E-16
6564.341565,1.572103E-16
6569.859795,1.71249e-16
6575.378025,1.739218E-16
6580.896255,1.556056E-16
6586.414485,1.715349E-16
6591.932714,1.543708E-16
6597.450944,1.743467E-16
6602.969174,1.72848e-16
6608.487404,1.721312E-16
6614.005634,1.588834E-16
6619.523864,1.686949E-16
6625.042094,1.857841E-16
6630.560324,1.729419E-16
6636.078554,1.782003E-16
6641.596784,1.825352E-16
6647.115014,1.896753E-16
6652.633244,1.867636E-16
6658.151474,1.925468E-16
6663.669704,1.981594E-16
6669.187934,2.09831e-16
6674.706164,1.977655E-16
6680.224394,2.038492E-16
6685.742624,2.024532E-16
6691.260854,2.062192E-16
6696.779084,2.088185E-16
6702.297314,2.007801E-16
6707.815544,2.078189E-16
6713.333774,2.091538E-16
6718.852004,2.062672E-16
6724.370234,2.02588e-16
6729.888463,1.891122E-16
6735.406693,1.888456E-16
6740.924923,1.928596E-16
6746.443153,1.931955E-16
6751.961383,1.94027e-16
6757.479613,1.954661E-16
6762.997843,1.862526E-16
6768.516073,1.868166E-16
6774.034303,1.876629E-16
6779.552533,1.873019E-16
6785.070763,1.892111E-16
6790.588993,1.989682E-16
6796.107223,1.801083E-16
6801.625453,1.747717E-16
6807.143683,1.807688E-16
6812.661913,1.707622E-16
6818.180143,1.715263E-16
6823.698373,1.797332E-16
6829.216603,1.714094E-16
6834.734833,1.741424E-16
6840.253063,1.692801E-16
6845.771293,1.740392E-16
6851.289523,1.732314E-16
6856.807753,1.752722E-16
6862.325983,1.5851e-16
6867.844213,1.483471E-16
6873.362442,1.497592E-16
6878.880672,1.546432E-16
6884.398902,1.681886E-16
6889.917132,1.633508E-16
6895.435362,1.619057E-16
6900.953592,1.720073E-16
6906.471822,1.678048E-16
6911.990052,1.718374E-16
6917.508282,1.798938E-16
6923.026512,1.935429E-16
6928.544742,2.400112E-16
6934.062972,3.357002E-16
6939.581202,3.331732E-16
6945.099432,3.01601e-16
6950.617662,2.648022E-16
6956.135892,2.175717E-16
6961.654122,2.188794E-16
6967.172352,2.026404E-16
6972.690582,1.861447E-16
6978.208812,1.653843E-16
6983.727042,1.600469E-16
6989.245272,1.576829E-16
6994.763502,1.500843E-16
7000.281732,1.574796E-16
7005.799962,1.655921E-16
7011.318192,1.644966E-16
7016.836421,1.557452E-16
7022.354651,1.60851e-16
7027.872881,1.615381E-16
7033.391111,1.581209E-16
7038.909341,1.64014e-16
7044.427571,1.603262E-16
7049.945801,1.585453E-16
7055.464031,1.532978E-16
7060.982261,1.62108e-16
7066.500491,1.729245E-16
7072.018721,1.667454E-16
7077.536951,1.508224E-16
7083.055181,1.526473E-16
7088.573411,1.576438E-16
7094.091641,1.670486E-16
7099.609871,1.883234E-16
7105.128101,1.880504E-16
7110.646331,2.098296E-16
7116.164561,1.919873E-16
7121.682791,1.761992E-16
7127.201021,1.65568e-16
7132.719251,1.375175E-16
7138.237481,1.471069E-16
7143.755711,1.396086E-16
7149.273941,1.298126E-16
7154.792171,1.463115E-16
7160.3104,1.42045e-16
7165.82863,1.347672E-16
7171.34686,1.280916E-16
7176.86509,1.35883e-16
7182.38332,1.277465E-16
7187.90155,1.297793E-16
7193.41978,1.348556E-16
7198.93801,1.395921E-16
7204.45624,1.516779E-16
7209.97447,1.500821E-16
7215.4927,1.429853E-16
7221.01093,1.407092E-16
7226.52916,1.302371E-16
7232.04739,1.203783E-16
7237.56562,1.204314E-16
7243.08385,1.391715E-16
7248.60208,1.373211E-16
7254.12031,1.329831E-16
7259.63854,1.406676E-16
7265.15677,1.336292E-16
7270.675,1.383056E-16
7276.19323,1.426848E-16
7281.71146,1.41725e-16
7287.22969,1.287496E-16
7292.74792,1.296728E-16
7298.26615,1.366831E-16
7303.784379,1.278354E-16
7309.302609,1.232953E-16
7314.820839,1.111363E-16
7320.339069,1.266811E-16
7325.857299,1.415736E-16
7331.375529,1.445277E-16
7336.893759,1.349107E-16
7342.411989,1.2769e-16
7347.930219,1.321475E-16
7353.448449,1.433682E-16
7358.966679,1.382186E-16
7364.484909,1.442424E-16
7370.003139,1.346105E-16
7375.521369,1.441547E-16
7381.039599,1.634808E-16
7386.557829,1.309358E-16
7392.076059,1.406046E-16
7397.594289,1.45528e-16
7403.112519,1.532404E-16
7408.630749,1.474363E-16
7414.148979,1.317919E-16
7419.667209,1.518585E-16
7425.185439,1.271672E-16
7430.703669,1.59957e-16
7436.221899,1.486937E-16
7441.740129,1.493531E-16
7447.258358,1.615833E-16
7452.776588,1.604466E-16
7458.294818,1.52833e-16
7463.813048,1.643923E-16
7469.331278,1.608741E-16
7474.849508,1.574307E-16
7480.367738,1.659888E-16
7485.885968,1.558757E-16
7491.404198,1.521156E-16
7496.922428,1.489725E-16
7502.440658,1.474871E-16
7507.958888,1.452966E-16
7513.477118,1.414526E-16
7518.995348,1.575189E-16
7524.513578,1.396421E-16
7530.031808,1.50677e-16
7535.550038,1.511506E-16
7541.068268,1.265042E-16
7546.586498,1.373503E-16
7552.104728,1.290216E-16
7557.622958,1.440211E-16
7563.141188,1.276463E-16
7568.659418,1.369885E-16
7574.177648,1.254758E-16
7579.695878,1.483486E-16
7585.214108,1.395086E-16
7590.732337,1.329359E-16
7596.250567,1.099035E-16
7601.768797,8.338045E-17
7607.287027,9.722715E-17
7612.805257,1.091484E-16
7618.323487,1.278672E-16
7623.841717,1.244469E-16
7629.359947,1.142329E-16
7634.878177,1.203291E-16
7640.396407,1.219749E-16
7645.914637,1.314308E-16
7651.432867,1.331797E-16
7656.951097,1.157714E-16
7662.469327,1.369561E-16
7667.987557,1.469796E-16
7673.505787,1.435599E-16
7679.024017,1.416796E-16
7684.542247,1.342067E-16
7690.060477,1.394986E-16
7695.578707,1.307284E-16
7701.096937,1.348482E-16
7706.615167,1.328529E-16
7712.133397,1.504271E-16
7717.651627,1.226624E-16
7723.169857,1.306535E-16
7728.688087,1.290225E-16
7734.206316,1.384889E-16
7739.724546,1.271707E-16
7745.242776,1.478823E-16
7750.761006,1.557993E-16
7756.279236,1.349927E-16
7761.797466,1.412617E-16
7767.315696,1.265725E-16
7772.833926,1.190437E-16
7778.352156,1.212683E-16
7783.870386,1.173814E-16
7789.388616,1.388315E-16
7794.906846,1.422028E-16
7800.425076,1.37393e-16
7805.943306,1.181327E-16
7811.461536,1.294398E-16
7816.979766,1.2969e-16
7822.497996,1.157656E-16
7828.016226,1.235774E-16
7833.534456,1.26314e-16
7839.052686,1.206068E-16
7844.570916,1.256064E-16
7850.089146,1.323149E-16
7855.607376,1.219547E-16
7861.125606,1.185927E-16
7866.643836,1.171965E-16
7872.162066,1.383806E-16
7877.680295,1.381788E-16
7883.198525,1.274488E-16
7888.716755,1.293756E-16
7894.234985,1.298476E-16
7899.753215,1.125359E-16
7905.271445,9.959079E-17
7910.789675,9.626275E-17
7916.307905,1.085027E-16
7921.826135,1.203469E-16
7927.344365,1.288825E-16
7932.862595,1.234169E-16
7938.380825,1.238166E-16
7943.899055,1.219612E-16
7949.417285,1.171726E-16
7954.935515,1.384241E-16
7960.453745,1.268981E-16
7965.971975,1.444218E-16
7971.490205,1.372967E-16
7977.008435,1.313641E-16
7982.526665,1.204816E-16
7988.044895,1.010161E-16
7993.563125,1.077468E-16
7999.081355,1.201815E-16
8004.599585,9.408315E-17
8010.117815,1.222318E-16
8015.636045,1.134415E-16
8021.154274,1.07581e-16
8026.672504,1.218559E-16
8032.190734,1.17641e-16
8037.708964,1.157714E-16
8043.227194,1.021501E-16
8048.745424,9.729511E-17
8054.263654,1.179134E-16
8059.781884,1.16855e-16
8065.300114,1.151883E-16
8070.818344,1.191443E-16
8076.336574,1.030673E-16
8081.854804,1.0236e-16
8087.373034,1.317197E-16
8092.891264,1.184048E-16
8098.409494,1.140959E-16
8103.927724,1.086531E-16
8109.445954,1.060686E-16
8114.964184,1.114232E-16
8120.482414,1.211654E-16
8126.000644,1.075053E-16
8131.518874,1.104964E-16
8137.037104,1.308447E-16
8142.555334,1.323428E-16
8148.073564,1.337096E-16
8153.591794,1.220621E-16
8159.110024,1.083785E-16
8164.628253,1.228625E-16
8170.146483,1.154014E-16
8175.664713,1.122004E-16
8181.182943,1.189651E-16
8186.701173,1.091012E-16
8192.219403,1.102303E-16
8197.737633,1.189027E-16
8203.255863,1.371695E-16
8208.774093,1.408734E-16
8214.292323,1.290271E-16
8219.810553,1.323346E-16
8225.328783,1.3821e-16
8230.847013,1.427668E-16
8236.365243,1.296939E-16
8241.883473,1.352455E-16
8247.401703,1.644008E-16
8252.919933,1.573097E-16
8258.438163,1.41951e-16
8263.956393,1.583115E-16
8269.474623,1.566333E-16
8274.992853,1.494347E-16
8280.511083,1.419903E-16
8286.029313,1.710319E-16
8291.547543,1.74134e-16
8297.065773,1.929687E-16
8302.584002,1.757072E-16
8308.102232,1.897363E-16
8313.620462,1.720439E-16
8319.138692,1.651373E-16
8324.656922,1.717778E-16
8330.175152,1.661461E-16
8335.693382,1.605329E-16
8341.211612,1.184067E-16
8346.729842,1.289882E-16
8352.248072,1.802694E-16
8357.766302,1.698316E-16
8363.284532,1.544143E-16
8368.802762,1.598229E-16
8374.320992,1.470983E-16
8379.839222,1.502017E-16
8385.357452,1.425011E-16
8390.875682,1.485174E-16
8396.393912,1.708503E-16
8401.912142,1.445875E-16
8407.430372,1.340882E-16
8412.948602,1.267509E-16
8418.466832,1.410218E-16
8423.985062,1.084232E-16
8429.503292,1.209268E-16
8435.021522,1.37473e-16
8440.539752,1.270902E-16
8446.057981,1.138814E-16
8451.576211,1.336769E-16
8457.094441,1.109601E-16
8462.612671,1.179821E-16
8468.130901,1.170429E-16
8473.649131,1.167907E-16
8479.167361,1.204724E-16
8484.685591,1.244541E-16
8490.203821,1.266216E-16
8495.722051,1.156397E-16
8501.240281,1.163624E-16
8506.758511,1.016432E-16
8512.276741,1.059133E-16
8517.794971,1.035302E-16
8523.313201,1.084543E-16
8528.831431,1.165108E-16
8534.349661,1.248279E-16
8539.867891,1.209942E-16
8545.386121,1.205048E-16
8550.904351,1.226611E-16
8556.422581,1.198562E-16
8561.940811,1.185509E-16
8567.459041,1.151174E-16
8572.977271,1.243942E-16
8578.495501,1.289166E-16
8584.013731,1.281713E-16
8589.53196,1.350587E-16
8595.05019,1.135079E-16
8600.56842,1.28344e-16
8606.08665,1.226919E-16
8611.60488,1.168953E-16
8617.12311,1.223316E-16
8622.64134,1.243288E-16
8628.15957,1.255697E-16
8633.6778,1.337839E-16
8639.19603,1.425038E-16
8644.71426,1.525216E-16
8650.23249,1.406247E-16
8655.75072,1.308571E-16
8661.26895,1.267861E-16
8666.78718,1.299641E-16
8672.30541,1.490418E-16
8677.82364,1.49013e-16
8683.34187,1.374781E-16
8688.8601,1.51045e-16
8694.37833,1.309847E-16
8699.89656,1.609745E-16
8705.41479,1.55683e-16
8710.93302,1.152199E-16
8716.45125,1.507406E-16
8721.96948,1.484683E-16
8727.48771,1.319278E-16
8733.005939,1.27555e-16
8738.524169,1.473464E-16
8744.042399,1.51401e-16
8749.560629,1.549181E-16
8755.078859,1.121969E-16
8760.597089,9.727693E-17
8766.115319,9.966114E-17
8771.633549,1.086126E-16
8777.151779,1.498153E-16
8782.670009,1.305107E-16
8788.188239,1.375814E-16
8793.706469,1.203621E-16
8799.224699,1.166376E-16
8804.742929,1.329924E-16
8810.261159,1.30228e-16
8815.779389,1.658948E-16
8821.297619,1.588166E-16
8826.815849,1.191152E-16
8832.334079,1.708987E-16
8837.852309,1.709942E-16
8843.370539,1.27957e-16
8848.888769,1.307037E-16
8854.406999,1.251018E-16
8859.925229,1.300701E-16
8865.443459,1.157024E-16
8870.961689,1.476297E-16
8876.479918,1.393383E-16
8881.998148,1.116998E-16
8887.516378,1.346529E-16
8893.034608,1.657847E-16
8898.552838,1.273032E-16
8904.071068,1.453421E-16
8909.589298,1.022204E-16
8915.107528,1.042127E-16
8920.625758,1.235069E-16
8926.143988,1.545084E-16
8931.662218,1.281707E-16
8937.180448,1.198998E-16
8942.698678,1.534827E-16
8948.216908,1.211295E-16
8953.735138,1.037725E-16
8959.253368,1.186262E-16
8964.771598,1.038421E-16
8970.289828,1.338585E-16
8975.808058,1.352468E-16
8981.326288,1.014539E-16
8986.844518,1.285556E-16
8992.362748,1.305978E-16
8997.880978,1.106112E-16
9003.399208,1.25299e-16
9008.917438,1.358433E-16
9014.435668,1.219917E-16
9019.953897,1.44432e-16
9025.472127,1.486118E-16
9030.990357,1.192143E-16
9036.508587,1.119535E-16
9042.026817,1.05244e-16
9047.545047,1.453463E-16
9053.063277,1.282348E-16
9058.581507,1.153733E-16
9064.099737,9.214927E-17
9069.617967,1.089547E-16
9075.136197,1.13194e-16
9080.654427,9.22621e-17
9086.172657,1.352678E-16
9091.690887,1.579957E-16
9097.209117,1.499258E-16
9102.727347,1.08972e-16
9108.245577,1.080518E-16
9113.763807,1.031516E-16
9119.282037,1.334206E-16
9124.800267,1.04287e-16
9130.318497,1.128977E-16
9135.836727,1.567551E-16
9141.354957,1.299166E-16
9146.873187,1.365294E-16
9152.391417,1.406932E-16
9157.909647,1.141062E-16
9163.427876,1.276031E-16
9168.946106,1.133286E-16
9174.464336,1.210518E-16
9179.982566,1.317515E-16
9185.500796,1.045533E-16
9191.019026,1.279498E-16
9196.537256,1.238551E-16
9202.055486,1.019997E-16
9207.573716,1.297593E-16
9213.091946,1.209603E-16
9218.610176,1.272244E-16
9224.128406,1.336684E-16
9229.646636,1.023296E-16
9235.164866,1.033388E-16
9240.683096,1.083042E-16
9246.201326,9.209817E-17
9251.719556,1.093806E-16
