wavelength,flux
3665.,4.000381E-16
3667.762453,3.735447E-16
3670.524905,3.759328E-16
3673.287358,3.740647E-16
3676.04981,3.710339E-16
3678.812263,3.785235E-16
3681.574716,3.787581E-16
3684.337168,3.700408E-16
3687.099621,3.678619E-16
3689.862073,3.746303E-16
3692.624526,3.858592E-16
3695.386979,3.802701E-16
3698.149431,3.849985E-16
3700.911884,3.922762E-16
3703.674336,3.804785E-16
3706.436789,3.823020E-16
3709.199242,3.793744E-16
3711.961694,3.805424E-16
3714.724147,3.850316E-16
3717.486599,3.853827E-16
3720.249052,3.932765E-16
3723.011505,3.990221E-16
3725.773957,4.080736E-16
3728.53641,3.982091E-16
3731.298862,4.067123E-16
3734.061315,4.309882E-16
3736.823768,4.376660E-16
3739.58622,4.342258E-16
3742.348673,4.270709E-16
3745.111125,4.160819E-16
3747.873578,4.153177E-16
3750.636031,4.055201E-16
3753.398483,4.082384E-16
3756.160936,4.259523E-16
3758.923388,4.202529E-16
3761.685841,4.142387E-16
3764.448294,4.229735E-16
3767.210746,4.221324E-16
3769.973199,4.198631E-16
3772.735651,4.219247E-16
3775.498104,4.273200E-16
3778.260557,4.230262E-16
3781.023009,4.139494E-16
3783.785462,4.109335E-16
3786.547915,4.087222E-16
3789.310367,4.071047E-16
3792.07282,4.172521E-16
3794.835272,4.181836E-16
3797.597725,3.990591E-16
3800.360178,3.995218E-16
3803.12263,4.076015E-16
3805.885083,4.144016E-16
3808.647535,4.158865E-16
3811.409988,4.086704E-16
3814.172441,4.047189E-16
3816.934893,4.058668E-16
3819.697346,4.059798E-16
3822.459798,4.152289E-16
3825.222251,4.289391E-16
3827.984704,4.244889E-16
3830.747156,4.186161E-16
3833.509609,4.206685E-16
3836.272061,4.235592E-16
3839.034514,4.221908E-16
3841.796967,4.251480E-16
3844.559419,4.282482E-16
3847.321872,4.347326E-16
3850.084324,4.289476E-16
3852.846777,4.260629E-16
3855.60923,4.345003E-16
3858.371682,4.393631E-16
3861.134135,4.355236E-16
3863.896587,4.421402E-16
3866.65904,4.533674E-16
3869.421493,4.427196E-16
3872.183945,4.390528E-16
3874.946398,4.479067E-16
3877.70885,4.522835E-16
3880.471303,4.663871E-16
3883.233756,4.636563E-16
3885.996208,4.562171E-16
3888.758661,4.748374E-16
3891.521113,4.719605E-16
3894.283566,4.667758E-16
3897.046019,4.686147E-16
3899.808471,4.745603E-16
3902.570924,4.856029E-16
3905.333376,4.797915E-16
3908.095829,4.815356E-16
3910.858282,4.784719E-16
3913.620734,4.756973E-16
3916.383187,4.740809E-16
3919.145639,4.716291E-16
3921.908092,4.776471E-16
3924.670545,4.733390E-16
3927.432997,4.724387E-16
3930.19545,4.695361E-16
3932.957902,4.766723E-16
3935.720355,4.760664E-16
3938.482808,4.657246E-16
3941.24526,4.684957E-16
3944.007713,4.824056E-16
3946.770165,5.002267E-16
3949.532618,5.040415E-16
3952.295071,5.159272E-16
3955.057523,5.308610E-16
3957.819976,5.271520E-16
3960.582428,5.332120E-16
3963.344881,5.479325E-16
3966.107334,5.382562E-16
3968.869786,5.417544E-16
3971.632239,5.539903E-16
3974.394691,5.575147E-16
3977.157144,5.609633E-16
3979.919597,5.652959E-16
3982.682049,5.808418E-16
3985.444502,5.763176E-16
3988.206954,5.845961E-16
3990.969407,5.984095E-16
3993.73186,5.973478E-16
3996.494312,5.988098E-16
3999.256765,5.913213E-16
4002.019217,5.791663E-16
4004.78167,5.650331E-16
4007.544123,5.552020E-16
4010.306575,5.605082E-16
4013.069028,5.625141E-16
4015.831481,5.780941E-16
4018.593933,6.127483E-16
4021.356386,6.375937E-16
4024.118838,6.450592E-16
4026.881291,6.318028E-16
4029.643744,6.079154E-16
4032.406196,5.951324E-16
4035.168649,5.745172E-16
4037.931101,5.611505E-16
4040.693554,5.591173E-16
4043.456007,5.408521E-16
4046.218459,5.273168E-16
4048.980912,5.238820E-16
4051.743364,5.068273E-16
4054.505817,4.991197E-16
4057.26827,5.028818E-16
4060.030722,5.145561E-16
4062.793175,5.081902E-16
4065.555627,5.035867E-16
4068.31808,5.187715E-16
4071.080533,5.320534E-16
4073.842985,5.421559E-16
4076.605438,5.328641E-16
4079.36789,5.206687E-16
4082.130343,5.228606E-16
4084.892796,5.216582E-16
4087.655248,5.166669E-16
4090.417701,5.048073E-16
4093.180153,5.014811E-16
4095.942606,5.039571E-16
4098.705059,5.140705E-16
4101.467511,5.209742E-16
4104.229964,5.289303E-16
4106.992416,5.394889E-16
4109.754869,5.376846E-16
4112.517322,5.355580E-16
4115.279774,5.342503E-16
4118.042227,5.301330E-16
4120.804679,5.200485E-16
4123.567132,5.222370E-16
4126.329585,5.319223E-16
4129.092037,5.284947E-16
4131.85449,5.258333E-16
4134.616942,5.222602E-16
4137.379395,5.226358E-16
4140.141848,5.331914E-16
4142.9043,5.296660E-16
4145.666753,5.202271E-16
4148.429205,5.181827E-16
4151.191658,5.184472E-16
4153.954111,5.323962E-16
4156.716563,5.404921E-16
4159.479016,5.520368E-16
4162.241468,5.677481E-16
4165.003921,5.728390E-16
4167.766374,5.644153E-16
4170.528826,5.573153E-16
4173.291279,5.643687E-16
4176.053731,5.641537E-16
4178.816184,5.557195E-16
4181.578637,5.490881E-16
4184.341089,5.529636E-16
4187.103542,5.489680E-16
4189.865994,5.402488E-16
4192.628447,5.383613E-16
4195.3909,5.446506E-16
4198.153352,5.509965E-16
4200.915805,5.418687E-16
4203.678257,5.382312E-16
4206.44071,5.324286E-16
4209.203163,5.233210E-16
4211.965615,5.307331E-16
4214.728068,5.438615E-16
4217.49052,5.393492E-16
4220.252973,5.309388E-16
4223.015426,5.348127E-16
4225.777878,5.419725E-16
4228.540331,5.446865E-16
4231.302783,5.416817E-16
4234.065236,5.398028E-16
4236.827689,5.391413E-16
4239.590141,5.422510E-16
4242.352594,5.504394E-16
4245.115047,5.517838E-16
4247.877499,5.580363E-16
4250.639952,5.665405E-16
4253.402404,5.640414E-16
4256.164857,5.715073E-16
4258.92731,5.762217E-16
4261.689762,5.825290E-16
4264.452215,5.973362E-16
4267.214667,5.956807E-16
4269.97712,6.013434E-16
4272.739573,6.057248E-16
4275.502025,6.013883E-16
4278.264478,5.998518E-16
4281.02693,6.028436E-16
4283.789383,6.033349E-16
4286.551836,6.029778E-16
4289.314288,6.089758E-16
4292.076741,6.111840E-16
4294.839193,6.113971E-16
4297.601646,6.154670E-16
4300.364099,6.143221E-16
4303.126551,6.132557E-16
4305.889004,6.041951E-16
4308.651456,5.983682E-16
4311.413909,5.964962E-16
4314.176362,5.928134E-16
4316.938814,5.964707E-16
4319.701267,5.905860E-16
4322.463719,5.855342E-16
4325.226172,5.761760E-16
4327.988625,5.768001E-16
4330.751077,5.697711E-16
4333.51353,5.629513E-16
4336.275982,5.675988E-16
4339.038435,5.573810E-16
4341.800888,5.471799E-16
4344.56334,5.479101E-16
4347.325793,5.522851E-16
4350.088245,5.439525E-16
4352.850698,5.354020E-16
4355.613151,5.332753E-16
4358.375603,5.339573E-16
4361.138056,5.300003E-16
4363.900508,5.267249E-16
4366.662961,5.381427E-16
4369.425414,5.395378E-16
4372.187866,5.324540E-16
4374.950319,5.394106E-16
4377.712771,5.423155E-16
4380.475224,5.396450E-16
4383.237677,5.452755E-16
4386.000129,5.509460E-16
4388.762582,5.489776E-16
4391.525034,5.551965E-16
4394.287487,5.587112E-16
4397.04994,5.580872E-16
4399.812392,5.632624E-16
4402.574845,5.686412E-16
4405.337297,5.689864E-16
4408.09975,5.715541E-16
4410.862203,5.757703E-16
4413.624655,5.769933E-16
4416.387108,5.804763E-16
4419.14956,5.779571E-16
4421.912013,5.730254E-16
4424.674466,5.724202E-16
4427.436918,5.713029E-16
4430.199371,5.735288E-16
4432.961823,5.700031E-16
4435.724276,5.662899E-16
4438.486729,5.583873E-16
4441.249181,5.556438E-16
4444.011634,5.484233E-16
4446.774086,5.423637E-16
4449.536539,5.278427E-16
4452.298992,5.323761E-16
4455.061444,5.415232E-16
4457.823897,5.289580E-16
4460.586349,5.273865E-16
4463.348802,5.264270E-16
4466.111255,5.174831E-16
4468.873707,5.182872E-16
4471.63616,5.242990E-16
4474.398612,5.349600E-16
4477.161065,5.319658E-16
4479.923518,5.285642E-16
4482.68597,5.326362E-16
4485.448423,5.288721E-16
4488.210876,5.315696E-16
4490.973328,5.340855E-16
4493.735781,5.384672E-16
4496.498233,5.445580E-16
4499.260686,5.589847E-16
4502.023139,5.611706E-16
4504.785591,5.612993E-16
4507.548044,5.570253E-16
4510.310496,5.466944E-16
4513.072949,5.467059E-16
4515.835402,5.393359E-16
4518.597854,5.377354E-16
4521.360307,5.415024E-16
4524.122759,5.383653E-16
4526.885212,5.430329E-16
4529.647665,5.601523E-16
4532.410117,5.659931E-16
4535.17257,5.607256E-16
4537.935022,5.652556E-16
4540.697475,5.668858E-16
4543.459928,5.694625E-16
4546.22238,5.710684E-16
4548.984833,5.557456E-16
4551.747285,5.542274E-16
4554.509738,5.611215E-16
4557.272191,5.518653E-16
4560.034643,5.526997E-16
4562.797096,5.623332E-16
4565.559548,5.625437E-16
4568.322001,5.648440E-16
4571.084454,5.713290E-16
4573.846906,5.773471E-16
4576.609359,5.778626E-16
4579.371811,5.778534E-16
4582.134264,5.810973E-16
4584.896717,5.744484E-16
4587.659169,5.688396E-16
4590.421622,5.732540E-16
4593.184074,5.658564E-16
4595.946527,5.631607E-16
4598.70898,5.664466E-16
4601.471432,5.520661E-16
4604.233885,5.437341E-16
4606.996337,5.478511E-16
4609.75879,5.559228E-16
4612.521243,5.628806E-16
4615.283695,5.757998E-16
4618.046148,6.021785E-16
4620.8086,6.194352E-16
4623.571053,6.326274E-16
4626.333506,6.420970E-16
4629.095958,6.439338E-16
4631.858411,6.396042E-16
4634.620863,6.356440E-16
4637.383316,6.280016E-16
4640.145769,6.276092E-16
4642.908221,6.214374E-16
4645.670674,6.237072E-16
4648.433126,6.175017E-16
4651.195579,6.040581E-16
4653.958032,6.065453E-16
4656.720484,5.986410E-16
4659.482937,5.916222E-16
4662.245389,5.897479E-16
4665.007842,5.828666E-16
4667.770295,5.804263E-16
4670.532747,5.821369E-16
4673.2952,5.795767E-16
4676.057652,5.739324E-16
4678.820105,5.603872E-16
4681.582558,5.584665E-16
4684.34501,5.626470E-16
4687.107463,5.553843E-16
4689.869915,5.439520E-16
4692.632368,5.472845E-16
4695.394821,5.600395E-16
4698.157273,5.576161E-16
4700.919726,5.487244E-16
4703.682178,5.484185E-16
4706.444631,5.488390E-16
4709.207084,5.420153E-16
4711.969536,5.439507E-16
4714.731989,5.459956E-16
4717.494442,5.493536E-16
4720.256894,5.555637E-16
4723.019347,5.614742E-16
4725.781799,5.642990E-16
4728.544252,5.518934E-16
4731.306705,5.477989E-16
4734.069157,5.372678E-16
4736.83161,5.368030E-16
4739.594062,5.419929E-16
4742.356515,5.400637E-16
4745.118968,5.402426E-16
4747.88142,5.425833E-16
4750.643873,5.419159E-16
4753.406325,5.424001E-16
4756.168778,5.368404E-16
4758.931231,5.330403E-16
4761.693683,5.378883E-16
4764.456136,5.374024E-16
4767.218588,5.338154E-16
4769.981041,5.296927E-16
4772.743494,5.285603E-16
4775.505946,5.322405E-16
4778.268399,5.343985E-16
4781.030851,5.352472E-16
4783.793304,5.420052E-16
4786.555757,5.385838E-16
4789.318209,5.353251E-16
4792.080662,5.324038E-16
4794.843114,5.337596E-16
4797.605567,5.345750E-16
4800.36802,5.332927E-16
4803.130472,5.354509E-16
4805.892925,5.371309E-16
4808.655377,5.475084E-16
4811.41783,5.484317E-16
4814.180283,5.429033E-16
4816.942735,5.425584E-16
4819.705188,5.469771E-16
4822.46764,5.400433E-16
4825.230093,5.392556E-16
4827.992546,5.405826E-16
4830.754998,5.439103E-16
4833.517451,5.450328E-16
4836.279903,5.395617E-16
4839.042356,5.363361E-16
4841.804809,5.421084E-16
4844.567261,5.414358E-16
4847.329714,5.386459E-16
4850.092166,5.375569E-16
4852.854619,5.366727E-16
4855.617072,5.383344E-16
4858.379524,5.475832E-16
4861.141977,5.555927E-16
4863.904429,5.573562E-16
4866.666882,5.689133E-16
4869.429335,5.636326E-16
4872.191787,5.550585E-16
4874.95424,5.582357E-16
4877.716692,5.597587E-16
4880.479145,5.502993E-16
4883.241598,5.546554E-16
4886.00405,5.434932E-16
4888.766503,5.353362E-16
4891.528955,5.379785E-16
4894.291408,5.363988E-16
4897.053861,5.368963E-16
4899.816313,5.336679E-16
4902.578766,5.247439E-16
4905.341218,5.253505E-16
4908.103671,5.179348E-16
4910.866124,5.136957E-16
4913.628576,5.111828E-16
4916.391029,5.021815E-16
4919.153481,5.023219E-16
4921.915934,5.110973E-16
4924.678387,5.055227E-16
4927.440839,5.012461E-16
4930.203292,5.025700E-16
4932.965744,4.994118E-16
4935.728197,4.965765E-16
4938.49065,5.016929E-16
4941.253102,5.011554E-16
4944.015555,4.907598E-16
4946.778008,4.898334E-16
4949.54046,4.927128E-16
4952.302913,4.972893E-16
4955.065365,5.044642E-16
4957.827818,5.046775E-16
4960.590271,5.029831E-16
4963.352723,5.066493E-16
4966.115176,5.077179E-16
4968.877628,5.128343E-16
4971.640081,5.251191E-16
4974.402534,5.302675E-16
4977.164986,5.242324E-16
4979.927439,5.207861E-16
4982.689891,5.137024E-16
4985.452344,5.164946E-16
4988.214797,5.173624E-16
4990.977249,5.156848E-16
4993.739702,5.115760E-16
4996.502154,5.081013E-16
4999.264607,5.139678E-16
5002.02706,5.146351E-16
5004.789512,5.164491E-16
5007.551965,5.101429E-16
5010.314417,5.072915E-16
5013.07687,5.101008E-16
5015.839323,5.037740E-16
5018.601775,5.089723E-16
5021.364228,5.146714E-16
5024.12668,5.029749E-16
5026.889133,4.992239E-16
5029.651586,5.033115E-16
5032.414038,4.987181E-16
5035.176491,4.946862E-16
5037.938943,4.999043E-16
5040.701396,5.080400E-16
5043.463849,5.100760E-16
5046.226301,5.149207E-16
5048.988754,5.247006E-16
5051.751206,5.152909E-16
5054.513659,5.038255E-16
5057.276112,5.127145E-16
5060.038564,5.174861E-16
5062.801017,5.065292E-16
5065.563469,5.067946E-16
5068.325922,5.105092E-16
5071.088375,5.119687E-16
5073.850827,5.173347E-16
5076.61328,5.224214E-16
5079.375732,5.324671E-16
5082.138185,5.476517E-16
5084.900638,5.565482E-16
5087.66309,5.661801E-16
5090.425543,5.730326E-16
5093.187995,5.664225E-16
5095.950448,5.651325E-16
5098.712901,5.692286E-16
5101.475353,5.588349E-16
5104.237806,5.567118E-16
5107.000258,5.590257E-16
5109.762711,5.595977E-16
5112.525164,5.547191E-16
5115.287616,5.485506E-16
5118.050069,5.501305E-16
5120.812521,5.522877E-16
5123.574974,5.514657E-16
5126.337427,5.501689E-16
5129.099879,5.475166E-16
5131.862332,5.492891E-16
5134.624784,5.517086E-16
5137.387237,5.541498E-16
5140.14969,5.543309E-16
5142.912142,5.596520E-16
5145.674595,5.622145E-16
5148.437047,5.630281E-16
5151.1995,5.535727E-16
5153.961953,5.520055E-16
5156.724405,5.525238E-16
5159.486858,5.550164E-16
5162.24931,5.586426E-16
5165.011763,5.600135E-16
5167.774216,5.669712E-16
5170.536668,5.804455E-16
5173.299121,5.935979E-16
5176.061574,6.171532E-16
5178.824026,6.286904E-16
5181.586479,6.299910E-16
5184.348931,6.358612E-16
5187.111384,6.311934E-16
5189.873837,6.304063E-16
5192.636289,6.354512E-16
5195.398742,6.395253E-16
5198.161194,6.496221E-16
5200.923647,6.559106E-16
5203.6861,6.572308E-16
5206.448552,6.535343E-16
5209.211005,6.525314E-16
5211.973457,6.521014E-16
5214.73591,6.498201E-16
5217.498363,6.390861E-16
5220.260815,6.399706E-16
5223.023268,6.389185E-16
5225.78572,6.262639E-16
5228.548173,6.218303E-16
5231.310626,6.244190E-16
5234.073078,6.226605E-16
5236.835531,6.158708E-16
5239.597983,6.135904E-16
5242.360436,6.095510E-16
5245.122889,6.044668E-16
5247.885341,6.033149E-16
5250.647794,6.126311E-16
5253.410246,6.103672E-16
5256.172699,5.957674E-16
5258.935152,5.942506E-16
5261.697604,5.911671E-16
5264.460057,5.827640E-16
5267.222509,5.777687E-16
5269.984962,5.702789E-16
5272.747415,5.549348E-16
5275.509867,5.445440E-16
5278.27232,5.406964E-16
5281.034772,5.377706E-16
5283.797225,5.422691E-16
5286.559678,5.487079E-16
5289.32213,5.517797E-16
5292.084583,5.652295E-16
5294.847035,5.778865E-16
5297.609488,5.713185E-16
5300.371941,5.602266E-16
5303.134393,5.550319E-16
5305.896846,5.401702E-16
5308.659298,5.217490E-16
5311.421751,5.252647E-16
5314.184204,5.343281E-16
5316.946656,5.420903E-16
5319.709109,5.595735E-16
5322.471561,5.747345E-16
5325.234014,5.824430E-16
5327.996467,5.857327E-16
5330.758919,5.818091E-16
5333.521372,5.779874E-16
5336.283824,5.744772E-16
5339.046277,5.715656E-16
5341.80873,5.620667E-16
5344.571182,5.527201E-16
5347.333635,5.568084E-16
5350.096087,5.530846E-16
5352.85854,5.513643E-16
5355.620993,5.508410E-16
5358.383445,5.402454E-16
5361.145898,5.354426E-16
5363.90835,5.481434E-16
5366.670803,5.473251E-16
5369.433256,5.514424E-16
5372.195708,5.510983E-16
5374.958161,5.361301E-16
5377.720613,5.306176E-16
5380.483066,5.370499E-16
5383.245519,5.367362E-16
5386.007971,5.338033E-16
5388.770424,5.272916E-16
5391.532876,5.287916E-16
5394.295329,5.267965E-16
5397.057782,5.196630E-16
5399.820234,5.246382E-16
5402.582687,5.276615E-16
5405.34514,5.194776E-16
5408.107592,5.123197E-16
5410.870045,5.063129E-16
5413.632497,5.006151E-16
5416.39495,5.012211E-16
5419.157403,5.044691E-16
5421.919855,5.013656E-16
5424.682308,4.992806E-16
5427.44476,5.052178E-16
5430.207213,4.922431E-16
5432.969666,4.851216E-16
5435.732118,4.875874E-16
5438.494571,4.847927E-16
5441.257023,4.817955E-16
5444.019476,4.840864E-16
5446.781929,4.818175E-16
5449.544381,4.826880E-16
5452.306834,4.788022E-16
5455.069286,4.771793E-16
5457.831739,4.737701E-16
5460.594192,4.713839E-16
5463.356644,4.700140E-16
5466.119097,4.649275E-16
5468.881549,4.650823E-16
5471.644002,4.659708E-16
5474.406455,4.652856E-16
5477.168907,4.633698E-16
5479.93136,4.669187E-16
5482.693812,4.706531E-16
5485.456265,4.741212E-16
5488.218718,4.781199E-16
5490.98117,4.779216E-16
5493.743623,4.723533E-16
5496.506075,4.724090E-16
5499.268528,4.717392E-16
5502.030981,4.640620E-16
5504.793433,4.647499E-16
5507.555886,4.751499E-16
5510.318338,4.754736E-16
5513.080791,4.778968E-16
5515.843244,4.734978E-16
5518.605696,4.754327E-16
5521.368149,4.794744E-16
5524.130601,4.725078E-16
5526.893054,4.632976E-16
5529.655507,4.651592E-16
5532.417959,4.621317E-16
5535.180412,4.639442E-16
5537.942864,4.575898E-16
5540.705317,4.554392E-16
5543.46777,4.599614E-16
5546.230222,4.542341E-16
5548.992675,4.527288E-16
5551.755127,4.644925E-16
5554.51758,4.608368E-16
5557.280033,4.518519E-16
5560.042485,4.452454E-16
5562.804938,4.445489E-16
5565.56739,4.471929E-16
5568.329843,4.576280E-16
5571.092296,4.532527E-16
5573.854748,4.422758E-16
5576.617201,4.423316E-16
5579.379653,4.339621E-16
5582.142106,4.354992E-16
5584.904559,4.409540E-16
5587.667011,4.472953E-16
5590.429464,4.390585E-16
5593.191916,4.336148E-16
5595.954369,4.320833E-16
5598.716822,4.367603E-16
5601.479274,4.381051E-16
5604.241727,4.198164E-16
5607.004179,4.239009E-16
5609.766632,4.392642E-16
5612.529085,4.410784E-16
5615.291537,4.397427E-16
5618.05399,4.381441E-16
5620.816442,4.546887E-16
5623.578895,4.529842E-16
5626.341348,4.449204E-16
5629.1038,4.501286E-16
5631.866253,4.603254E-16
5634.628706,4.631630E-16
5637.391158,4.632716E-16
5640.153611,4.541370E-16
5642.916063,4.503583E-16
5645.678516,4.640759E-16
5648.440969,4.634157E-16
5651.203421,4.627869E-16
5653.965874,4.640674E-16
5656.728326,4.653381E-16
5659.490779,4.601663E-16
5662.253232,4.523305E-16
5665.015684,4.516356E-16
5667.778137,4.546611E-16
5670.540589,4.488905E-16
5673.303042,4.463432E-16
5676.065495,4.459873E-16
5678.827947,4.416475E-16
5681.5904,4.433762E-16
5684.352852,4.472180E-16
5687.115305,4.499538E-16
5689.877758,4.490614E-16
5692.64021,4.460413E-16
5695.402663,4.450545E-16
5698.165115,4.444572E-16
5700.927568,4.354590E-16
5703.690021,4.381494E-16
5706.452473,4.412468E-16
5709.214926,4.422575E-16
5711.977378,4.440036E-16
5714.739831,4.311523E-16
5717.502284,4.277473E-16
5720.264736,4.381517E-16
5723.027189,4.339588E-16
5725.789641,4.255754E-16
5728.552094,4.279740E-16
5731.314547,4.295931E-16
5734.076999,4.276302E-16
5736.839452,4.272633E-16
5739.601904,4.269160E-16
5742.364357,4.275023E-16
5745.12681,4.291744E-16
5747.889262,4.259902E-16
5750.651715,4.292022E-16
5753.414167,4.363433E-16
5756.17662,4.333900E-16
5758.939073,4.325254E-16
5761.701525,4.342319E-16
5764.463978,4.312594E-16
5767.22643,4.311906E-16
5769.988883,4.340444E-16
5772.751336,4.334224E-16
5775.513788,4.333363E-16
5778.276241,4.317545E-16
5781.038693,4.264699E-16
5783.801146,4.285039E-16
5786.563599,4.364983E-16
5789.326051,4.385801E-16
5792.088504,4.333802E-16
5794.850956,4.313746E-16
5797.613409,4.373313E-16
5800.375862,4.398677E-16
5803.138314,4.297670E-16
5805.900767,4.236281E-16
5808.663219,4.321421E-16
5811.425672,4.390690E-16
5814.188125,4.415875E-16
5816.950577,4.463797E-16
5819.71303,4.405476E-16
5822.475482,4.460105E-16
5825.237935,4.500626E-16
5828.000388,4.482713E-16
5830.76284,4.520990E-16
5833.525293,4.511444E-16
5836.287745,4.498135E-16
5839.050198,4.414870E-16
5841.812651,4.395937E-16
5844.575103,4.446426E-16
5847.337556,4.427400E-16
5850.100008,4.463670E-16
5852.862461,4.482191E-16
5855.624914,4.513473E-16
5858.387366,4.493093E-16
5861.149819,4.436151E-16
5863.912271,4.542824E-16
5866.674724,4.576570E-16
5869.437177,4.530139E-16
5872.199629,4.585607E-16
5874.962082,4.543397E-16
5877.724535,4.418552E-16
5880.486987,4.351039E-16
5883.24944,4.352085E-16
5886.011892,4.325601E-16
5888.774345,4.290298E-16
5891.536798,4.369183E-16
5894.29925,4.388130E-16
5897.061703,4.323351E-16
5899.824155,4.295406E-16
5902.586608,4.266635E-16
5905.349061,4.204706E-16
5908.111513,4.196606E-16
5910.873966,4.164917E-16
5913.636418,4.190947E-16
5916.398871,4.261099E-16
5919.161324,4.293435E-16
5921.923776,4.260639E-16
5924.686229,4.225257E-16
5927.448681,4.200609E-16
5930.211134,4.225902E-16
5932.973587,4.164403E-16
5935.736039,4.178961E-16
5938.498492,4.183493E-16
5941.260944,4.117826E-16
5944.023397,4.048069E-16
5946.78585,4.086302E-16
5949.548302,4.214488E-16
5952.310755,4.179157E-16
5955.073207,4.127344E-16
5957.83566,4.085051E-16
5960.598113,4.093096E-16
5963.360565,4.059900E-16
5966.123018,4.025602E-16
5968.88547,4.063077E-16
5971.647923,4.051332E-16
5974.410376,4.032281E-16
5977.172828,4.070575E-16
5979.935281,4.063422E-16
5982.697733,4.021900E-16
5985.460186,4.035607E-16
5988.222639,4.062081E-16
5990.985091,4.103247E-16
5993.747544,4.153332E-16
5996.509996,4.135295E-16
5999.272449,4.100253E-16
6002.034902,4.129992E-16
6004.797354,4.158775E-16
6007.559807,4.211762E-16
6010.322259,4.237017E-16
6013.084712,4.203059E-16
6015.847165,4.227300E-16
6018.609617,4.287161E-16
6021.37207,4.354330E-16
6024.134522,4.405601E-16
6026.896975,4.428267E-16
6029.659428,4.386933E-16
6032.42188,4.387326E-16
6035.184333,4.440832E-16
6037.946785,4.327312E-16
6040.709238,4.186804E-16
6043.471691,4.078739E-16
6046.234143,3.963492E-16
6048.996596,3.993829E-16
6051.759048,4.247586E-16
6054.521501,4.550905E-16
6057.283954,4.986457E-16
6060.046406,5.439961E-16
6062.808859,5.751263E-16
6065.571311,5.811271E-16
6068.333764,5.846233E-16
6071.096217,5.683897E-16
6073.858669,5.498411E-16
6076.621122,5.317849E-16
6079.383574,5.145869E-16
6082.146027,5.083127E-16
6084.90848,4.987173E-16
6087.670932,4.934208E-16
6090.433385,4.967308E-16
6093.195837,5.011683E-16
6095.95829,5.031586E-16
6098.720743,4.985154E-16
6101.483195,4.856599E-16
6104.245648,4.803548E-16
6107.008101,4.820778E-16
6109.770553,4.785849E-16
6112.533006,4.722767E-16
6115.295458,4.714994E-16
6118.057911,4.651283E-16
6120.820364,4.574334E-16
6123.582816,4.588983E-16
6126.345269,4.607348E-16
6129.107721,4.584206E-16
6131.870174,4.538507E-16
6134.632627,4.541882E-16
6137.395079,4.530419E-16
6140.157532,4.510418E-16
6142.919984,4.485278E-16
6145.682437,4.451428E-16
6148.44489,4.395346E-16
6151.207342,4.339100E-16
6153.969795,4.399761E-16
6156.732247,4.515116E-16
6159.4947,4.487621E-16
6162.257153,4.371522E-16
6165.019605,4.319791E-16
6167.782058,4.275261E-16
6170.54451,4.273487E-16
6173.306963,4.301560E-16
6176.069416,4.270347E-16
6178.831868,4.230015E-16
6181.594321,4.205186E-16
6184.356773,4.250468E-16
6187.119226,4.262575E-16
6189.881679,4.184913E-16
6192.644131,4.142536E-16
6195.406584,4.033566E-16
6198.169036,3.919442E-16
6200.931489,3.912567E-16
6203.693942,3.962055E-16
6206.456394,4.022213E-16
6209.218847,3.913036E-16
6211.981299,3.819560E-16
6214.743752,3.860458E-16
6217.506205,3.939492E-16
6220.268657,3.862783E-16
6223.03111,3.842979E-16
6225.793562,3.794746E-16
6228.556015,3.819087E-16
6231.318468,3.792302E-16
6234.08092,3.786840E-16
6236.843373,3.787346E-16
6239.605825,3.734520E-16
6242.368278,3.704144E-16
6245.130731,3.729831E-16
6247.893183,3.672317E-16
6250.655636,3.669373E-16
6253.418088,3.755049E-16
6256.180541,3.762641E-16
6258.942994,3.688119E-16
6261.705446,3.686708E-16
6264.467899,3.743620E-16
6267.230351,3.658300E-16
6269.992804,3.621610E-16
6272.755257,3.627520E-16
6275.517709,3.575051E-16
6278.280162,3.557624E-16
6281.042614,3.660805E-16
6283.805067,3.757988E-16
6286.56752,3.746960E-16
6289.329972,3.755305E-16
6292.092425,3.737107E-16
6294.854877,3.687877E-16
6297.61733,3.695995E-16
6300.379783,3.667461E-16
6303.142235,3.666735E-16
6305.904688,3.697418E-16
6308.66714,3.680311E-16
6311.429593,3.619506E-16
6314.192046,3.635200E-16
6316.954498,3.732982E-16
6319.716951,3.778803E-16
6322.479403,3.772794E-16
6325.241856,3.670357E-16
6328.004309,3.611304E-16
6330.766761,3.644430E-16
6333.529214,3.670367E-16
6336.291667,3.738613E-16
6339.054119,3.724241E-16
6341.816572,3.724671E-16
6344.579024,3.743808E-16
6347.341477,3.695491E-16
6350.10393,3.629356E-16
6352.866382,3.667829E-16
6355.628835,3.684500E-16
6358.391287,3.741740E-16
6361.15374,3.774869E-16
6363.916193,3.729715E-16
6366.678645,3.720859E-16
6369.441098,3.662715E-16
6372.20355,3.650968E-16
6374.966003,3.611828E-16
6377.728456,3.644039E-16
6380.490908,3.685877E-16
6383.253361,3.662596E-16
6386.015813,3.614505E-16
6388.778266,3.594458E-16
6391.540719,3.630942E-16
6394.303171,3.619691E-16
6397.065624,3.630698E-16
6399.828076,3.638973E-16
6402.590529,3.661840E-16
6405.352982,3.707859E-16
6408.115434,3.771975E-16
6410.877887,3.763754E-16
6413.640339,3.749263E-16
6416.402792,3.765795E-16
6419.165245,3.447643E-16
6421.927697,3.337526E-16
6424.69015,3.643757E-16
6427.452602,3.819933E-16
6430.215055,3.805413E-16
6432.977508,3.813219E-16
6435.73996,3.816814E-16
6438.502413,3.750624E-16
6441.264865,3.794579E-16
6444.027318,3.819258E-16
6446.789771,3.721357E-16
6449.552223,3.752756E-16
6452.314676,3.763017E-16
6455.077128,3.721252E-16
6457.839581,3.814949E-16
6460.602034,3.822956E-16
6463.364486,3.761518E-16
6466.126939,3.809978E-16
6468.889391,3.761901E-16
6471.651844,3.639280E-16
6474.414297,3.614600E-16
6477.176749,3.694272E-16
6479.939202,3.619211E-16
6482.701654,3.628684E-16
6485.464107,3.694667E-16
6488.22656,3.732115E-16
6490.989012,3.731183E-16
6493.751465,3.780880E-16
6496.513917,3.844348E-16
6499.27637,3.876407E-16
6502.038823,3.851008E-16
6504.801275,3.894616E-16
6507.563728,3.895005E-16
6510.32618,3.910189E-16
6513.088633,3.942590E-16
6515.851086,3.898920E-16
6518.613538,3.868239E-16
6521.375991,3.937023E-16
6524.138443,3.934037E-16
6526.900896,3.935889E-16
6529.663349,3.973632E-16
6532.425801,3.990507E-16
6535.188254,4.018433E-16
6537.950706,4.029570E-16
6540.713159,4.012870E-16
6543.475612,4.032443E-16
6546.238064,4.104010E-16
6549.000517,4.099955E-16
6551.762969,4.061745E-16
6554.525422,4.103049E-16
6557.287875,4.116801E-16
6560.050327,4.097464E-16
6562.81278,4.102807E-16
6565.575233,4.166241E-16
6568.337685,4.207625E-16
6571.100138,4.179185E-16
6573.86259,4.215285E-16
6576.625043,4.170818E-16
6579.387496,4.128457E-16
6582.149948,4.151876E-16
6584.912401,4.083323E-16
6587.674853,4.054163E-16
6590.437306,3.905674E-16
6593.199759,3.995273E-16
6595.962211,4.226900E-16
6598.724664,4.239647E-16
6601.487116,4.166695E-16
6604.249569,4.120914E-16
6607.012022,4.159281E-16
6609.774474,4.112392E-16
6612.536927,4.101365E-16
6615.299379,4.030924E-16
6618.061832,4.057951E-16
6620.824285,4.068681E-16
6623.586737,4.049941E-16
6626.34919,4.011439E-16
6629.111642,3.975156E-16
6631.874095,4.003060E-16
6634.636548,4.079984E-16
6637.399,4.007335E-16
6640.161453,3.928737E-16
6642.923905,3.967832E-16
6645.686358,4.019702E-16
6648.448811,3.992554E-16
6651.211263,3.921615E-16
6653.973716,3.916437E-16
6656.736168,3.911090E-16
6659.498621,3.868832E-16
6662.261074,3.901972E-16
6665.023526,3.924243E-16
6667.785979,3.859121E-16
6670.548431,3.822975E-16
6673.310884,3.761036E-16
6676.073337,3.784976E-16
6678.835789,3.775578E-16
6681.598242,3.744940E-16
6684.360694,3.718596E-16
6687.123147,3.684913E-16
6689.8856,3.704218E-16
6692.648052,3.712309E-16
6695.410505,3.734100E-16
6698.172957,3.761884E-16
6700.93541,3.756805E-16
6703.697863,3.727079E-16
6706.460315,3.687123E-16
6709.222768,3.637332E-16
6711.98522,3.655911E-16
6714.747673,3.662422E-16
6717.510126,3.659930E-16
6720.272578,3.678294E-16
6723.035031,3.603890E-16
6725.797483,3.581526E-16
6728.559936,3.612096E-16
6731.322389,3.680573E-16
6734.084841,3.643641E-16
6736.847294,3.620967E-16
6739.609746,3.657607E-16
6742.372199,3.623363E-16
6745.134652,3.638345E-16
6747.897104,3.677287E-16
6750.659557,3.659811E-16
6753.422009,3.696769E-16
6756.184462,3.744064E-16
6758.946915,3.756356E-16
6761.709367,3.775674E-16
6764.47182,3.736863E-16
6767.234272,3.725254E-16
6769.996725,3.750275E-16
6772.759178,3.712779E-16
6775.52163,3.735879E-16
6778.284083,3.805913E-16
6781.046535,3.840099E-16
6783.808988,3.841264E-16
6786.571441,3.910662E-16
6789.333893,3.847107E-16
6792.096346,3.887459E-16
6794.858799,3.914701E-16
6797.621251,3.922771E-16
6800.383704,3.945629E-16
6803.146156,3.924059E-16
6805.908609,3.864460E-16
6808.671062,3.802521E-16
6811.433514,3.933021E-16
6814.195967,3.928000E-16
6816.958419,3.805001E-16
6819.720872,3.768322E-16
6822.483325,3.743127E-16
6825.245777,3.750948E-16
6828.00823,3.723531E-16
6830.770682,3.733824E-16
6833.533135,3.697206E-16
6836.295588,3.624063E-16
6839.05804,3.572508E-16
6841.820493,3.546791E-16
6844.582945,3.566792E-16
6847.345398,3.595650E-16
6850.107851,3.611650E-16
6852.870303,3.541935E-16
6855.632756,3.481165E-16
6858.395208,3.380014E-16
6861.157661,3.117710E-16
6863.920114,2.921966E-16
6866.682566,2.833613E-16
6869.445019,2.786749E-16
6872.207471,2.729924E-16
6874.969924,2.836349E-16
6877.732377,3.105633E-16
6880.494829,3.290229E-16
6883.257282,3.436741E-16
6886.019734,3.675130E-16
6888.782187,3.854860E-16
6891.54464,3.814003E-16
6894.307092,3.887239E-16
6897.069545,3.892593E-16
6899.831997,3.903079E-16
6902.59445,3.848941E-16
6905.356903,3.809209E-16
6908.119355,3.804785E-16
6910.881808,3.837229E-16
6913.64426,3.758973E-16
6916.406713,3.714195E-16
6919.169166,3.725535E-16
6921.931618,3.498792E-16
6924.694071,3.434852E-16
6927.456523,3.538867E-16
6930.218976,3.528286E-16
6932.981429,3.468422E-16
6935.743881,3.410252E-16
6938.506334,3.315913E-16
6941.268786,3.282787E-16
6944.031239,3.329288E-16
6946.793692,3.221316E-16
6949.556144,3.202189E-16
6952.318597,3.256830E-16
6955.081049,3.231048E-16
6957.843502,3.195185E-16
6960.605955,3.177789E-16
6963.368407,3.187138E-16
6966.13086,3.269795E-16
6968.893312,3.143616E-16
6971.655765,3.060117E-16
6974.418218,3.145832E-16
6977.18067,3.116872E-16
6979.943123,3.147376E-16
6982.705575,3.151435E-16
6985.468028,3.113415E-16
6988.230481,3.145914E-16
6990.992933,3.124414E-16
6993.755386,3.047879E-16
6996.517838,3.022714E-16
6999.280291,3.059334E-16
7002.042744,3.102784E-16
7004.805196,3.076370E-16
7007.567649,3.087016E-16
7010.330101,3.117799E-16
7013.092554,3.206603E-16
7015.855007,3.262048E-16
7018.617459,3.133422E-16
7021.379912,3.094786E-16
7024.142365,3.200377E-16
7026.904817,3.175970E-16
7029.66727,3.138788E-16
7032.429722,3.175349E-16
7035.192175,3.198296E-16
7037.954628,3.227851E-16
7040.71708,3.167803E-16
7043.479533,3.134519E-16
7046.241985,3.116232E-16
7049.004438,3.088250E-16
7051.766891,3.064982E-16
7054.529343,3.152348E-16
7057.291796,3.214925E-16
7060.054248,3.156346E-16
7062.816701,2.996506E-16
7065.579154,3.009411E-16
7068.341606,3.035540E-16
7071.104059,3.035727E-16
7073.866511,3.046208E-16
7076.628964,2.989718E-16
7079.391417,2.908741E-16
7082.153869,2.985038E-16
7084.916322,3.047825E-16
7087.678774,3.051664E-16
7090.441227,2.977093E-16
7093.20368,2.999085E-16
7095.966132,3.051555E-16
7098.728585,2.992075E-16
7101.491037,2.944823E-16
7104.25349,2.936351E-16
7107.015943,2.973468E-16
7109.778395,2.949950E-16
7112.540848,2.929565E-16
7115.3033,2.941360E-16
7118.065753,2.918021E-16
7120.828206,3.004923E-16
7123.590658,2.930823E-16
7126.353111,2.801087E-16
7129.115563,2.846868E-16
7131.878016,2.870049E-16
7134.640469,2.883950E-16
7137.402921,2.868102E-16
7140.165374,2.939531E-16
7142.927826,2.952689E-16
7145.690279,2.912325E-16
7148.452732,2.811829E-16
7151.215184,2.797786E-16
7153.977637,2.798495E-16
7156.740089,2.836287E-16
7159.502542,2.853604E-16
7162.264995,2.874327E-16
7165.027447,2.871311E-16
7167.7899,2.799400E-16
7170.552352,2.822639E-16
7173.314805,2.855223E-16
7176.077258,2.814029E-16
7178.83971,2.795689E-16
7181.602163,2.794521E-16
7184.364615,2.820266E-16
7187.127068,2.853439E-16
7189.889521,2.868862E-16
7192.651973,2.948625E-16
7195.414426,2.994585E-16
7198.176878,2.969161E-16
7200.939331,3.006732E-16
7203.701784,3.005939E-16
7206.464236,2.952231E-16
7209.226689,2.978310E-16
7211.989141,2.984315E-16
7214.751594,3.011892E-16
7217.514047,3.002513E-16
7220.276499,2.980607E-16
7223.038952,2.915448E-16
7225.801404,2.849697E-16
7228.563857,2.873338E-16
7231.32631,2.808609E-16
7234.088762,2.802843E-16
7236.851215,2.962201E-16
7239.613667,3.004323E-16
7242.37612,3.105717E-16
7245.138573,3.235747E-16
7247.901025,3.209121E-16
7250.663478,3.142957E-16
7253.425931,3.190076E-16
7256.188383,3.134956E-16
7258.950836,3.142211E-16
7261.713288,3.207988E-16
7264.475741,3.287060E-16
7267.238194,3.352850E-16
7270.000646,3.406174E-16
7272.763099,3.386748E-16
7275.525551,3.380064E-16
7278.288004,3.447614E-16
7281.050457,3.486892E-16
7283.812909,3.538905E-16
7286.575362,3.599975E-16
7289.337814,3.640236E-16
7292.100267,3.728475E-16
7294.86272,3.746772E-16
7297.625172,3.659495E-16
7300.387625,3.667288E-16
7303.150077,3.564709E-16
7305.91253,3.485737E-16
7308.674983,3.394535E-16
7311.437435,3.276909E-16
7314.199888,3.254606E-16
7316.96234,3.258599E-16
7319.724793,3.204304E-16
7322.487246,3.292727E-16
7325.249698,3.311822E-16
7328.012151,3.252705E-16
7330.774603,3.253345E-16
7333.537056,3.216415E-16
7336.299509,3.086548E-16
7339.061961,3.005158E-16
7341.824414,2.952415E-16
7344.586866,2.933035E-16
7347.349319,2.932333E-16
7350.111772,2.850683E-16
7352.874224,2.919761E-16
7355.636677,3.053231E-16
7358.399129,3.036564E-16
7361.161582,3.002070E-16
7363.924035,2.917869E-16
7366.686487,2.842109E-16
7369.44894,2.809201E-16
7372.211392,2.786303E-16
7374.973845,2.883039E-16
7377.736298,2.869375E-16
7380.49875,2.876152E-16
7383.261203,2.914278E-16
7386.023655,2.955343E-16
7388.786108,3.008311E-16
7391.548561,2.844891E-16
7394.311013,2.838714E-16
7397.073466,2.869525E-16
7399.835918,2.842252E-16
7402.598371,2.757231E-16
7405.360824,2.817082E-16
7408.123276,2.858333E-16
7410.885729,2.825674E-16
7413.648181,2.914662E-16
7416.410634,2.980676E-16
7419.173087,3.019104E-16
7421.935539,3.141315E-16
7424.697992,3.080070E-16
7427.460444,2.991778E-16
7430.222897,2.969919E-16
7432.98535,2.904703E-16
7435.747802,2.823711E-16
7438.510255,2.831747E-16
7441.272707,2.959387E-16
7444.03516,3.064495E-16
7446.797613,3.121580E-16
7449.560065,3.149184E-16
7452.322518,3.172067E-16
7455.08497,3.252439E-16
7457.847423,3.252367E-16
7460.609876,3.143437E-16
7463.372328,3.149994E-16
7466.134781,3.075591E-16
7468.897233,2.999562E-16
7471.659686,3.070850E-16
7474.422139,3.143693E-16
7477.184591,3.242615E-16
7479.947044,3.144924E-16
7482.709496,3.138575E-16
7485.471949,3.254363E-16
7488.234402,3.223638E-16
7490.996854,3.101824E-16
7493.759307,2.988924E-16
7496.52176,2.981609E-16
7499.284212,2.931508E-16
7502.046665,2.925421E-16
7504.809117,2.991399E-16
7507.57157,3.110650E-16
7510.334023,3.163773E-16
7513.096475,3.205691E-16
7515.858928,3.238220E-16
7518.62138,3.159123E-16
7521.383833,3.126313E-16
7524.146286,3.131154E-16
7526.908738,3.057769E-16
7529.671191,2.978066E-16
7532.433643,2.924644E-16
7535.196096,2.855449E-16
7537.958549,2.822437E-16
7540.721001,2.841175E-16
7543.483454,2.894088E-16
7546.245906,2.993062E-16
7549.008359,3.004523E-16
7551.770812,2.894507E-16
7554.533264,2.796078E-16
7557.295717,2.804344E-16
7560.058169,2.688125E-16
7562.820622,2.574809E-16
7565.583075,2.596612E-16
7568.345527,2.577336E-16
7571.10798,2.517835E-16
7573.870432,2.510246E-16
7576.632885,2.517425E-16
7579.395338,2.536483E-16
7582.15779,2.514705E-16
7584.920243,2.399290E-16
7587.682695,2.169877E-16
7590.445148,1.857831E-16
7593.207601,1.578482E-16
7595.970053,1.334690E-16
7598.732506,1.154144E-16
7601.494958,1.179604E-16
7604.257411,1.427943E-16
7607.019864,1.851180E-16
7609.782316,2.360861E-16
7612.544769,2.965924E-16
7615.307221,3.133589E-16
7618.069674,2.769993E-16
7620.832127,2.503901E-16
7623.594579,2.358972E-16
7626.357032,2.178200E-16
7629.119484,2.163599E-16
7631.881937,2.168437E-16
7634.64439,2.373336E-16
7637.406842,2.494229E-16
7640.169295,2.549061E-16
7642.931747,2.713551E-16
7645.6942,2.840550E-16
7648.456653,2.886717E-16
7651.219105,2.809052E-16
7653.981558,2.685860E-16
7656.74401,2.613075E-16
7659.506463,2.644267E-16
7662.268916,2.618151E-16
7665.031368,2.583422E-16
7667.793821,2.485937E-16
7670.556273,2.452310E-16
7673.318726,2.590329E-16
7676.081179,2.585130E-16
7678.843631,2.537822E-16
7681.606084,2.646431E-16
7684.368536,2.669878E-16
7687.130989,2.527202E-16
7689.893442,2.459811E-16
7692.655894,2.529545E-16
7695.418347,2.470291E-16
7698.180799,2.501837E-16
7700.943252,2.443597E-16
7703.705705,2.411964E-16
7706.468157,2.445942E-16
7709.23061,2.545504E-16
7711.993062,2.650827E-16
7714.755515,2.624123E-16
7717.517968,2.660147E-16
7720.28042,2.660699E-16
7723.042873,2.568715E-16
7725.805326,2.530250E-16
7728.567778,2.485304E-16
7731.330231,2.473894E-16
7734.092683,2.457218E-16
7736.855136,2.410133E-16
7739.617589,2.450851E-16
7742.380041,2.493808E-16
7745.142494,2.576697E-16
7747.904946,2.621168E-16
7750.667399,2.536841E-16
7753.429852,2.527738E-16
7756.192304,2.617505E-16
7758.954757,2.591413E-16
7761.717209,2.523443E-16
7764.479662,2.559592E-16
7767.242115,2.483533E-16
7770.004567,2.455494E-16
7772.76702,2.368097E-16
7775.529472,2.368616E-16
7778.291925,2.470865E-16
7781.054378,2.511912E-16
7783.81683,2.534143E-16
7786.579283,2.625155E-16
7789.341735,2.596395E-16
7792.104188,2.630606E-16
7794.866641,2.549873E-16
7797.629093,2.460644E-16
7800.391546,2.418984E-16
7803.153998,2.340557E-16
7805.916451,2.313689E-16
7808.678904,2.375105E-16
7811.441356,2.403894E-16
7814.203809,2.473648E-16
7816.966261,2.513741E-16
7819.728714,2.463325E-16
7822.491167,2.507063E-16
7825.253619,2.588472E-16
7828.016072,2.555011E-16
7830.778524,2.527627E-16
7833.540977,2.514265E-16
7836.30343,2.463143E-16
7839.065882,2.434763E-16
7841.828335,2.373483E-16
7844.590787,2.356022E-16
7847.35324,2.400106E-16
7850.115693,2.379527E-16
7852.878145,2.425244E-16
7855.640598,2.476855E-16
7858.40305,2.445543E-16
7861.165503,2.507425E-16
7863.927956,2.439729E-16
7866.690408,2.334430E-16
7869.452861,2.250848E-16
7872.215313,2.315986E-16
7874.977766,2.320498E-16
7877.740219,2.304395E-16
7880.502671,2.238024E-16
7883.265124,2.285387E-16
7886.027576,2.421074E-16
7888.790029,2.427001E-16
7891.552482,2.397072E-16
7894.314934,2.432730E-16
7897.077387,2.398622E-16
7899.839839,2.326227E-16
7902.602292,2.252477E-16
7905.364745,2.216816E-16
7908.127197,2.235018E-16
7910.88965,2.173676E-16
7913.652102,2.133208E-16
7916.414555,2.195117E-16
7919.177008,2.228432E-16
7921.93946,2.254464E-16
7924.701913,2.231560E-16
7927.464365,2.213386E-16
7930.226818,2.349125E-16
7932.989271,2.339406E-16
7935.751723,2.307063E-16
7938.514176,2.346102E-16
7941.276628,2.263821E-16
7944.039081,2.170815E-16
7946.801534,2.083803E-16
7949.563986,2.119099E-16
7952.326439,2.227280E-16
7955.088892,2.285856E-16
7957.851344,2.409136E-16
7960.613797,2.471278E-16
7963.376249,2.457067E-16
7966.138702,2.410703E-16
7968.901155,2.300509E-16
7971.663607,2.291730E-16
7974.42606,2.316861E-16
7977.188512,2.214087E-16
7979.950965,2.184423E-16
7982.713418,2.215638E-16
7985.47587,2.198658E-16
7988.238323,2.241019E-16
7991.000775,2.283346E-16
7993.763228,2.236355E-16
7996.525681,2.252527E-16
7999.288133,2.407634E-16
8002.050586,2.339654E-16
8004.813038,2.233225E-16
8007.575491,2.261955E-16
8010.337944,2.269991E-16
8013.100396,2.229221E-16
8015.862849,2.285356E-16
8018.625301,2.249944E-16
8021.387754,2.390453E-16
8024.150207,2.400718E-16
8026.912659,2.281049E-16
8029.675112,2.321516E-16
8032.437564,2.434552E-16
8035.200017,2.547836E-16
8037.96247,2.637229E-16
8040.724922,2.540607E-16
8043.487375,2.484887E-16
8046.249827,2.446892E-16
8049.01228,2.390614E-16
8051.774733,2.318526E-16
8054.537185,2.334585E-16
8057.299638,2.525573E-16
8060.06209,2.584152E-16
8062.824543,2.601496E-16
8065.586996,2.722825E-16
8068.349448,2.640172E-16
8071.111901,2.599496E-16
8073.874353,2.744075E-16
8076.636806,2.735640E-16
8079.399259,2.656433E-16
8082.161711,2.631210E-16
8084.924164,2.533171E-16
8087.686616,2.547878E-16
8090.449069,2.534219E-16
8093.211522,2.528993E-16
8095.973974,2.490827E-16
8098.736427,2.598411E-16
8101.498879,2.733049E-16
8104.261332,2.755723E-16
8107.023785,2.769338E-16
8109.786237,2.792264E-16
8112.54869,2.741332E-16
8115.311142,2.736380E-16
8118.073595,2.605436E-16
8120.836048,2.540917E-16
8123.5985,2.528310E-16
8126.360953,2.485860E-16
8129.123405,2.508496E-16
8131.885858,2.536206E-16
8134.648311,2.585004E-16
8137.410763,2.690045E-16
8140.173216,2.729021E-16
8142.935668,2.692180E-16
8145.698121,2.671383E-16
8148.460574,2.576720E-16
8151.223026,2.424954E-16
8153.985479,2.339354E-16
8156.747931,2.315024E-16
8159.510384,2.272007E-16
8162.272837,2.260912E-16
8165.035289,2.299688E-16
8167.797742,2.317043E-16
8170.560194,2.328756E-16
8173.322647,2.421170E-16
8176.0851,2.544163E-16
8178.847552,2.458535E-16
8181.610005,2.389953E-16
8184.372458,2.439711E-16
8187.13491,2.383123E-16
8189.897363,2.357946E-16
8192.659815,2.294292E-16
8195.422268,2.246131E-16
8198.184721,2.190762E-16
8200.947173,2.181676E-16
8203.709626,2.279273E-16
8206.472078,2.373721E-16
8209.234531,2.413283E-16
8211.996984,2.385399E-16
8214.759436,2.433402E-16
8217.521889,2.433165E-16
8220.284341,2.171909E-16
8223.046794,2.085657E-16
8225.809247,2.155209E-16
8228.571699,2.087134E-16
8231.334152,2.095350E-16
8234.096604,2.032295E-16
8236.859057,2.101809E-16
8239.62151,2.255667E-16
8242.383962,2.306232E-16
8245.146415,2.319476E-16
8247.908867,2.364249E-16
8250.67132,2.325559E-16
8253.433773,2.399818E-16
8256.196225,2.449295E-16
8258.958678,2.338725E-16
8261.72113,2.282653E-16
8264.483583,2.122768E-16
8267.246036,2.042523E-16
8270.008488,1.996759E-16
8272.770941,2.063498E-16
8275.533393,2.172057E-16
8278.295846,2.187989E-16
8281.058299,2.171346E-16
8283.820751,2.214811E-16
8286.583204,2.269760E-16
8289.345656,2.321282E-16
8292.108109,2.379019E-16
8294.870562,2.293223E-16
8297.633014,2.267574E-16
8300.395467,2.270544E-16
8303.157919,2.199927E-16
8305.920372,2.211482E-16
8308.682825,2.215448E-16
8311.445277,2.209419E-16
8314.20773,2.182830E-16
8316.970182,2.255003E-16
8319.732635,2.409010E-16
8322.495088,2.379915E-16
8325.25754,2.260619E-16
8328.019993,2.384290E-16
8330.782445,2.402105E-16
8333.544898,2.361982E-16
8336.307351,2.289226E-16
8339.069803,2.212402E-16
8341.832256,2.221069E-16
8344.594708,2.217622E-16
8347.357161,2.155675E-16
8350.119614,2.167632E-16
8352.882066,2.249452E-16
8355.644519,2.423210E-16
8358.406971,2.535458E-16
8361.169424,2.488937E-16
8363.931877,2.509440E-16
8366.694329,2.537305E-16
8369.456782,2.504488E-16
8372.219234,2.458441E-16
8374.981687,2.343061E-16
8377.74414,2.258896E-16
8380.506592,2.201218E-16
8383.269045,2.231476E-16
8386.031497,2.238297E-16
8388.79395,2.337896E-16
8391.556403,2.443603E-16
8394.318855,2.489259E-16
8397.081308,2.488789E-16
8399.84376,2.559728E-16
8402.606213,2.515914E-16
8405.368666,2.437145E-16
8408.131118,2.361088E-16
8410.893571,2.320706E-16
8413.656024,2.221733E-16
8416.418476,2.148450E-16
8419.180929,2.152729E-16
8421.943381,2.241045E-16
8424.705834,2.314116E-16
8427.468287,2.318611E-16
8430.230739,2.288509E-16
8432.993192,2.360758E-16
8435.755644,2.523354E-16
8438.518097,2.493122E-16
8441.28055,2.406052E-16
8444.043002,2.487347E-16
8446.805455,2.487584E-16
8449.567907,2.364567E-16
8452.33036,2.205913E-16
8455.092813,2.134634E-16
8457.855265,2.235698E-16
8460.617718,2.194614E-16
8463.38017,2.257664E-16
8466.142623,2.351118E-16
8468.905076,2.247960E-16
8471.667528,2.305120E-16
8474.429981,2.482840E-16
8477.192433,2.519182E-16
8479.954886,2.413330E-16
8482.717339,2.506979E-16
8485.479791,2.469365E-16
8488.242244,2.401932E-16
8491.004696,2.384723E-16
8493.767149,2.236977E-16
8496.529602,2.185329E-16
8499.292054,2.220948E-16
8502.054507,2.283873E-16
8504.816959,2.309622E-16
8507.579412,2.325078E-16
8510.341865,2.410943E-16
8513.104317,2.405523E-16
8515.86677,2.414413E-16
8518.629222,2.483145E-16
8521.391675,2.364288E-16
8524.154128,2.180806E-16
8526.91658,2.144596E-16
8529.679033,2.189614E-16
8532.441485,2.129400E-16
8535.203938,2.057756E-16
8537.966391,2.124206E-16
8540.728843,2.201889E-16
8543.491296,2.281385E-16
8546.253748,2.367394E-16
8549.016201,2.402051E-16
8551.778654,2.363551E-16
8554.541106,2.116089E-16
8557.303559,1.989716E-16
8560.066011,2.048041E-16
8562.828464,2.058873E-16
8565.590917,2.075593E-16
8568.353369,2.061050E-16
8571.115822,1.998522E-16
8573.878274,2.007682E-16
8576.640727,2.104947E-16
8579.40318,2.176654E-16
8582.165632,2.183493E-16
8584.928085,2.153481E-16
8587.690537,2.154308E-16
8590.45299,2.213944E-16
8593.215443,2.231623E-16
8595.977895,2.158912E-16
8598.740348,2.031888E-16
8601.5028,1.983824E-16
8604.265253,1.988848E-16
8607.027706,1.972824E-16
8609.790158,1.899717E-16
8612.552611,1.819628E-16
8615.315063,1.938117E-16
8618.077516,2.032187E-16
8620.839969,2.086522E-16
8623.602421,2.141245E-16
8626.364874,2.208327E-16
8629.127326,2.208582E-16
8631.889779,2.173906E-16
8634.652232,2.166020E-16
8637.414684,2.072405E-16
8640.177137,2.059323E-16
8642.93959,1.996458E-16
8645.702042,1.906810E-16
8648.464495,1.837978E-16
8651.226947,1.860132E-16
8653.9894,2.012014E-16
8656.751853,2.100122E-16
8659.514305,2.079742E-16
8662.276758,2.115231E-16
8665.03921,2.268109E-16
8667.801663,2.274054E-16
8670.564116,2.115339E-16
8673.326568,2.102361E-16
8676.089021,2.101646E-16
8678.851473,2.070862E-16
8681.613926,1.905363E-16
8684.376379,1.967318E-16
8687.138831,1.916732E-16
8689.901284,1.980127E-16
8692.663736,2.014950E-16
8695.426189,2.019976E-16
8698.188642,2.087775E-16
8700.951094,2.107888E-16
8703.713547,2.187761E-16
8706.475999,2.264277E-16
8709.238452,2.235839E-16
8712.000905,2.181336E-16
8714.763357,2.136727E-16
8717.52581,2.011221E-16
8720.288262,2.003987E-16
8723.050715,1.973035E-16
8725.813168,1.882791E-16
8728.57562,1.872213E-16
8731.338073,1.978807E-16
8734.100525,2.109652E-16
8736.862978,2.082303E-16
8739.625431,2.143602E-16
8742.387883,2.204348E-16
8745.150336,2.062802E-16
8747.912788,2.143625E-16
8750.675241,2.176436E-16
8753.437694,2.141777E-16
8756.200146,1.988452E-16
8758.962599,1.710571E-16
8761.725051,1.849507E-16
8764.487504,1.921461E-16
8767.249957,1.942125E-16
8770.012409,2.056536E-16
8772.774862,2.019072E-16
8775.537314,1.991586E-16
8778.299767,2.057842E-16
8781.06222,2.083733E-16
8783.824672,2.156582E-16
8786.587125,2.026966E-16
8789.349577,1.958443E-16
8792.11203,1.973192E-16
8794.874483,1.975168E-16
8797.636935,1.867506E-16
8800.399388,1.823374E-16
8803.16184,1.792076E-16
8805.924293,1.663017E-16
8808.686746,1.791941E-16
8811.449198,2.003866E-16
8814.211651,1.966916E-16
8816.974103,1.916126E-16
8819.736556,1.936577E-16
8822.499009,1.953786E-16
8825.261461,1.893768E-16
8828.023914,1.900491E-16
8830.786366,1.883544E-16
8833.548819,1.721523E-16
8836.311272,1.739799E-16
8839.073724,1.775952E-16
8841.836177,1.786079E-16
8844.598629,1.758432E-16
8847.361082,1.813494E-16
8850.123535,1.966578E-16
8852.885987,1.948314E-16
8855.64844,1.884393E-16
8858.410892,1.865465E-16
8861.173345,1.849820E-16
8863.935798,1.820490E-16
8866.69825,1.798316E-16
8869.460703,1.862388E-16
8872.223155,1.817336E-16
8874.985608,1.716880E-16
8877.748061,1.741065E-16
8880.510513,1.784376E-16
8883.272966,1.769121E-16
8886.035419,1.893409E-16
8888.797871,2.020590E-16
8891.560324,1.939784E-16
8894.322776,1.898360E-16
8897.085229,1.796006E-16
8899.847682,1.692099E-16
8902.610134,1.669085E-16
8905.372587,1.639423E-16
8908.135039,1.639494E-16
8910.897492,1.715901E-16
8913.659945,1.732455E-16
8916.422397,1.829293E-16
8919.18485,1.969068E-16
8921.947302,1.879361E-16
8924.709755,1.919343E-16
8927.472208,2.015304E-16
8930.23466,1.964994E-16
8932.997113,1.886636E-16
8935.759565,1.855894E-16
8938.522018,1.779504E-16
8941.284471,1.653763E-16
8944.046923,1.626089E-16
8946.809376,1.688166E-16
8949.571828,1.757790E-16
8952.334281,1.718206E-16
8955.096734,1.813297E-16
8957.859186,1.936349E-16
8960.621639,1.854406E-16
8963.384091,1.793679E-16
8966.146544,1.684595E-16
8968.908997,1.710680E-16
8971.671449,1.798469E-16
8974.433902,1.555235E-16
8977.196354,1.537639E-16
8979.958807,1.596890E-16
8982.72126,1.613626E-16
8985.483712,1.698828E-16
8988.246165,1.709309E-16
8991.008617,1.720446E-16
8993.77107,1.759456E-16
8996.533523,1.774767E-16
8999.295975,1.646374E-16
9002.058428,1.513027E-16
9004.82088,1.571727E-16
9007.583333,1.603101E-16
9010.345786,1.521011E-16
9013.108238,1.504174E-16
9015.870691,1.558236E-16
9018.633143,1.601013E-16
9021.395596,1.572847E-16
9024.158049,1.579658E-16
9026.920501,1.750174E-16
9029.682954,1.878968E-16
9032.445406,1.831687E-16
9035.207859,1.743397E-16
9037.970312,1.707586E-16
9040.732764,1.603633E-16
9043.495217,1.503140E-16
9046.257669,1.629238E-16
9049.020122,1.680956E-16
9051.782575,1.591415E-16
9054.545027,1.592067E-16
9057.30748,1.781982E-16
9060.069932,1.741586E-16
9062.832385,1.630300E-16
9065.594838,1.490698E-16
9068.35729,1.478892E-16
9071.119743,1.541220E-16
9073.882195,1.380127E-16
9076.644648,1.583053E-16
9079.407101,1.649386E-16
9082.169553,1.566119E-16
9084.932006,1.652071E-16
9087.694458,1.638256E-16
9090.456911,1.639210E-16
9093.219364,1.800806E-16
9095.981816,1.772207E-16
9098.744269,1.663462E-16
9101.506721,1.526983E-16
9104.269174,1.512172E-16
9107.031627,1.543635E-16
9109.794079,1.429545E-16
9112.556532,1.404552E-16
9115.318985,1.601892E-16
9118.081437,1.673746E-16
9120.84389,1.487060E-16
9123.606342,1.551290E-16
9126.368795,1.645636E-16
9129.131248,1.646095E-16
9131.8937,1.631399E-16
9134.656153,1.537820E-16
9137.418605,1.564957E-16
9140.181058,1.469809E-16
9142.943511,1.412974E-16
9145.705963,1.520492E-16
9148.468416,1.553445E-16
9151.230868,1.552755E-16
9153.993321,1.578986E-16
9156.755774,1.696830E-16
9159.518226,1.722108E-16
9162.280679,1.474212E-16
9165.043131,1.470863E-16
9167.805584,1.525320E-16
9170.568037,1.414675E-16
9173.330489,1.438431E-16
9176.092942,1.452453E-16
9178.855394,1.418582E-16
9181.617847,1.548855E-16
9184.3803,1.654628E-16
9187.142752,1.673736E-16
9189.905205,1.669800E-16
9192.667657,1.654496E-16
9195.43011,1.694328E-16
9198.192563,1.671546E-16
9200.955015,1.573940E-16
9203.717468,1.415754E-16
9206.47992,1.343104E-16
9209.242373,1.349064E-16
9212.004826,1.497380E-16
9214.767278,1.597028E-16
9217.529731,1.685586E-16
9220.292183,1.679905E-16
9223.054636,1.612320E-16
9225.817089,1.680193E-16
9228.579541,1.550598E-16
9231.341994,1.448549E-16
9234.104446,1.428118E-16
9236.866899,1.429162E-16
9239.629352,1.362042E-16
9242.391804,1.425173E-16
9245.154257,1.499220E-16
9247.916709,1.615915E-16
9250.679162,1.563403E-16
9253.441615,1.458551E-16
9256.204067,1.386872E-16
9258.96652,1.444167E-16
9261.728972,1.596010E-16
9264.491425,1.421595E-16
9267.253878,1.260438E-16
9270.01633,1.408301E-16
9272.778783,1.414598E-16
9275.541235,1.321996E-16
9278.303688,1.325818E-16
9281.066141,1.354346E-16
9283.828593,1.280145E-16
9286.591046,1.135472E-16
9289.353498,1.048021E-16
9292.115951,1.090665E-16
9294.878404,1.300400E-16
9297.640856,1.334979E-16
