wavelength,flux
3750.00,3.338796E-16
3751.27,4.677253E-16
3752.54,4.275118E-16
3753.81,4.413313E-16
3755.08,4.353977E-16
3756.35,4.361222E-16
3757.63,4.402007E-16
3758.90,4.954471E-16
3760.17,5.97552e-16
3761.44,6.640262E-16
3762.71,6.490322E-16
3763.98,6.164378E-16
3765.25,5.431554E-16
3766.52,4.402481E-16
3767.79,4.164728E-16
3769.06,5.019823E-16
3770.34,5.57248e-16
3771.61,5.329515E-16
3772.88,3.9394e-16
3774.15,2.213429E-16
3775.42,1.784673E-16
3776.69,2.217885E-16
3777.96,3.342133E-16
3779.23,5.697976E-16
3780.50,7.798063E-16
3781.77,8.314125E-16
3783.05,8.107556E-16
3784.32,7.194614E-16
3785.59,5.908006E-16
3786.86,4.936372E-16
3788.13,3.998956E-16
3789.40,3.375111E-16
3790.67,3.776685E-16
3791.94,4.367239E-16
3793.21,5.189102E-16
3794.48,6.171685E-16
3795.76,6.653256E-16
3797.03,6.556959E-16
3798.30,6.031935E-16
3799.57,4.801398E-16
3800.84,3.591735E-16
3802.11,2.704506E-16
3803.38,2.572405E-16
3804.65,3.292215E-16
3805.92,4.031941E-16
3807.19,4.214186E-16
3808.47,4.188103E-16
3809.74,3.623624E-16
3811.01,2.636305E-16
3812.28,2.19089e-16
3813.55,2.711447E-16
3814.82,3.173023E-16
3816.09,3.221184E-16
3817.36,3.518574E-16
3818.63,3.561223E-16
3819.90,3.198393E-16
3821.18,3.548207E-16
3822.45,4.991767E-16
3823.72,6.270257E-16
3824.99,6.560563E-16
3826.26,6.005386E-16
3827.53,5.889221E-16
3828.80,6.061351E-16
3830.07,5.259119E-16
3831.34,4.569492E-16
3832.61,5.065303E-16
3833.89,5.412703E-16
3835.16,5.043536E-16
3836.43,5.318669E-16
3837.70,6.048953E-16
3838.97,6.145544E-16
3840.24,5.81041e-16
3841.51,5.592027E-16
3842.78,5.27271e-16
3844.05,5.039266E-16
3845.32,5.280413E-16
3846.60,5.327298E-16
3847.87,5.171142E-16
3849.14,5.563472E-16
3850.41,5.866919E-16
3851.68,5.489589E-16
3852.95,5.410361E-16
3854.22,5.577456E-16
3855.49,5.10638e-16
3856.76,4.814683E-16
3858.03,5.330874E-16
3859.31,5.754527E-16
3860.58,5.622761E-16
3861.85,5.437201E-16
3863.12,5.015105E-16
3864.39,4.014058E-16
3865.66,3.208172E-16
3866.93,3.099308E-16
3868.20,3.431424E-16
3869.47,4.297573E-16
3870.74,5.608575E-16
3872.01,6.656235E-16
3873.29,7.250463E-16
3874.56,7.180757E-16
3875.83,6.35465e-16
3877.10,5.334036E-16
3878.37,4.440547E-16
3879.64,3.689731E-16
3880.91,3.391112E-16
3882.18,3.459106E-16
3883.45,4.002265E-16
3884.72,5.162555E-16
3886.00,6.264023E-16
3887.27,7.030242E-16
3888.54,7.644496E-16
3889.81,7.687073E-16
3891.08,7.083181E-16
3892.35,6.729325E-16
3893.62,7.116787E-16
3894.89,7.603845E-16
3896.16,7.880246E-16
3897.43,8.311915E-16
3898.71,8.896448E-16
3899.98,9.239103E-16
3901.25,9.707208E-16
3902.52,1.039825E-15
3903.79,1.048522E-15
3905.06,9.701602E-16
3906.33,8.582448E-16
3907.60,7.642525E-16
3908.87,7.392581E-16
3910.14,8.169338E-16
3911.42,9.357011E-16
3912.69,1.051943E-15
3913.96,1.153185E-15
3915.23,1.216877E-15
3916.50,1.222059E-15
3917.77,1.197385E-15
3919.04,1.163784E-15
3920.31,1.125358E-15
3921.58,1.072897E-15
3922.85,1.047013E-15
3924.13,1.058571E-15
3925.40,1.081414E-15
3926.67,1.115245E-15
3927.94,1.169075E-15
3929.21,1.219098E-15
3930.48,1.278057E-15
3931.75,1.329869E-15
3933.02,1.343008E-15
3934.29,1.32322e-15
3935.56,1.294005E-15
3936.84,1.278455E-15
3938.11,1.297514E-15
3939.38,1.327012E-15
3940.65,1.36439e-15
3941.92,1.419731E-15
3943.19,1.458825E-15
3944.46,1.466703E-15
3945.73,1.477491E-15
3947.00,1.476642E-15
3948.27,1.427942E-15
3949.55,1.37311e-15
3950.82,1.357566E-15
3952.09,1.371511E-15
3953.36,1.389332E-15
3954.63,1.402572E-15
3955.90,1.411243E-15
3957.17,1.417799E-15
3958.44,1.383551E-15
3959.71,1.325956E-15
3960.98,1.304677E-15
3962.26,1.306553E-15
3963.53,1.304211E-15
3964.80,1.344268E-15
3966.07,1.408367E-15
3967.34,1.437265E-15
3968.61,1.440402E-15
3969.88,1.441361E-15
3971.15,1.428455E-15
3972.42,1.415162E-15
3973.69,1.427914E-15
3974.97,1.462452E-15
3976.24,1.50087e-15
3977.51,1.538161E-15
3978.78,1.538673E-15
3980.05,1.474487E-15
3981.32,1.406039E-15
3982.59,1.386884E-15
3983.86,1.373303E-15
3985.13,1.365805E-15
3986.40,1.427244E-15
3987.67,1.526016E-15
3988.95,1.571339E-15
3990.22,1.569376E-15
3991.49,1.580117E-15
3992.76,1.586914E-15
3994.03,1.536017E-15
3995.30,1.496117E-15
3996.57,1.52077e-15
3997.84,1.551949E-15
3999.11,1.562115E-15
4000.38,1.60255e-15
4001.66,1.663266E-15
4002.93,1.72587e-15
4004.20,1.78266e-15
4005.47,1.820074E-15
4006.74,1.81437e-15
4008.01,1.770778E-15
4009.28,1.724692E-15
4010.55,1.704454E-15
4011.82,1.693772E-15
4013.09,1.703617E-15
4014.37,1.731181E-15
4015.64,1.748664E-15
4016.91,1.755872E-15
4018.18,1.784796E-15
4019.45,1.816955E-15
4020.72,1.815766E-15
4021.99,1.800305E-15
4023.26,1.800195E-15
4024.53,1.82697e-15
4025.80,1.883937E-15
4027.08,1.945045E-15
4028.35,1.96964e-15
4029.62,1.970758E-15
4030.89,1.942836E-15
4032.16,1.884011E-15
4033.43,1.844845E-15
4034.70,1.840798E-15
4035.97,1.85412e-15
4037.24,1.890038E-15
4038.51,1.921464E-15
4039.79,1.914522E-15
4041.06,1.898984E-15
4042.33,1.886617E-15
4043.60,1.864193E-15
4044.87,1.835033E-15
4046.14,1.817882E-15
4047.41,1.81297e-15
4048.68,1.815999E-15
4049.95,1.838487E-15
4051.22,1.891067E-15
4052.50,1.932519E-15
4053.77,1.938822E-15
4055.04,1.920552E-15
4056.31,1.877486E-15
4057.58,1.836505E-15
4058.85,1.850986E-15
4060.12,1.892006E-15
4061.39,1.892313E-15
4062.66,1.853887E-15
4063.93,1.804903E-15
4065.21,1.75202e-15
4066.48,1.721347E-15
4067.75,1.752552E-15
4069.02,1.792876E-15
4070.29,1.793731E-15
4071.56,1.781798E-15
4072.83,1.769878E-15
4074.10,1.733915E-15
4075.37,1.704291E-15
4076.64,1.698035E-15
4077.92,1.677781E-15
4079.19,1.615956E-15
4080.46,1.532539E-15
4081.73,1.468145E-15
4083.00,1.43563e-15
4084.27,1.421703E-15
4085.54,1.42702e-15
4086.81,1.456844E-15
4088.08,1.489518E-15
4089.35,1.504423E-15
4090.63,1.530372E-15
4091.90,1.570982E-15
4093.17,1.590061E-15
4094.44,1.592094E-15
4095.71,1.593542E-15
4096.98,1.546619E-15
4098.25,1.455302E-15
4099.52,1.39119e-15
4100.79,1.361065E-15
4102.06,1.32688e-15
4103.33,1.299564E-15
4104.61,1.287848E-15
4105.88,1.258132E-15
4107.15,1.204893E-15
4108.42,1.167666E-15
4109.69,1.173163E-15
4110.96,1.228932E-15
4112.23,1.318079E-15
4113.50,1.386126E-15
4114.77,1.424717E-15
4116.04,1.446171E-15
4117.32,1.450874E-15
4118.59,1.436671E-15
4119.86,1.424416E-15
4121.13,1.408962E-15
4122.40,1.385076E-15
4123.67,1.353417E-15
4124.94,1.34181e-15
4126.21,1.347531E-15
4127.48,1.341168E-15
4128.75,1.311217E-15
4130.03,1.253433E-15
4131.30,1.169431E-15
4132.57,1.117357E-15
4133.84,1.119401E-15
4135.11,1.155797E-15
4136.38,1.227366E-15
4137.65,1.315125E-15
4138.92,1.370601E-15
4140.19,1.399255E-15
4141.46,1.417317E-15
4142.74,1.400568E-15
4144.01,1.349918E-15
4145.28,1.27077e-15
4146.55,1.176319E-15
4147.82,1.102993E-15
4149.09,1.075266E-15
4150.36,1.087531E-15
4151.63,1.150926E-15
4152.90,1.236329E-15
4154.17,1.274391E-15
4155.45,1.261078E-15
4156.72,1.235699E-15
4157.99,1.199599E-15
4159.26,1.151048E-15
4160.53,1.1303e-15
4161.80,1.138804E-15
4163.07,1.136312E-15
4164.34,1.123525E-15
4165.61,1.126553E-15
4166.88,1.136066E-15
4168.16,1.133092E-15
4169.43,1.119323E-15
4170.70,1.114173E-15
4171.97,1.128658E-15
4173.24,1.149428E-15
4174.51,1.157638E-15
4175.78,1.160179E-15
4177.05,1.168796E-15
4178.32,1.173908E-15
4179.59,1.16163e-15
4180.87,1.176043E-15
4182.14,1.238759E-15
4183.41,1.293011E-15
4184.68,1.309679E-15
4185.95,1.3301e-15
4187.22,1.347996E-15
4188.49,1.343711E-15
4189.76,1.333762E-15
4191.03,1.314911E-15
4192.30,1.261513E-15
4193.58,1.188647E-15
4194.85,1.126688E-15
4196.12,1.081862E-15
4197.39,1.057328E-15
4198.66,1.068383E-15
4199.93,1.105992E-15
4201.20,1.131054E-15
4202.47,1.125948E-15
4203.74,1.106977E-15
4205.01,1.093247E-15
4206.28,1.094047E-15
4207.56,1.104336E-15
4208.83,1.12164e-15
4210.10,1.148494E-15
4211.37,1.157539E-15
4212.64,1.13131e-15
4213.91,1.104814E-15
4215.18,1.089251E-15
4216.45,1.07089e-15
4217.72,1.078894E-15
4218.99,1.111729E-15
4220.27,1.130048E-15
4221.54,1.14077e-15
4222.81,1.167351E-15
4224.08,1.182241E-15
4225.35,1.155202E-15
4226.62,1.131898E-15
4227.89,1.126672E-15
4229.16,1.114962E-15
4230.43,1.112853E-15
4231.70,1.154746E-15
4232.98,1.186591E-15
4234.25,1.181851E-15
4235.52,1.158017E-15
4236.79,1.116925E-15
4238.06,1.059818E-15
4239.33,9.983834E-16
4240.60,9.447733E-16
4241.87,9.260398E-16
4243.14,9.473424E-16
4244.41,9.898817E-16
4245.69,1.058538E-15
4246.96,1.13753e-15
4248.23,1.174494E-15
4249.50,1.160676E-15
4250.77,1.135493E-15
4252.04,1.108994E-15
4253.31,1.079582E-15
4254.58,1.05536e-15
4255.85,1.044818E-15
4257.12,1.0451e-15
4258.40,1.05019e-15
4259.67,1.065252E-15
4260.94,1.110614E-15
4262.21,1.169321E-15
4263.48,1.200084E-15
4264.75,1.209087E-15
4266.02,1.212539E-15
4267.29,1.189547E-15
4268.56,1.147417E-15
4269.83,1.137726E-15
4271.11,1.157948E-15
4272.38,1.172513E-15
4273.65,1.195974E-15
4274.92,1.220674E-15
4276.19,1.201617E-15
4277.46,1.164015E-15
4278.73,1.1654e-15
4280.00,1.16921e-15
4281.27,1.155479E-15
4282.54,1.166678E-15
4283.82,1.198175E-15
4285.09,1.212824E-15
4286.36,1.219028E-15
4287.63,1.221124E-15
4288.90,1.210526E-15
4290.17,1.196779E-15
4291.44,1.171726E-15
4292.71,1.141692E-15
4293.98,1.149843E-15
4295.25,1.188647E-15
4296.53,1.199913E-15
4297.80,1.185704E-15
4299.07,1.175424E-15
4300.34,1.15127e-15
4301.61,1.092963E-15
4302.88,1.028652E-15
4304.15,9.953709E-16
4305.42,9.910757E-16
4306.69,9.834346E-16
4307.96,9.761744E-16
4309.24,9.97252e-16
4310.51,1.028426E-15
4311.78,1.041132E-15
4313.05,1.05581e-15
4314.32,1.078999E-15
4315.59,1.072145E-15
4316.86,1.030472E-15
4318.13,9.871346E-16
4319.40,9.492689E-16
4320.67,9.147603E-16
4321.94,8.977231E-16
4323.22,9.013655E-16
4324.49,9.187482E-16
4325.76,9.488239E-16
4327.03,9.738488E-16
4328.30,9.818529E-16
4329.57,9.94206e-16
4330.84,1.005955E-15
4332.11,9.850573E-16
4333.38,9.52151e-16
4334.65,9.521036E-16
4335.93,9.529783E-16
4337.20,9.223003E-16
4338.47,9.000969E-16
4339.74,9.115039E-16
4341.01,9.322332E-16
4342.28,9.542156E-16
4343.55,9.781294E-16
4344.82,9.864728E-16
4346.09,9.628883E-16
4347.36,9.152161E-16
4348.64,8.806737E-16
4349.91,8.868145E-16
4351.18,9.199775E-16
4352.45,9.535191E-16
4353.72,9.649169E-16
4354.99,9.583536E-16
4356.26,9.509529E-16
4357.53,9.430464E-16
4358.80,9.47968e-16
4360.07,9.9049e-16
4361.35,1.039238E-15
4362.62,1.052031E-15
4363.89,1.044912E-15
4365.16,1.042397E-15
4366.43,1.0307e-15
4367.70,1.014487E-15
4368.97,1.020641E-15
4370.24,1.04183e-15
4371.51,1.04695e-15
4372.78,1.040288E-15
4374.06,1.02163e-15
4375.33,1.002656E-15
4376.60,9.923138E-16
4377.87,9.850445E-16
4379.14,9.697648E-16
4380.41,9.537445E-16
4381.68,9.405886E-16
4382.95,9.369068E-16
4384.22,9.476726E-16
4385.49,9.660733E-16
4386.77,9.869e-16
4388.04,9.970559E-16
4389.31,9.960141E-16
4390.58,1.000676E-15
4391.85,1.017892E-15
4393.12,1.039649E-15
4394.39,1.061701E-15
4395.66,1.07371e-15
4396.93,1.060723E-15
4398.20,1.023478E-15
4399.48,9.741349E-16
4400.75,9.345746E-16
4402.02,9.071675E-16
4403.29,8.979309E-16
4404.56,9.170169E-16
4405.83,9.582936E-16
4407.10,9.958006E-16
4408.37,1.034071E-15
4409.64,1.062729E-15
4410.91,1.056064E-15
4412.19,1.030785E-15
4413.46,1.001825E-15
4414.73,9.718589E-16
4416.00,9.640746E-16
4417.27,9.880816E-16
4418.54,1.009081E-15
4419.81,1.010723E-15
4421.08,9.86649e-16
4422.35,9.478402E-16
4423.62,9.221069E-16
4424.90,9.236143E-16
4426.17,9.517117E-16
4427.44,1.002952E-15
4428.71,1.028753E-15
4429.98,1.003279E-15
4431.25,9.668973E-16
4432.52,9.440201E-16
4433.79,9.235802E-16
4435.06,9.207816E-16
4436.33,9.478424E-16
4437.60,9.668359E-16
4438.88,9.409309E-16
4440.15,8.804964E-16
4441.42,8.244247E-16
4442.69,7.830596E-16
4443.96,7.502032E-16
4445.23,7.513361E-16
4446.50,7.991088E-16
4447.77,8.381413E-16
4449.04,8.640216E-16
4450.31,8.977106E-16
4451.59,9.141834E-16
4452.86,9.136814E-16
4454.13,9.392753E-16
4455.40,9.477309E-16
4456.67,9.20869e-16
4457.94,9.18462e-16
4459.21,9.348993E-16
4460.48,9.198344E-16
4461.75,9.019285E-16
4463.02,9.139815E-16
4464.30,9.15604e-16
4465.57,8.874945E-16
4466.84,8.651358E-16
4468.11,8.712977E-16
4469.38,8.937317E-16
4470.65,9.083382E-16
4471.92,9.058424E-16
4473.19,9.076151E-16
4474.46,9.192808E-16
4475.73,9.154216E-16
4477.01,9.144187E-16
4478.28,9.257921E-16
4479.55,9.107362E-16
4480.82,8.645135E-16
4482.09,8.268963E-16
4483.36,8.084388E-16
4484.63,8.147941E-16
4485.90,8.515734E-16
4487.17,9.004116E-16
4488.44,9.351717E-16
4489.72,9.402135E-16
4490.99,9.256397E-16
4492.26,9.182584E-16
4493.53,9.304896E-16
4494.80,9.539071E-16
4496.07,9.817661E-16
4497.34,1.006521E-15
4498.61,1.014481E-15
4499.88,1.003925E-15
4501.15,9.948876E-16
4502.43,9.940934E-16
4503.70,9.953349E-16
4504.97,1.017156E-15
4506.24,1.057853E-15
4507.51,1.08696e-15
4508.78,1.112495E-15
4510.05,1.164766E-15
4511.32,1.20953e-15
4512.59,1.215054E-15
4513.86,1.205121E-15
4515.14,1.198307E-15
4516.41,1.185662E-15
4517.68,1.172386E-15
4518.95,1.163888E-15
4520.22,1.146553E-15
4521.49,1.112029E-15
4522.76,1.091292E-15
4524.03,1.1037e-15
4525.30,1.134686E-15
4526.57,1.172054E-15
4527.85,1.21914e-15
4529.12,1.257415E-15
4530.39,1.270476E-15
4531.66,1.281424E-15
4532.93,1.302671E-15
4534.20,1.309574E-15
4535.47,1.289871E-15
4536.74,1.268216E-15
4538.01,1.250355E-15
4539.28,1.244307E-15
4540.56,1.263677E-15
4541.83,1.292485E-15
4543.10,1.311675E-15
4544.37,1.334765E-15
4545.64,1.36149e-15
4546.91,1.37617e-15
4548.18,1.389865E-15
4549.45,1.40766e-15
4550.72,1.409939E-15
4551.99,1.405008E-15
4553.26,1.418889E-15
4554.54,1.441678E-15
4555.81,1.463132E-15
4557.08,1.499435E-15
4558.35,1.538762E-15
4559.62,1.558207E-15
4560.89,1.571504E-15
4562.16,1.586959E-15
4563.43,1.58465e-15
4564.70,1.569516E-15
4565.97,1.568469E-15
4567.25,1.579797E-15
4568.52,1.587364E-15
4569.79,1.590858E-15
4571.06,1.59576e-15
4572.33,1.598706E-15
4573.60,1.592756E-15
4574.87,1.581425E-15
4576.14,1.584007E-15
4577.41,1.60451e-15
4578.68,1.624613E-15
4579.96,1.638639E-15
4581.23,1.659002E-15
4582.50,1.686214E-15
4583.77,1.710415E-15
4585.04,1.723751E-15
4586.31,1.730946E-15
4587.58,1.75079e-15
4588.85,1.763433E-15
4590.12,1.742654E-15
4591.39,1.727544E-15
4592.67,1.756392E-15
4593.94,1.782871E-15
4595.21,1.800768E-15
4596.48,1.830843E-15
4597.75,1.861887E-15
4599.02,1.891878E-15
4600.29,1.93245e-15
4601.56,1.950375E-15
4602.83,1.961571E-15
4604.10,1.979169E-15
4605.38,1.983677E-15
4606.65,1.961262E-15
4607.92,1.934173E-15
4609.19,1.923464E-15
4610.46,1.941103E-15
4611.73,1.949786E-15
4613.00,1.973267E-15
4614.27,2.047602E-15
4615.54,2.12096e-15
4616.81,2.136056E-15
4618.09,2.120604E-15
4619.36,2.096831E-15
4620.63,2.073623E-15
4621.90,2.060447E-15
4623.17,2.077762E-15
4624.44,2.128809E-15
4625.71,2.181323E-15
4626.98,2.206717E-15
4628.25,2.220927E-15
4629.52,2.219329E-15
4630.80,2.176636E-15
4632.07,2.129632E-15
4633.34,2.124255E-15
4634.61,2.147399E-15
4635.88,2.172754E-15
4637.15,2.212754E-15
4638.42,2.25722e-15
4639.69,2.27034e-15
4640.96,2.254268E-15
4642.23,2.248415E-15
4643.51,2.273938E-15
4644.78,2.306159E-15
4646.05,2.324747E-15
4647.32,2.329892E-15
4648.59,2.314944E-15
4649.86,2.286336E-15
4651.13,2.264231E-15
4652.40,2.230201E-15
4653.67,2.178259E-15
4654.94,2.145392E-15
4656.22,2.134179E-15
4657.49,2.124412E-15
4658.76,2.136762E-15
4660.03,2.174669E-15
4661.30,2.225034E-15
4662.57,2.273742E-15
4663.84,2.301e-15
4665.11,2.305198E-15
4666.38,2.306532E-15
4667.65,2.292505E-15
4668.92,2.25084e-15
4670.20,2.206347E-15
4671.47,2.173132E-15
4672.74,2.141125E-15
4674.01,2.117236E-15
4675.28,2.118812E-15
4676.55,2.133325E-15
4677.82,2.151854E-15
4679.09,2.172534E-15
4680.36,2.172456E-15
4681.63,2.139255E-15
4682.91,2.100947E-15
4684.18,2.076872E-15
4685.45,2.061176E-15
4686.72,2.055321E-15
4687.99,2.075605E-15
4689.26,2.118992E-15
4690.53,2.166822E-15
4691.80,2.215183E-15
4693.07,2.25915e-15
4694.34,2.269664E-15
4695.62,2.259197E-15
4696.89,2.261702E-15
4698.16,2.276445E-15
4699.43,2.293976E-15
4700.70,2.314378E-15
4701.97,2.320532E-15
4703.24,2.3129e-15
4704.51,2.295679E-15
4705.78,2.262906E-15
4707.05,2.228682E-15
4708.33,2.208008E-15
4709.60,2.185504E-15
4710.87,2.159199E-15
4712.14,2.141587E-15
4713.41,2.128438E-15
4714.68,2.125419E-15
4715.95,2.134627E-15
4717.22,2.14473e-15
4718.49,2.162257E-15
4719.76,2.199615E-15
4721.04,2.235426E-15
4722.31,2.262118E-15
4723.58,2.272985E-15
4724.85,2.253976E-15
4726.12,2.212461E-15
4727.39,2.163759E-15
4728.66,2.112783E-15
4729.93,2.089608E-15
4731.20,2.105101E-15
4732.47,2.122717E-15
4733.75,2.112442E-15
4735.02,2.068167E-15
4736.29,2.00488e-15
4737.56,1.949989E-15
4738.83,1.917046E-15
4740.10,1.898039E-15
4741.37,1.890254E-15
4742.64,1.888476E-15
4743.91,1.874243E-15
4745.18,1.8454e-15
4746.46,1.825703E-15
4747.73,1.830745E-15
4749.00,1.851615E-15
4750.27,1.882284E-15
4751.54,1.916981E-15
4752.81,1.934096E-15
4754.08,1.921039E-15
4755.35,1.880047E-15
4756.62,1.811259E-15
4757.89,1.726742E-15
4759.17,1.658678E-15
4760.44,1.615502E-15
4761.71,1.586566E-15
4762.98,1.567727E-15
4764.25,1.560037E-15
4765.52,1.558424E-15
4766.79,1.560191E-15
4768.06,1.559284E-15
4769.33,1.545502E-15
4770.60,1.515689E-15
4771.88,1.477108E-15
4773.15,1.442857E-15
4774.42,1.429955E-15
4775.69,1.441928E-15
4776.96,1.452624E-15
4778.23,1.441201E-15
4779.50,1.411689E-15
4780.77,1.375328E-15
4782.04,1.351656E-15
4783.31,1.35885e-15
4784.58,1.3856e-15
4785.86,1.409832E-15
4787.13,1.419038E-15
4788.40,1.397202E-15
4789.67,1.351508E-15
4790.94,1.318471E-15
4792.21,1.313772E-15
4793.48,1.314965E-15
4794.75,1.30699e-15
4796.02,1.298837E-15
4797.29,1.293197E-15
4798.57,1.267019E-15
4799.84,1.230468E-15
4801.11,1.216884E-15
4802.38,1.219125E-15
4803.65,1.209054E-15
4804.92,1.200245E-15
4806.19,1.196441E-15
4807.46,1.187792E-15
4808.73,1.178934E-15
4810.00,1.166741E-15
4811.28,1.134489E-15
4812.55,1.093087E-15
4813.82,1.062724E-15
4815.09,1.038065E-15
4816.36,1.012269E-15
4817.63,9.857525E-16
4818.90,9.65644e-16
4820.17,9.521152E-16
4821.44,9.38659e-16
4822.71,9.287788E-16
4823.99,9.469617E-16
4825.26,9.783221E-16
4826.53,9.885662E-16
4827.80,9.941204E-16
4829.07,1.018545E-15
4830.34,1.040263E-15
4831.61,1.045046E-15
4832.88,1.040387E-15
4834.15,1.019675E-15
4835.42,9.810543E-16
4836.70,9.49124e-16
4837.97,9.439034E-16
4839.24,9.640029E-16
4840.51,9.998173E-16
4841.78,1.04116e-15
4843.05,1.067424E-15
4844.32,1.068356E-15
4845.59,1.050814E-15
4846.86,1.025979E-15
4848.13,1.007019E-15
4849.41,1.004509E-15
4850.68,1.010515E-15
4851.95,1.020811E-15
4853.22,1.033046E-15
4854.49,1.039483E-15
4855.76,1.031571E-15
4857.03,1.025337E-15
4858.30,1.041505E-15
4859.57,1.068501E-15
4860.84,1.070475E-15
4862.12,1.068727E-15
4863.39,1.082874E-15
4864.66,1.087128E-15
4865.93,1.081626E-15
4867.20,1.103601E-15
4868.47,1.139853E-15
4869.74,1.160708E-15
4871.01,1.155567E-15
4872.28,1.133471E-15
4873.55,1.114352E-15
4874.83,1.102652E-15
4876.10,1.097299E-15
4877.37,1.124031E-15
4878.64,1.185106E-15
4879.91,1.233661E-15
4881.18,1.245477E-15
4882.45,1.243306E-15
4883.72,1.236e-15
4884.99,1.213577E-15
4886.26,1.18835e-15
4887.53,1.180507E-15
4888.81,1.179812E-15
4890.08,1.175802E-15
4891.35,1.169363E-15
4892.62,1.174904E-15
4893.89,1.194771E-15
4895.16,1.208562E-15
4896.43,1.200164E-15
4897.70,1.190535E-15
4898.97,1.186799E-15
4900.24,1.174199E-15
4901.52,1.151077E-15
4902.79,1.138617E-15
4904.06,1.13991e-15
4905.33,1.132498E-15
4906.60,1.115543E-15
4907.87,1.117203E-15
4909.14,1.120776E-15
4910.41,1.096363E-15
4911.68,1.063873E-15
4912.95,1.052677E-15
4914.23,1.050559E-15
4915.50,1.046354E-15
4916.77,1.053911E-15
4918.04,1.067924E-15
4919.31,1.074458E-15
4920.58,1.075223E-15
4921.85,1.079658E-15
4923.12,1.087748E-15
4924.39,1.110817E-15
4925.66,1.140693E-15
4926.94,1.156267E-15
4928.21,1.169179E-15
4929.48,1.190957E-15
4930.75,1.207705E-15
4932.02,1.214037E-15
4933.29,1.219999E-15
4934.56,1.227448E-15
4935.83,1.24963e-15
4937.10,1.283231E-15
4938.37,1.298475E-15
4939.65,1.307707E-15
4940.92,1.338835E-15
4942.19,1.35671e-15
4943.46,1.338128E-15
4944.73,1.333178E-15
4946.00,1.346175E-15
4947.27,1.358495E-15
4948.54,1.392497E-15
4949.81,1.447175E-15
4951.08,1.482001E-15
4952.36,1.512695E-15
4953.63,1.543845E-15
4954.90,1.545024E-15
4956.17,1.528881E-15
4957.44,1.542801E-15
4958.71,1.575419E-15
4959.98,1.593249E-15
4961.25,1.610607E-15
4962.52,1.647995E-15
4963.79,1.680665E-15
4965.07,1.687444E-15
4966.34,1.703275E-15
4967.61,1.752501E-15
4968.88,1.811653E-15
4970.15,1.859185E-15
4971.42,1.902276E-15
4972.69,1.92551e-15
4973.96,1.909514E-15
4975.23,1.870225E-15
4976.50,1.845365E-15
4977.78,1.847602E-15
4979.05,1.867128E-15
4980.32,1.903844E-15
4981.59,1.963317E-15
4982.86,2.02056e-15
4984.13,2.061416E-15
4985.40,2.105026E-15
4986.67,2.144337E-15
4987.94,2.154575E-15
4989.21,2.15442e-15
4990.49,2.15672e-15
4991.76,2.160707E-15
4993.03,2.189193E-15
4994.30,2.247379E-15
4995.57,2.290759E-15
4996.84,2.300394E-15
4998.11,2.293335E-15
4999.38,2.271008E-15
5000.65,2.245446E-15
5001.92,2.249148E-15
5003.19,2.284262E-15
5004.47,2.318225E-15
5005.74,2.338021E-15
5007.01,2.353308E-15
5008.28,2.371905E-15
5009.55,2.383203E-15
5010.82,2.375015E-15
5012.09,2.360716E-15
5013.36,2.345747E-15
5014.63,2.315111E-15
5015.90,2.275446E-15
5017.18,2.250231E-15
5018.45,2.248681E-15
5019.72,2.246469E-15
5020.99,2.222316E-15
5022.26,2.190214E-15
5023.53,2.17052e-15
5024.80,2.140303E-15
5026.07,2.094939E-15
5027.34,2.070498E-15
5028.61,2.066378E-15
5029.89,2.057835E-15
5031.16,2.037493E-15
5032.43,2.010561E-15
5033.70,1.976573E-15
5034.97,1.944693E-15
5036.24,1.912501E-15
5037.51,1.88877e-15
5038.78,1.879103E-15
5040.05,1.862277E-15
5041.32,1.818685E-15
5042.60,1.763635E-15
5043.87,1.715713E-15
5045.14,1.682206E-15
5046.41,1.655911E-15
5047.68,1.635208E-15
5048.95,1.623748E-15
5050.22,1.597411E-15
5051.49,1.54098e-15
5052.76,1.490761E-15
5054.03,1.461082E-15
5055.31,1.422346E-15
5056.58,1.377672E-15
5057.85,1.359897E-15
5059.12,1.370373E-15
5060.39,1.383457E-15
5061.66,1.387052E-15
5062.93,1.397846E-15
5064.20,1.413757E-15
5065.47,1.403882E-15
5066.74,1.371647E-15
5068.02,1.350525E-15
5069.29,1.33994e-15
5070.56,1.319847E-15
5071.83,1.294917E-15
5073.10,1.284412E-15
5074.37,1.288459E-15
5075.64,1.28393e-15
5076.91,1.269684E-15
5078.18,1.266575E-15
5079.45,1.277701E-15
5080.73,1.287611E-15
5082.00,1.287636E-15
5083.27,1.281224E-15
5084.54,1.281163E-15
5085.81,1.277037E-15
5087.08,1.256552E-15
5088.35,1.244853E-15
5089.62,1.260915E-15
5090.89,1.272371E-15
5092.16,1.259998E-15
5093.44,1.241433E-15
5094.71,1.226301E-15
5095.98,1.211886E-15
5097.25,1.211733E-15
5098.52,1.236858E-15
5099.79,1.273758E-15
5101.06,1.309462E-15
5102.33,1.333923E-15
5103.60,1.332415E-15
5104.87,1.309218E-15
5106.15,1.290589E-15
5107.42,1.280376E-15
5108.69,1.261622E-15
5109.96,1.244973E-15
5111.23,1.260765E-15
5112.50,1.295406E-15
5113.77,1.317715E-15
5115.04,1.333037E-15
5116.31,1.355462E-15
5117.58,1.370952E-15
5118.85,1.37468e-15
5120.13,1.371038E-15
5121.40,1.363193E-15
5122.67,1.356731E-15
5123.94,1.354767E-15
5125.21,1.356857E-15
5126.48,1.372257E-15
5127.75,1.401894E-15
5129.02,1.425664E-15
5130.29,1.435645E-15
5131.56,1.441875E-15
5132.84,1.456929E-15
5134.11,1.484621E-15
5135.38,1.513352E-15
5136.65,1.517048E-15
5137.92,1.493689E-15
5139.19,1.460442E-15
5140.46,1.41739e-15
5141.73,1.379903E-15
5143.00,1.374694E-15
5144.27,1.390902E-15
5145.55,1.401251E-15
5146.82,1.411651E-15
5148.09,1.421486E-15
5149.36,1.431355E-15
5150.63,1.454848E-15
5151.90,1.4957e-15
5153.17,1.532699E-15
5154.44,1.547569E-15
5155.71,1.53902e-15
5156.98,1.511343E-15
5158.26,1.461318E-15
5159.53,1.402751E-15
5160.80,1.368055E-15
5162.07,1.357855E-15
5163.34,1.35798e-15
5164.61,1.381714E-15
5165.88,1.421522E-15
5167.15,1.455183E-15
5168.42,1.471947E-15
5169.69,1.471809E-15
5170.97,1.449741E-15
5172.24,1.421068E-15
5173.51,1.399942E-15
5174.78,1.395031E-15
5176.05,1.408269E-15
5177.32,1.434555E-15
5178.59,1.462746E-15
5179.86,1.479255E-15
5181.13,1.481278E-15
5182.40,1.479627E-15
5183.68,1.475604E-15
5184.95,1.463766E-15
5186.22,1.429614E-15
5187.49,1.387425E-15
5188.76,1.358518E-15
5190.03,1.340098E-15
5191.30,1.322226E-15
5192.57,1.321087E-15
5193.84,1.323845E-15
5195.11,1.315375E-15
5196.39,1.31261e-15
5197.66,1.318677E-15
5198.93,1.316175E-15
5200.20,1.314089E-15
5201.47,1.320561E-15
5202.74,1.31255e-15
5204.01,1.293048E-15
5205.28,1.286815E-15
5206.55,1.289244E-15
5207.82,1.286482E-15
5209.10,1.288414E-15
5210.37,1.289121E-15
5211.64,1.284481E-15
5212.91,1.28481e-15
5214.18,1.284201E-15
5215.45,1.273744E-15
5216.72,1.271846E-15
5217.99,1.287771E-15
5219.26,1.311302E-15
5220.53,1.34383e-15
5221.81,1.378587E-15
5223.08,1.398398E-15
5224.35,1.402281E-15
5225.62,1.397777E-15
5226.89,1.383733E-15
5228.16,1.369658E-15
5229.43,1.361456E-15
5230.70,1.356927E-15
5231.97,1.352227E-15
5233.24,1.342579E-15
5234.51,1.326966E-15
5235.79,1.320033E-15
5237.06,1.331193E-15
5238.33,1.352257E-15
5239.60,1.363172E-15
5240.87,1.370878E-15
5242.14,1.394416E-15
5243.41,1.421734E-15
5244.68,1.429396E-15
5245.95,1.433569E-15
5247.22,1.457943E-15
5248.50,1.490519E-15
5249.77,1.502654E-15
5251.04,1.506905E-15
5252.31,1.526805E-15
5253.58,1.533714E-15
5254.85,1.503229E-15
5256.12,1.485116E-15
5257.39,1.506112E-15
5258.66,1.533069E-15
5259.93,1.561372E-15
5261.21,1.593645E-15
5262.48,1.611064E-15
5263.75,1.613236E-15
5265.02,1.604451E-15
5266.29,1.574538E-15
5267.56,1.546801E-15
5268.83,1.526369E-15
5270.10,1.503923E-15
5271.37,1.501545E-15
5272.64,1.533294E-15
5273.92,1.569494E-15
5275.19,1.599424E-15
5276.46,1.624405E-15
5277.73,1.642877E-15
5279.00,1.662101E-15
5280.27,1.693067E-15
5281.54,1.72867e-15
5282.81,1.753451E-15
5284.08,1.756923E-15
5285.35,1.744566E-15
5286.63,1.730041E-15
5287.90,1.728934E-15
5289.17,1.740207E-15
5290.44,1.749516E-15
5291.71,1.750194E-15
5292.98,1.747924E-15
5294.25,1.741441E-15
5295.52,1.740057E-15
5296.79,1.756396E-15
5298.06,1.788834E-15
5299.34,1.831687E-15
5300.61,1.869546E-15
5301.88,1.876247E-15
5303.15,1.866499E-15
5304.42,1.863651E-15
5305.69,1.857921E-15
5306.96,1.855227E-15
5308.23,1.874269E-15
5309.50,1.891387E-15
5310.77,1.887737E-15
5312.05,1.886475E-15
5313.32,1.904557E-15
5314.59,1.940385E-15
5315.86,1.985309E-15
5317.13,2.013057E-15
5318.40,2.001499E-15
5319.67,1.965918E-15
5320.94,1.937353E-15
5322.21,1.926683E-15
5323.48,1.942386E-15
5324.76,1.974811E-15
5326.03,1.996495E-15
5327.30,1.995003E-15
5328.57,1.984356E-15
5329.84,1.979218E-15
5331.11,2.000562E-15
5332.38,2.049466E-15
5333.65,2.097311E-15
5334.92,2.129623E-15
5336.19,2.138073E-15
5337.47,2.108423E-15
5338.74,2.061142E-15
5340.01,2.039492E-15
5341.28,2.043154E-15
5342.55,2.058612E-15
5343.82,2.087113E-15
5345.09,2.116168E-15
5346.36,2.117749E-15
5347.63,2.092989E-15
5348.90,2.080167E-15
5350.17,2.10232e-15
5351.45,2.128983E-15
5352.72,2.131009E-15
5353.99,2.116585E-15
5355.26,2.106244E-15
5356.53,2.103902E-15
5357.80,2.100694E-15
5359.07,2.108487E-15
5360.34,2.136155E-15
5361.61,2.147183E-15
5362.88,2.119397E-15
5364.16,2.085745E-15
5365.43,2.060023E-15
5366.70,2.031738E-15
5367.97,2.01414e-15
5369.24,2.020984E-15
5370.51,2.048168E-15
5371.78,2.08663e-15
5373.05,2.125474E-15
5374.32,2.147717E-15
5375.59,2.149406E-15
5376.87,2.149707E-15
5378.14,2.152603E-15
5379.41,2.151913E-15
5380.68,2.157745E-15
5381.95,2.171386E-15
5383.22,2.177217E-15
5384.49,2.183904E-15
5385.76,2.196242E-15
5387.03,2.196465E-15
5388.30,2.184183E-15
5389.58,2.167646E-15
5390.85,2.158545E-15
5392.12,2.179624E-15
5393.39,2.222558E-15
5394.66,2.239526E-15
5395.93,2.227708E-15
5397.20,2.210543E-15
5398.47,2.176822E-15
5399.74,2.126345E-15
5401.01,2.105741E-15
5402.29,2.123468E-15
5403.56,2.132948E-15
5404.83,2.12989e-15
5406.10,2.142206E-15
5407.37,2.14024e-15
5408.64,2.11197e-15
5409.91,2.094877E-15
5411.18,2.089276E-15
5412.45,2.073732E-15
5413.72,2.084171E-15
5415.00,2.113382E-15
5416.27,2.121746E-15
5417.54,2.127751E-15
5418.81,2.149123E-15
5420.08,2.153242E-15
5421.35,2.14117e-15
5422.62,2.139277E-15
5423.89,2.133074E-15
5425.16,2.116938E-15
5426.43,2.113387E-15
5427.71,2.127793E-15
5428.98,2.144976E-15
5430.25,2.162144E-15
5431.52,2.180254E-15
5432.79,2.191475E-15
5434.06,2.192472E-15
5435.33,2.191395E-15
5436.60,2.19314e-15
5437.87,2.193971E-15
5439.14,2.187683E-15
5440.42,2.161727E-15
5441.69,2.119252E-15
5442.96,2.093719E-15
5444.23,2.0963e-15
5445.50,2.106875E-15
5446.77,2.121461E-15
5448.04,2.142362E-15
5449.31,2.144166E-15
5450.58,2.112638E-15
5451.85,2.058856E-15
5453.13,2.014588E-15
5454.40,1.987546E-15
5455.67,1.976443E-15
5456.94,1.983925E-15
5458.21,2.008541E-15
5459.48,2.029179E-15
5460.75,2.043918E-15
5462.02,2.040819E-15
5463.29,2.018671E-15
5464.56,2.014768E-15
5465.83,2.03932e-15
5467.11,2.060709E-15
5468.38,2.081154E-15
5469.65,2.09487e-15
5470.92,2.08219e-15
5472.19,2.064395E-15
5473.46,2.060943E-15
5474.73,2.054677E-15
5476.00,2.048929E-15
5477.27,2.052906E-15
5478.54,2.054841E-15
5479.82,2.053917E-15
5481.09,2.057706E-15
5482.36,2.065488E-15
5483.63,2.073632E-15
5484.90,2.080233E-15
5486.17,2.091276E-15
5487.44,2.110542E-15
5488.71,2.130341E-15
5489.98,2.160396E-15
5491.25,2.205437E-15
5492.53,2.243548E-15
5493.80,2.266706E-15
5495.07,2.291408E-15
5496.34,2.304408E-15
5497.61,2.297769E-15
5498.88,2.278456E-15
5500.15,2.264735E-15
5501.42,2.265649E-15
5502.69,2.272661E-15
5503.96,2.273483E-15
5505.24,2.293352E-15
5506.51,2.323876E-15
5507.78,2.341652E-15
5509.05,2.34553e-15
5510.32,2.339595E-15
5511.59,2.304478E-15
5512.86,2.257079E-15
5514.13,2.241383E-15
5515.40,2.269427E-15
5516.67,2.318705E-15
5517.95,2.363857E-15
5519.22,2.386801E-15
5520.49,2.371066E-15
5521.76,2.331944E-15
5523.03,2.296355E-15
5524.30,2.279337E-15
5525.57,2.277181E-15
5526.84,2.270758E-15
5528.11,2.25067e-15
5529.38,2.228511E-15
5530.66,2.222634E-15
5531.93,2.240438E-15
5533.20,2.27819e-15
5534.47,2.310877E-15
5535.74,2.312702E-15
5537.01,2.293909E-15
5538.28,2.277794E-15
5539.55,2.267176E-15
5540.82,2.26705e-15
5542.09,2.289453E-15
5543.37,2.308897E-15
5544.64,2.306112E-15
5545.91,2.306962E-15
5547.18,2.326687E-15
5548.45,2.342724E-15
5549.72,2.350984E-15
5550.99,2.356488E-15
5552.26,2.34173e-15
5553.53,2.316351E-15
5554.80,2.300611E-15
5556.08,2.303215E-15
5557.35,2.310361E-15
5558.62,2.315518E-15
5559.89,2.318624E-15
5561.16,2.323813E-15
5562.43,2.332523E-15
5563.70,2.333775E-15
5564.97,2.311495E-15
5566.24,2.271442E-15
5567.51,2.245746E-15
5568.79,2.24236e-15
5570.06,2.262334E-15
5571.33,2.300871E-15
5572.60,2.332565E-15
5573.87,2.343135E-15
5575.14,2.333416E-15
5576.41,2.31032e-15
5577.68,2.305516E-15
5578.95,2.343338E-15
5580.22,2.396167E-15
5581.49,2.438075E-15
5582.77,2.463039E-15
5584.04,2.458252E-15
5585.31,2.413586E-15
5586.58,2.345098E-15
5587.85,2.269569E-15
5589.12,2.200883E-15
5590.39,2.161678E-15
5591.66,2.139894E-15
5592.93,2.11531e-15
5594.20,2.101032E-15
5595.48,2.111773E-15
5596.75,2.120667E-15
5598.02,2.115478E-15
5599.29,2.101466E-15
5600.56,2.083053E-15
5601.83,2.055528E-15
5603.10,2.026667E-15
5604.37,2.013118E-15
5605.64,2.018737E-15
5606.91,2.022231E-15
5608.19,2.010229E-15
5609.46,1.995356E-15
5610.73,1.981277E-15
5612.00,1.949167E-15
5613.27,1.900899E-15
5614.54,1.871675E-15
5615.81,1.860858E-15
5617.08,1.836213E-15
5618.35,1.805557E-15
5619.62,1.79032e-15
5620.90,1.778086E-15
5622.17,1.764038E-15
5623.44,1.767753E-15
5624.71,1.777329E-15
5625.98,1.767489E-15
5627.25,1.751453E-15
5628.52,1.733467E-15
5629.79,1.708843E-15
5631.06,1.708126E-15
5632.33,1.748248E-15
5633.61,1.785272E-15
5634.88,1.799062E-15
5636.15,1.792289E-15
5637.42,1.771703E-15
5638.69,1.73414e-15
5639.96,1.695667E-15
5641.23,1.677797E-15
5642.50,1.688157E-15
5643.77,1.697083E-15
5645.04,1.703091E-15
5646.32,1.710371E-15
5647.59,1.69839e-15
5648.86,1.668609E-15
5650.13,1.643658E-15
5651.40,1.615781E-15
5652.67,1.577355E-15
5653.94,1.551063E-15
5655.21,1.553862E-15
5656.48,1.571653E-15
5657.75,1.578485E-15
5659.03,1.562736E-15
5660.30,1.530693E-15
5661.57,1.49105e-15
5662.84,1.451237E-15
5664.11,1.419251E-15
5665.38,1.408639E-15
5666.65,1.40218e-15
5667.92,1.375424E-15
5669.19,1.338694E-15
5670.46,1.316205E-15
5671.74,1.299834E-15
5673.01,1.29486e-15
5674.28,1.296591E-15
5675.55,1.295235E-15
5676.82,1.289705E-15
5678.09,1.277475E-15
5679.36,1.247824E-15
5680.63,1.219529E-15
5681.90,1.197996E-15
5683.17,1.180404E-15
5684.44,1.176851E-15
5685.72,1.179441E-15
5686.99,1.169549E-15
5688.26,1.156129E-15
5689.53,1.148428E-15
5690.80,1.141488E-15
5692.07,1.136854E-15
5693.34,1.134159E-15
5694.61,1.129128E-15
5695.88,1.119111E-15
5697.15,1.101719E-15
5698.43,1.083683E-15
5699.70,1.070262E-15
5700.97,1.056356E-15
5702.24,1.053231E-15
5703.51,1.055489E-15
5704.78,1.045612E-15
5706.05,1.030066E-15
5707.32,1.022304E-15
5708.59,1.021509E-15
5709.86,1.036411E-15
5711.14,1.050942E-15
5712.41,1.053411E-15
5713.68,1.048859E-15
5714.95,1.032516E-15
5716.22,1.005819E-15
5717.49,9.969467E-16
5718.76,9.989687E-16
5720.03,9.901129E-16
5721.30,9.805709E-16
5722.57,9.80057e-16
5723.85,9.79993e-16
5725.12,9.794919E-16
5726.39,9.818808E-16
5727.66,9.78663e-16
5728.93,9.73937e-16
5730.20,9.793874E-16
5731.47,9.922477E-16
5732.74,9.993155E-16
5734.01,9.979828E-16
5735.28,9.913629E-16
5736.56,9.76512e-16
5737.83,9.624079E-16
5739.10,9.748798E-16
5740.37,1.015534E-15
5741.64,1.064022E-15
5742.91,1.113411E-15
5744.18,1.158147E-15
5745.45,1.183147E-15
5746.72,1.181601E-15
5747.99,1.163691E-15
5749.27,1.140914E-15
5750.54,1.129043E-15
5751.81,1.128435E-15
5753.08,1.127861E-15
5754.35,1.130338E-15
5755.62,1.145896E-15
5756.89,1.162756E-15
5758.16,1.178294E-15
5759.43,1.203588E-15
5760.70,1.228716E-15
5761.98,1.238041E-15
5763.25,1.23075e-15
5764.52,1.213185E-15
5765.79,1.209031E-15
5767.06,1.21628e-15
5768.33,1.209943E-15
5769.60,1.203133E-15
5770.87,1.21671e-15
5772.14,1.215814E-15
5773.41,1.199926E-15
5774.69,1.208081E-15
5775.96,1.233035E-15
5777.23,1.246007E-15
5778.50,1.256924E-15
5779.77,1.276472E-15
5781.04,1.30074e-15
5782.31,1.323521E-15
5783.58,1.346419E-15
5784.85,1.37243e-15
5786.12,1.397353E-15
5787.40,1.422612E-15
5788.67,1.454922E-15
5789.94,1.48432e-15
5791.21,1.506419E-15
5792.48,1.524888E-15
5793.75,1.533903E-15
5795.02,1.5356e-15
5796.29,1.536176E-15
5797.56,1.536463E-15
5798.83,1.544924E-15
5800.10,1.567956E-15
5801.38,1.604951E-15
5802.65,1.658367E-15
5803.92,1.71254e-15
5805.19,1.755058E-15
5806.46,1.793862E-15
5807.73,1.836125E-15
5809.00,1.887426E-15
5810.27,1.948504E-15
5811.54,1.989414E-15
5812.81,2.000472E-15
5814.09,1.990989E-15
5815.36,1.966583E-15
5816.63,1.945193E-15
5817.90,1.954418E-15
5819.17,1.985102E-15
5820.44,2.014235E-15
5821.71,2.026047E-15
5822.98,2.02469e-15
5824.25,2.029482E-15
5825.52,2.051659E-15
5826.80,2.086817E-15
5828.07,2.129132E-15
5829.34,2.166805E-15
5830.61,2.192076E-15
5831.88,2.197902E-15
5833.15,2.195579E-15
5834.42,2.204033E-15
5835.69,2.229007E-15
5836.96,2.268105E-15
5838.23,2.325552E-15
5839.51,2.380196E-15
5840.78,2.41722e-15
5842.05,2.440583E-15
5843.32,2.455999E-15
5844.59,2.457225E-15
5845.86,2.44035e-15
5847.13,2.422244E-15
5848.40,2.41975e-15
5849.67,2.426563E-15
5850.94,2.43354e-15
5852.22,2.458019E-15
5853.49,2.498357E-15
5854.76,2.533032E-15
5856.03,2.552156E-15
5857.30,2.574026E-15
5858.57,2.589048E-15
5859.84,2.580006E-15
5861.11,2.554044E-15
5862.38,2.530371E-15
5863.65,2.510443E-15
5864.93,2.504642E-15
5866.20,2.535467E-15
5867.47,2.590503E-15
5868.74,2.618948E-15
5870.01,2.610563E-15
5871.28,2.588316E-15
5872.55,2.536416E-15
5873.82,2.462795E-15
5875.09,2.422109E-15
5876.36,2.420302E-15
5877.64,2.432172E-15
5878.91,2.467946E-15
5880.18,2.528747E-15
5881.45,2.579878E-15
5882.72,2.604196E-15
5883.99,2.612969E-15
5885.26,2.604981E-15
5886.53,2.577498E-15
5887.80,2.551431E-15
5889.07,2.553132E-15
5890.35,2.578858E-15
5891.62,2.604004E-15
5892.89,2.616393E-15
5894.16,2.618826E-15
5895.43,2.621256E-15
5896.70,2.631878E-15
5897.97,2.643451E-15
5899.24,2.647965E-15
5900.51,2.658729E-15
5901.78,2.668952E-15
5903.06,2.653912E-15
5904.33,2.635418E-15
5905.60,2.641217E-15
5906.87,2.654205E-15
5908.14,2.653641E-15
5909.41,2.644638E-15
5910.68,2.62646e-15
5911.95,2.604575E-15
5913.22,2.592668E-15
5914.49,2.588374E-15
5915.76,2.585838E-15
5917.04,2.594909E-15
5918.31,2.607651E-15
5919.58,2.592272E-15
5920.85,2.560584E-15
5922.12,2.553943E-15
5923.39,2.570645E-15
5924.66,2.597087E-15
5925.93,2.631191E-15
5927.20,2.657882E-15
5928.47,2.66657e-15
5929.75,2.661493E-15
5931.02,2.636259E-15
5932.29,2.603217E-15
5933.56,2.588298E-15
5934.83,2.585451E-15
5936.10,2.578009E-15
5937.37,2.572471E-15
5938.64,2.577697E-15
5939.91,2.577846E-15
5941.18,2.558555E-15
5942.46,2.540275E-15
5943.73,2.552316E-15
5945.00,2.590783E-15
5946.27,2.630694E-15
5947.54,2.659048E-15
5948.81,2.669649E-15
5950.08,2.643161E-15
5951.35,2.585056E-15
5952.62,2.540948E-15
5953.89,2.531798E-15
5955.17,2.536035E-15
5956.44,2.543044E-15
5957.71,2.539827E-15
5958.98,2.523282E-15
5960.25,2.509867E-15
5961.52,2.510606E-15
5962.79,2.517758E-15
5964.06,2.529103E-15
5965.33,2.526759E-15
5966.60,2.501182E-15
5967.88,2.475502E-15
5969.15,2.470667E-15
5970.42,2.478763E-15
5971.69,2.488986E-15
5972.96,2.500039E-15
5974.23,2.507281E-15
5975.50,2.504816E-15
5976.77,2.489452E-15
5978.04,2.472296E-15
5979.31,2.460969E-15
5980.59,2.452833E-15
5981.86,2.445678E-15
5983.13,2.449557E-15
5984.40,2.462598E-15
5985.67,2.477537E-15
5986.94,2.48679e-15
5988.21,2.487833E-15
5989.48,2.487771E-15
5990.75,2.498744E-15
5992.02,2.512306E-15
5993.30,2.504642E-15
5994.57,2.481564E-15
5995.84,2.462877E-15
5997.11,2.442061E-15
5998.38,2.407696E-15
5999.65,2.390538E-15
6000.92,2.399278E-15
6002.19,2.405761E-15
6003.46,2.408354E-15
6004.73,2.4139e-15
6006.01,2.404783E-15
6007.28,2.380358E-15
6008.55,2.360559E-15
6009.82,2.341974E-15
6011.09,2.332384E-15
6012.36,2.338996E-15
6013.63,2.343341E-15
6014.90,2.345548E-15
6016.17,2.342661E-15
6017.44,2.331998E-15
6018.72,2.313708E-15
6019.99,2.312864E-15
6021.26,2.317086E-15
6022.53,2.320008E-15
6023.80,2.317342E-15
6025.07,2.313251E-15
6026.34,2.293355E-15
6027.61,2.260589E-15
6028.88,2.247961E-15
6030.15,2.252234E-15
6031.42,2.240781E-15
6032.70,2.226165E-15
6033.97,2.232685E-15
6035.24,2.22538e-15
6036.51,2.204102E-15
6037.78,2.201015E-15
6039.05,2.210839E-15
6040.32,2.220467E-15
6041.59,2.219333E-15
6042.86,2.205015E-15
6044.13,2.191536E-15
6045.41,2.173844E-15
6046.68,2.139654E-15
6047.95,2.123188E-15
6049.22,2.125145E-15
6050.49,2.124492E-15
6051.76,2.120161E-15
6053.03,2.12278e-15
6054.30,2.120369E-15
6055.57,2.106585E-15
6056.84,2.090842E-15
6058.12,2.083381E-15
6059.39,2.076468E-15
6060.66,2.06844e-15
6061.93,2.063509E-15
6063.20,2.036196E-15
6064.47,1.98929e-15
6065.74,1.95126e-15
6067.01,1.922071E-15
6068.28,1.900892E-15
6069.55,1.910788E-15
6070.83,1.942911E-15
6072.10,1.972962E-15
6073.37,2.001077E-15
6074.64,2.024387E-15
6075.91,2.046764E-15
6077.18,2.052651E-15
6078.45,2.037565E-15
6079.72,2.022937E-15
6080.99,2.004879E-15
6082.26,1.969035E-15
6083.54,1.939913E-15
6084.81,1.933957E-15
6086.08,1.931279E-15
6087.35,1.93896e-15
6088.62,1.956207E-15
6089.89,1.980815E-15
6091.16,1.997336E-15
6092.43,2.00039e-15
6093.70,1.993451E-15
6094.97,1.981975E-15
6096.25,1.967107E-15
6097.52,1.95417e-15
6098.79,1.941867E-15
6100.06,1.928706E-15
6101.33,1.916163E-15
6102.60,1.905839E-15
6103.87,1.905804E-15
6105.14,1.915189E-15
6106.41,1.925261E-15
6107.68,1.948821E-15
6108.96,1.981018E-15
6110.23,1.991414E-15
6111.50,1.98555e-15
6112.77,1.986407E-15
6114.04,1.9816e-15
6115.31,1.975802E-15
6116.58,1.983822E-15
6117.85,1.987393E-15
6119.12,1.982742E-15
6120.39,1.977958E-15
6121.67,1.970149E-15
6122.94,1.957651E-15
6124.21,1.953255E-15
6125.48,1.964315E-15
6126.75,1.986434E-15
6128.02,2.003003E-15
6129.29,2.003195E-15
6130.56,1.986075E-15
6131.83,1.953718E-15
6133.10,1.91426e-15
6134.38,1.86371e-15
6135.65,1.818968E-15
6136.92,1.810247E-15
6138.19,1.815434E-15
6139.46,1.809896E-15
6140.73,1.815158E-15
6142.00,1.828678E-15
6143.27,1.831313E-15
6144.54,1.823306E-15
6145.81,1.820323E-15
6147.08,1.809407E-15
6148.36,1.797716E-15
6149.63,1.794914E-15
6150.90,1.803118E-15
6152.17,1.820562E-15
6153.44,1.839919E-15
6154.71,1.845498E-15
6155.98,1.838561E-15
6157.25,1.827777E-15
6158.52,1.804938E-15
6159.79,1.780711E-15
6161.07,1.769616E-15
6162.34,1.751385E-15
6163.61,1.735287E-15
6164.88,1.735231E-15
6166.15,1.737756E-15
6167.42,1.722932E-15
6168.69,1.711089E-15
6169.96,1.716849E-15
6171.23,1.723596E-15
6172.50,1.730905E-15
6173.78,1.746309E-15
6175.05,1.752846E-15
6176.32,1.754579E-15
6177.59,1.759853E-15
6178.86,1.760507E-15
6180.13,1.769408E-15
6181.40,1.799376E-15
6182.67,1.811438E-15
6183.94,1.80708e-15
6185.21,1.814918E-15
6186.49,1.82835e-15
6187.76,1.820789E-15
6189.03,1.813995E-15
6190.30,1.819424E-15
6191.57,1.813438E-15
6192.84,1.794249E-15
6194.11,1.794801E-15
6195.38,1.808661E-15
6196.65,1.813021E-15
6197.92,1.828288E-15
6199.20,1.861751E-15
6200.47,1.892012E-15
6201.74,1.911556E-15
6203.01,1.920889E-15
6204.28,1.914599E-15
6205.55,1.898976E-15
6206.82,1.886297E-15
6208.09,1.870924E-15
6209.36,1.868692E-15
6210.63,1.87553e-15
6211.91,1.866075E-15
6213.18,1.847227E-15
6214.45,1.838631E-15
6215.72,1.838618E-15
6216.99,1.85103e-15
6218.26,1.868966E-15
6219.53,1.883925E-15
6220.80,1.891204E-15
6222.07,1.877735E-15
6223.34,1.850211E-15
6224.62,1.832507E-15
6225.89,1.810725E-15
6227.16,1.786528E-15
6228.43,1.784583E-15
6229.70,1.78344e-15
6230.97,1.770594E-15
6232.24,1.773993E-15
6233.51,1.793295E-15
6234.78,1.800651E-15
6236.05,1.813921E-15
6237.33,1.833572E-15
6238.60,1.8428e-15
6239.87,1.845206E-15
6241.14,1.854812E-15
6242.41,1.847824E-15
6243.68,1.835854E-15
6244.95,1.826361E-15
6246.22,1.808881E-15
6247.49,1.785216E-15
6248.76,1.779252E-15
6250.04,1.787952E-15
6251.31,1.801517E-15
6252.58,1.805534E-15
6253.85,1.79865e-15
6255.12,1.786914E-15
6256.39,1.772007E-15
6257.66,1.755051E-15
6258.93,1.750234E-15
6260.20,1.753152E-15
6261.47,1.752999E-15
6262.74,1.741203E-15
6264.02,1.726246E-15
6265.29,1.717814E-15
6266.56,1.702022E-15
6267.83,1.678467E-15
6269.10,1.667657E-15
6270.37,1.652253E-15
6271.64,1.614502E-15
6272.91,1.586027E-15
6274.18,1.569599E-15
6275.45,1.55156e-15
6276.73,1.548804E-15
6278.00,1.564873E-15
6279.27,1.573558E-15
6280.54,1.567245E-15
6281.81,1.55683e-15
6283.08,1.543457E-15
6284.35,1.533548E-15
6285.62,1.527129E-15
6286.89,1.524091E-15
6288.16,1.527038E-15
6289.44,1.535324E-15
6290.71,1.54829e-15
6291.98,1.570422E-15
6293.25,1.60865e-15
6294.52,1.638834E-15
6295.79,1.643815E-15
6297.06,1.634899E-15
6298.33,1.626554E-15
6299.60,1.625475E-15
6300.87,1.646014E-15
6302.15,1.677091E-15
6303.42,1.686303E-15
6304.69,1.679001E-15
6305.96,1.670118E-15
6307.23,1.638332E-15
6308.50,1.592681E-15
6309.77,1.563582E-15
6311.04,1.538711E-15
6312.31,1.509631E-15
6313.58,1.489347E-15
6314.86,1.479924E-15
6316.13,1.483452E-15
6317.40,1.503782E-15
6318.67,1.516113E-15
6319.94,1.522028E-15
6321.21,1.534601E-15
6322.48,1.535757E-15
6323.75,1.525666E-15
6325.02,1.531465E-15
6326.29,1.544322E-15
6327.57,1.555682E-15
6328.84,1.570024E-15
6330.11,1.574727E-15
6331.38,1.55823e-15
6332.65,1.539741E-15
6333.92,1.517223E-15
6335.19,1.496626E-15
6336.46,1.492404E-15
6337.73,1.493983E-15
6339.00,1.498029E-15
6340.28,1.518101E-15
6341.55,1.531867E-15
6342.82,1.526529E-15
6344.09,1.523581E-15
6345.36,1.515792E-15
6346.63,1.499353E-15
6347.90,1.496756E-15
6349.17,1.515668E-15
6350.44,1.529609E-15
6351.71,1.53728e-15
6352.99,1.540672E-15
6354.26,1.544636E-15
6355.53,1.550081E-15
6356.80,1.551596E-15
6358.07,1.557637E-15
6359.34,1.567036E-15
6360.61,1.562663E-15
6361.88,1.530252E-15
6363.15,1.494839E-15
6364.42,1.469127E-15
6365.69,1.447812E-15
6366.97,1.436836E-15
6368.24,1.454829E-15
6369.51,1.476478E-15
6370.78,1.474393E-15
6372.05,1.46739e-15
6373.32,1.459184E-15
6374.59,1.437679E-15
6375.86,1.431802E-15
6377.13,1.452621E-15
6378.40,1.472486E-15
6379.68,1.485309E-15
6380.95,1.498445E-15
6382.22,1.514352E-15
6383.49,1.524893E-15
6384.76,1.529586E-15
6386.03,1.532913E-15
6387.30,1.539152E-15
6388.57,1.539082E-15
6389.84,1.535385E-15
6391.11,1.535267E-15
6392.39,1.531845E-15
6393.66,1.527531E-15
6394.93,1.532548E-15
6396.20,1.548103E-15
6397.47,1.566858E-15
6398.74,1.595729E-15
6400.01,1.632333E-15
6401.28,1.657708E-15
6402.55,1.662835E-15
6403.82,1.661604E-15
6405.10,1.663623E-15
6406.37,1.658676E-15
6407.64,1.641173E-15
6408.91,1.629735E-15
6410.18,1.6226e-15
6411.45,1.611826E-15
6412.72,1.606422E-15
6413.99,1.610729E-15
6415.26,1.617804E-15
6416.53,1.624044E-15
6417.81,1.623007E-15
6419.08,1.612282E-15
6420.35,1.598761E-15
6421.62,1.588442E-15
6422.89,1.584938E-15
6424.16,1.592477E-15
6425.43,1.606552E-15
6426.70,1.616507E-15
6427.97,1.613008E-15
6429.24,1.606089E-15
6430.52,1.596474E-15
6431.79,1.592638E-15
6433.06,1.598309E-15
6434.33,1.61214e-15
6435.60,1.634119E-15
6436.87,1.663823E-15
6438.14,1.6685e-15
6439.41,1.647927E-15
6440.68,1.623675E-15
6441.95,1.589746E-15
6443.23,1.543549E-15
6444.50,1.527659E-15
6445.77,1.547721E-15
6447.04,1.578363E-15
6448.31,1.615278E-15
6449.58,1.652145E-15
6450.85,1.66231e-15
6452.12,1.652312E-15
6453.39,1.643344E-15
6454.66,1.626604E-15
6455.94,1.603404E-15
6457.21,1.58741e-15
6458.48,1.578629E-15
6459.75,1.563596E-15
6461.02,1.557686E-15
6462.29,1.568626E-15
6463.56,1.583939E-15
6464.83,1.5992e-15
6466.10,1.621356E-15
6467.37,1.629151E-15
6468.65,1.616564E-15
6469.92,1.604418E-15
6471.19,1.597395E-15
6472.46,1.587115E-15
6473.73,1.581348E-15
6475.00,1.589587E-15
6476.27,1.609959E-15
6477.54,1.622944E-15
6478.81,1.626983E-15
6480.08,1.644646E-15
6481.35,1.664301E-15
6482.63,1.662869E-15
6483.90,1.660969E-15
6485.17,1.653202E-15
6486.44,1.6254e-15
6487.71,1.598104E-15
6488.98,1.587901E-15
6490.25,1.583161E-15
6491.52,1.587905E-15
6492.79,1.59782e-15
6494.06,1.610039E-15
6495.34,1.614972E-15
6496.61,1.617634E-15
6497.88,1.6207e-15
6499.15,1.598576E-15
6500.42,1.577538E-15
6501.69,1.580186E-15
6502.96,1.578315E-15
6504.23,1.577461E-15
6505.50,1.599056E-15
6506.77,1.613839E-15
6508.05,1.604213E-15
6509.32,1.595524E-15
6510.59,1.592771E-15
6511.86,1.591461E-15
6513.13,1.585892E-15
6514.40,1.586733E-15
6515.67,1.580107E-15
6516.94,1.568931E-15
6518.21,1.568344E-15
6519.48,1.567056E-15
6520.76,1.561468E-15
6522.03,1.559737E-15
6523.30,1.54298e-15
6524.57,1.524466E-15
6525.84,1.536332E-15
6527.11,1.538846E-15
6528.38,1.506367E-15
6529.65,1.488006E-15
6530.92,1.499231E-15
6532.19,1.507638E-15
6533.47,1.520469E-15
6534.74,1.575423E-15
6536.01,1.634007E-15
6537.28,1.654931E-15
6538.55,1.631949E-15
6539.82,1.610586E-15
6541.09,1.597706E-15
6542.36,1.58155e-15
6543.63,1.58156e-15
6544.90,1.60313e-15
6546.18,1.621912E-15
6547.45,1.634253E-15
6548.72,1.659627E-15
6549.99,1.669374E-15
6551.26,1.65602e-15
6552.53,1.65523e-15
6553.80,1.648174E-15
6555.07,1.627464E-15
6556.34,1.605285E-15
6557.61,1.593178E-15
6558.89,1.583309E-15
6560.16,1.57157e-15
6561.43,1.550499E-15
6562.70,1.553385E-15
6563.97,1.57003e-15
6565.24,1.559674E-15
6566.51,1.551706E-15
6567.78,1.568284E-15
6569.05,1.582803E-15
6570.32,1.601539E-15
6571.60,1.636419E-15
6572.87,1.660416E-15
6574.14,1.648598E-15
6575.41,1.614416E-15
6576.68,1.598134E-15
6577.95,1.596178E-15
6579.22,1.607492E-15
6580.49,1.611513E-15
6581.76,1.605082E-15
6583.03,1.602144E-15
6584.31,1.605707E-15
6585.58,1.620795E-15
6586.85,1.650742E-15
6588.12,1.697787E-15
6589.39,1.762051E-15
6590.66,1.836599E-15
6591.93,1.887515E-15
6593.20,1.934741E-15
6594.47,1.978034E-15
6595.74,1.987179E-15
6597.01,1.981139E-15
6598.29,1.977124E-15
6599.56,1.963879E-15
6600.83,1.944028E-15
6602.10,1.923913E-15
6603.37,1.895132E-15
6604.64,1.860935E-15
6605.91,1.840585E-15
6607.18,1.84047e-15
6608.45,1.855393E-15
6609.72,1.859744E-15
6611.00,1.871027E-15
6612.27,1.923926E-15
6613.54,1.985518E-15
6614.81,2.015023E-15
6616.08,2.050433E-15
6617.35,2.105392E-15
6618.62,2.122987E-15
6619.89,2.084787E-15
6621.16,2.026283E-15
6622.43,1.979976E-15
6623.71,1.941222E-15
6624.98,1.926981E-15
6626.25,1.947891E-15
6627.52,2.001338E-15
6628.79,2.049298E-15
6630.06,2.056705E-15
6631.33,2.052912E-15
6632.60,2.067927E-15
6633.87,2.070059E-15
6635.14,2.0601e-15
6636.42,2.079455E-15
6637.69,2.103785E-15
6638.96,2.093393E-15
6640.23,2.062914E-15
6641.50,2.059658E-15
6642.77,2.080926E-15
6644.04,2.097079E-15
6645.31,2.114085E-15
6646.58,2.155585E-15
6647.85,2.181518E-15
6649.13,2.163129E-15
6650.40,2.127325E-15
6651.67,2.118447E-15
6652.94,2.133977E-15
6654.21,2.139383E-15
6655.48,2.137432E-15
6656.75,2.156818E-15
6658.02,2.187657E-15
6659.29,2.200354E-15
6660.56,2.191209E-15
6661.84,2.196942E-15
6663.11,2.193558E-15
6664.38,2.172557E-15
6665.65,2.170527E-15
6666.92,2.198369E-15
6668.19,2.210364E-15
6669.46,2.208795E-15
6670.73,2.208558E-15
6672.00,2.201228E-15
6673.27,2.184847E-15
6674.55,2.177591E-15
6675.82,2.185056E-15
6677.09,2.187301E-15
6678.36,2.174742E-15
6679.63,2.165471E-15
6680.90,2.175176E-15
6682.17,2.184871E-15
6683.44,2.18718e-15
6684.71,2.197204E-15
6685.98,2.211898E-15
6687.26,2.212039E-15
6688.53,2.239118E-15
6689.80,2.2797e-15
6691.07,2.276383E-15
6692.34,2.256079E-15
6693.61,2.230371E-15
6694.88,2.188607E-15
6696.15,2.15769e-15
6697.42,2.15339e-15
6698.69,2.139845E-15
6699.97,2.146275E-15
6701.24,2.171467E-15
6702.51,2.196777E-15
6703.78,2.211809E-15
6705.05,2.253843E-15
6706.32,2.30961e-15
6707.59,2.305907E-15
6708.86,2.25612e-15
6710.13,2.250067E-15
6711.40,2.265133E-15
6712.67,2.253122E-15
6713.95,2.251122E-15
6715.22,2.262251E-15
6716.49,2.247157E-15
6717.76,2.207827E-15
6719.03,2.174891E-15
6720.30,2.153393E-15
6721.57,2.137998E-15
6722.84,2.110215E-15
6724.11,2.062276E-15
6725.38,2.005187E-15
6726.66,1.960555E-15
6727.93,1.954157E-15
6729.20,1.987983E-15
6730.47,2.032212E-15
6731.74,2.076242E-15
6733.01,2.112205E-15
6734.28,2.121116E-15
6735.55,2.112215E-15
6736.82,2.117901E-15
6738.09,2.125366E-15
6739.37,2.131927E-15
6740.64,2.13942e-15
6741.91,2.143289E-15
6743.18,2.134939E-15
6744.45,2.133844E-15
6745.72,2.131491E-15
6746.99,2.124797E-15
6748.26,2.135872E-15
6749.53,2.156996E-15
6750.80,2.150943E-15
6752.08,2.142322E-15
6753.35,2.146418E-15
6754.62,2.127863E-15
6755.89,2.07988e-15
6757.16,2.059385E-15
6758.43,2.068897E-15
6759.70,2.072974E-15
6760.97,2.072758E-15
6762.24,2.101243E-15
6763.51,2.134927E-15
6764.79,2.138489E-15
6766.06,2.113188E-15
6767.33,2.097974E-15
6768.60,2.090223E-15
6769.87,2.068499E-15
6771.14,2.048632E-15
6772.41,2.051726E-15
6773.68,2.050685E-15
6774.95,2.038094E-15
6776.22,2.031581E-15
6777.50,2.034865E-15
6778.77,2.03501e-15
6780.04,2.028391E-15
6781.31,2.023436E-15
6782.58,2.021457E-15
6783.85,2.00439e-15
6785.12,1.99952e-15
6786.39,2.005579E-15
6787.66,2.002776E-15
6788.93,1.99342e-15
6790.21,1.986665E-15
6791.48,1.960524E-15
6792.75,1.929251E-15
6794.02,1.929316E-15
6795.29,1.947174E-15
6796.56,1.96523e-15
6797.83,1.985718E-15
6799.10,1.993815E-15
6800.37,1.976403E-15
6801.64,1.953542E-15
6802.92,1.942346E-15
6804.19,1.933336E-15
6805.46,1.947953E-15
6806.73,1.958864E-15
6808.00,1.953409E-15
6809.27,1.942655E-15
6810.54,1.932918E-15
6811.81,1.915638E-15
6813.08,1.912379E-15
6814.35,1.919328E-15
6815.63,1.91774e-15
6816.90,1.907434E-15
6818.17,1.884132E-15
6819.44,1.863657E-15
6820.71,1.83896e-15
6821.98,1.800168E-15
6823.25,1.779436E-15
6824.52,1.796158E-15
6825.79,1.811621E-15
6827.06,1.808526E-15
6828.33,1.824005E-15
6829.61,1.839584E-15
6830.88,1.835855E-15
6832.15,1.811466E-15
6833.42,1.815168E-15
6834.69,1.847461E-15
6835.96,1.883538E-15
6837.23,1.891076E-15
6838.50,1.885036E-15
6839.77,1.870809E-15
6841.04,1.846387E-15
6842.32,1.806862E-15
6843.59,1.770444E-15
6844.86,1.761699E-15
6846.13,1.754474E-15
6847.40,1.724618E-15
6848.67,1.710988E-15
6849.94,1.720295E-15
6851.21,1.722887E-15
6852.48,1.727727E-15
6853.75,1.732129E-15
6855.03,1.717652E-15
6856.30,1.684835E-15
6857.57,1.645924E-15
6858.84,1.607697E-15
6860.11,1.56579e-15
6861.38,1.502327E-15
6862.65,1.433238E-15
6863.92,1.364838E-15
6865.19,1.290173E-15
6866.46,1.234301E-15
6867.74,1.216581E-15
6869.01,1.217092E-15
6870.28,1.229645E-15
6871.55,1.261837E-15
6872.82,1.297132E-15
6874.09,1.330426E-15
6875.36,1.374986E-15
6876.63,1.401391E-15
6877.90,1.399245E-15
6879.17,1.392382E-15
6880.45,1.399764E-15
6881.72,1.405904E-15
6882.99,1.402137E-15
6884.26,1.402053E-15
6885.53,1.395012E-15
6886.80,1.366054E-15
6888.07,1.330362E-15
6889.34,1.326532E-15
6890.61,1.339673E-15
6891.88,1.369038E-15
6893.16,1.386583E-15
6894.43,1.391265E-15
6895.70,1.395755E-15
6896.97,1.382059E-15
6898.24,1.366359E-15
6899.51,1.384482E-15
6900.78,1.414716E-15
6902.05,1.424674E-15
6903.32,1.429782E-15
6904.59,1.43108e-15
6905.87,1.419401E-15
6907.14,1.405085E-15
6908.41,1.409276E-15
6909.68,1.431176E-15
6910.95,1.461221E-15
6912.22,1.492914E-15
6913.49,1.519851E-15
6914.76,1.535656E-15
6916.03,1.53977e-15
6917.30,1.533047E-15
6918.58,1.532184E-15
6919.85,1.543648E-15
6921.12,1.552191E-15
6922.39,1.545828E-15
6923.66,1.523249E-15
6924.93,1.492164E-15
6926.20,1.465898E-15
6927.47,1.430113E-15
6928.74,1.41323e-15
6930.01,1.418063E-15
6931.29,1.407177E-15
6932.56,1.373057E-15
6933.83,1.358203E-15
6935.10,1.35971e-15
6936.37,1.350373E-15
6937.64,1.353279E-15
6938.91,1.37741e-15
6940.18,1.404e-15
6941.45,1.416688E-15
6942.72,1.411574E-15
6943.99,1.405783E-15
6945.27,1.383045E-15
6946.54,1.355899E-15
6947.81,1.35717e-15
6949.08,1.382304E-15
6950.35,1.400623E-15
6951.62,1.446878E-15
6952.89,1.49366e-15
6954.16,1.500019E-15
6955.43,1.495921E-15
6956.70,1.497845E-15
6957.98,1.479933E-15
6959.25,1.471215E-15
6960.52,1.48723e-15
6961.79,1.504956E-15
6963.06,1.514193E-15
6964.33,1.521945E-15
6965.60,1.535201E-15
6966.87,1.540422E-15
6968.14,1.532507E-15
6969.41,1.524149E-15
6970.69,1.528793E-15
6971.96,1.539361E-15
6973.23,1.574127E-15
6974.50,1.611231E-15
6975.77,1.644662E-15
6977.04,1.673257E-15
6978.31,1.68687e-15
6979.58,1.682786E-15
6980.85,1.682134E-15
6982.12,1.680854E-15
6983.40,1.674409E-15
6984.67,1.67401e-15
6985.94,1.668571E-15
6987.21,1.672336E-15
6988.48,1.696652E-15
6989.75,1.729456E-15
6991.02,1.760917E-15
6992.29,1.780131E-15
6993.56,1.785064E-15
6994.83,1.783866E-15
6996.11,1.786514E-15
6997.38,1.783369E-15
6998.65,1.790128E-15
6999.92,1.815345E-15
7001.19,1.848095E-15
7002.46,1.870499E-15
7003.73,1.866124E-15
7005.00,1.85933e-15
7006.27,1.868778E-15
7007.54,1.858128E-15
7008.82,1.843171E-15
7010.09,1.867856E-15
7011.36,1.897602E-15
7012.63,1.912489E-15
7013.90,1.937997E-15
7015.17,1.967669E-15
7016.44,1.988281E-15
7017.71,1.999832E-15
7018.98,2.001086E-15
7020.25,2.000814E-15
7021.53,1.979408E-15
7022.80,1.944548E-15
7024.07,1.910213E-15
7025.34,1.878981E-15
7026.61,1.860424E-15
7027.88,1.859364E-15
7029.15,1.863116E-15
7030.42,1.893245E-15
7031.69,1.936597E-15
7032.96,1.943015E-15
7034.24,1.938668E-15
7035.51,1.954542E-15
7036.78,1.962883E-15
7038.05,1.950984E-15
7039.32,1.962069E-15
7040.59,1.994665E-15
7041.86,2.014137E-15
7043.13,2.019561E-15
7044.40,2.031714E-15
7045.67,2.025509E-15
7046.95,2.004198E-15
7048.22,1.983516E-15
7049.49,1.945769E-15
7050.76,1.930276E-15
7052.03,1.96035e-15
7053.30,1.981223E-15
7054.57,2.013704E-15
7055.84,2.074917E-15
7057.11,2.103091E-15
7058.38,2.099626E-15
7059.65,2.095757E-15
7060.93,2.063577E-15
7062.20,2.024914E-15
7063.47,2.014153E-15
7064.74,2.008812E-15
7066.01,2.005629E-15
7067.28,2.014223E-15
7068.55,2.01958e-15
7069.82,2.007898E-15
7071.09,1.990947E-15
7072.36,1.986187E-15
7073.64,1.990446E-15
7074.91,1.990686E-15
7076.18,1.991802E-15
7077.45,1.994701E-15
7078.72,1.996447E-15
7079.99,1.995451E-15
7081.26,1.992282E-15
7082.53,1.975673E-15
7083.80,1.955635E-15
7085.07,1.953084E-15
7086.35,1.954233E-15
7087.62,1.948183E-15
7088.89,1.94893e-15
7090.16,1.962776E-15
7091.43,1.976702E-15
7092.70,1.971905E-15
7093.97,1.965454E-15
7095.24,1.959283E-15
7096.51,1.953737E-15
7097.78,1.935388E-15
7099.06,1.909096E-15
7100.33,1.893204E-15
7101.60,1.888487E-15
7102.87,1.867229E-15
7104.14,1.845467E-15
7105.41,1.858794E-15
7106.68,1.890688E-15
7107.95,1.917957E-15
7109.22,1.954059E-15
7110.49,1.99122e-15
7111.77,2.006097E-15
7113.04,2.003098E-15
7114.31,1.992591E-15
7115.58,1.969727E-15
7116.85,1.940047E-15
7118.12,1.907067E-15
7119.39,1.876377E-15
7120.66,1.874788E-15
7121.93,1.888115E-15
7123.20,1.875393E-15
7124.48,1.869201E-15
7125.75,1.86956e-15
7127.02,1.853475E-15
7128.29,1.828627E-15
7129.56,1.83256e-15
7130.83,1.834168E-15
7132.10,1.832856E-15
7133.37,1.825847E-15
7134.64,1.807104E-15
7135.91,1.780787E-15
7137.19,1.774732E-15
7138.46,1.760702E-15
7139.73,1.754582E-15
7141.00,1.774183E-15
7142.27,1.798463E-15
7143.54,1.794376E-15
7144.81,1.790977E-15
7146.08,1.799266E-15
7147.35,1.814325E-15
7148.62,1.824044E-15
7149.90,1.833954E-15
7151.17,1.842426E-15
7152.44,1.824836E-15
7153.71,1.800153E-15
7154.98,1.792553E-15
7156.25,1.792501E-15
7157.52,1.779411E-15
7158.79,1.75836e-15
7160.06,1.729007E-15
7161.33,1.692187E-15
7162.60,1.660637E-15
7163.88,1.655815E-15
7165.15,1.669071E-15
7166.42,1.683033E-15
7167.69,1.696387E-15
7168.96,1.689377E-15
7170.23,1.652837E-15
7171.50,1.612845E-15
7172.77,1.595193E-15
7174.04,1.56761e-15
7175.31,1.529188E-15
7176.59,1.510401E-15
7177.86,1.502392E-15
7179.13,1.47424e-15
7180.40,1.449054E-15
7181.67,1.448145E-15
7182.94,1.435411E-15
7184.21,1.40715e-15
7185.48,1.394915E-15
7186.75,1.399765E-15
7188.02,1.40003e-15
7189.30,1.403667E-15
7190.57,1.410172E-15
7191.84,1.393107E-15
7193.11,1.365506E-15
7194.38,1.365278E-15
7195.65,1.392363E-15
7196.92,1.420036E-15
7198.19,1.439048E-15
7199.46,1.454306E-15
7200.73,1.460362E-15
7202.01,1.458462E-15
7203.28,1.459876E-15
7204.55,1.466713E-15
7205.82,1.479095E-15
7207.09,1.512129E-15
7208.36,1.53926e-15
7209.63,1.543588E-15
7210.90,1.555742E-15
7212.17,1.578354E-15
7213.44,1.578972E-15
7214.72,1.579917E-15
7215.99,1.60378e-15
7217.26,1.630514E-15
7218.53,1.641495E-15
7219.80,1.637435E-15
7221.07,1.627344E-15
7222.34,1.620381E-15
7223.61,1.627448E-15
7224.88,1.63013e-15
7226.15,1.60941e-15
7227.43,1.562924E-15
7228.70,1.503645E-15
7229.97,1.443094E-15
7231.24,1.415195E-15
7232.51,1.424704E-15
7233.78,1.451033E-15
7235.05,1.502302E-15
7236.32,1.550518E-15
7237.59,1.567968E-15
7238.86,1.580623E-15
7240.14,1.602659E-15
7241.41,1.603164E-15
7242.68,1.589561E-15
7243.95,1.581322E-15
7245.22,1.565104E-15
7246.49,1.548302E-15
7247.76,1.54123e-15
7249.03,1.542964E-15
7250.30,1.545655E-15
7251.57,1.548386E-15
7252.85,1.562144E-15
7254.12,1.586496E-15
7255.39,1.60866e-15
7256.66,1.626322E-15
7257.93,1.641012E-15
7259.20,1.647056E-15
7260.47,1.640004E-15
7261.74,1.631137E-15
7263.01,1.637718E-15
7264.28,1.650879E-15
7265.56,1.632605E-15
7266.83,1.606482E-15
7268.10,1.598264E-15
7269.37,1.575101E-15
7270.64,1.547981E-15
7271.91,1.544676E-15
7273.18,1.552641E-15
7274.45,1.56979e-15
7275.72,1.608633E-15
7276.99,1.663192E-15
7278.26,1.737735E-15
7279.54,1.788775E-15
7280.81,1.783898E-15
7282.08,1.755624E-15
7283.35,1.709885E-15
7284.62,1.636875E-15
7285.89,1.586055E-15
7287.16,1.578735E-15
7288.43,1.582076E-15
7289.70,1.592205E-15
7290.97,1.600917E-15
7292.25,1.609225E-15
7293.52,1.631407E-15
7294.79,1.644441E-15
7296.06,1.625403E-15
7297.33,1.6272e-15
7298.60,1.649106E-15
7299.87,1.652216E-15
7301.14,1.647818E-15
7302.41,1.658785E-15
7303.68,1.664819E-15
7304.96,1.646429E-15
7306.23,1.60885e-15
7307.50,1.585948E-15
7308.77,1.582237E-15
7310.04,1.573895E-15
7311.31,1.57286e-15
7312.58,1.609978E-15
7313.85,1.666447E-15
7315.12,1.703654E-15
7316.39,1.714593E-15
7317.67,1.722991E-15
7318.94,1.717362E-15
7320.21,1.673727E-15
7321.48,1.635918E-15
7322.75,1.630889E-15
7324.02,1.633234E-15
7325.29,1.620979E-15
7326.56,1.616201E-15
7327.83,1.623825E-15
7329.10,1.626848E-15
7330.38,1.615879E-15
7331.65,1.604883E-15
7332.92,1.584604E-15
7334.19,1.56561e-15
7335.46,1.592184E-15
7336.73,1.640146E-15
7338.00,1.6696e-15
7339.27,1.715336E-15
7340.54,1.754554E-15
7341.81,1.742759E-15
7343.09,1.706954E-15
7344.36,1.673464E-15
7345.63,1.651917E-15
7346.90,1.663374E-15
7348.17,1.67106e-15
7349.44,1.666103E-15
7350.71,1.686988E-15
7351.98,1.696499E-15
7353.25,1.665816E-15
7354.52,1.628622E-15
7355.80,1.613537E-15
7357.07,1.601469E-15
7358.34,1.591632E-15
7359.61,1.587438E-15
7360.88,1.598917E-15
7362.15,1.607665E-15
7363.42,1.593661E-15
7364.69,1.567551E-15
7365.96,1.551835E-15
7367.23,1.549639E-15
7368.51,1.559004E-15
7369.78,1.577867E-15
7371.05,1.59843e-15
7372.32,1.606942E-15
7373.59,1.599414E-15
7374.86,1.578829E-15
7376.13,1.551672E-15
7377.40,1.535718E-15
7378.67,1.52612e-15
7379.94,1.517877E-15
7381.22,1.520986E-15
7382.49,1.514194E-15
7383.76,1.488436E-15
7385.03,1.498032E-15
7386.30,1.533478E-15
7387.57,1.529449E-15
7388.84,1.542846E-15
7390.11,1.585186E-15
7391.38,1.584131E-15
7392.65,1.548499E-15
7393.92,1.552716E-15
7395.20,1.567859E-15
7396.47,1.55973e-15
7397.74,1.549159E-15
7399.01,1.545432E-15
7400.28,1.514955E-15
7401.55,1.478099E-15
7402.82,1.468196E-15
7404.09,1.469836E-15
7405.36,1.473492E-15
7406.63,1.488758E-15
7407.91,1.501942E-15
7409.18,1.499059E-15
7410.45,1.495725E-15
7411.72,1.509831E-15
7412.99,1.540459E-15
7414.26,1.546364E-15
7415.53,1.541325E-15
7416.80,1.539597E-15
7418.07,1.542296E-15
7419.34,1.543048E-15
7420.62,1.552264E-15
7421.89,1.562754E-15
7423.16,1.572616E-15
7424.43,1.568744E-15
7425.70,1.555944E-15
7426.97,1.557773E-15
7428.24,1.562644E-15
7429.51,1.574667E-15
7430.78,1.598095E-15
7432.05,1.6027e-15
7433.33,1.582774E-15
7434.60,1.5698e-15
7435.87,1.564075E-15
7437.14,1.547488E-15
7438.41,1.542846E-15
7439.68,1.564288E-15
7440.95,1.591483E-15
7442.22,1.59628e-15
7443.49,1.585042E-15
7444.76,1.583257E-15
7446.04,1.588703E-15
7447.31,1.564255E-15
7448.58,1.543628E-15
7449.85,1.556245E-15
7451.12,1.550676E-15
7452.39,1.527162E-15
7453.66,1.53831e-15
7454.93,1.550434E-15
7456.20,1.549144E-15
7457.47,1.566251E-15
7458.75,1.576297E-15
7460.02,1.572715E-15
7461.29,1.594576E-15
7462.56,1.621235E-15
7463.83,1.637946E-15
7465.10,1.659232E-15
7466.37,1.675712E-15
7467.64,1.670806E-15
7468.91,1.648694E-15
7470.18,1.640319E-15
7471.46,1.643839E-15
7472.73,1.654373E-15
7474.00,1.670455E-15
7475.27,1.695024E-15
7476.54,1.709739E-15
7477.81,1.708436E-15
7479.08,1.700722E-15
7480.35,1.683003E-15
7481.62,1.658738E-15
7482.89,1.627626E-15
7484.17,1.616442E-15
7485.44,1.630497E-15
7486.71,1.634964E-15
7487.98,1.63333e-15
7489.25,1.638287E-15
7490.52,1.623695E-15
7491.79,1.589658E-15
7493.06,1.578108E-15
7494.33,1.568784E-15
7495.60,1.552641E-15
7496.88,1.535394E-15
7498.15,1.522765E-15
7499.42,1.511854E-15
7500.69,1.508393E-15
7501.96,1.511639E-15
7503.23,1.528653E-15
7504.50,1.533104E-15
7505.77,1.51667e-15
7507.04,1.50846e-15
7508.31,1.515133E-15
7509.58,1.537011E-15
7510.86,1.566773E-15
7512.13,1.591491E-15
7513.40,1.606359E-15
7514.67,1.622361E-15
7515.94,1.621723E-15
7517.21,1.600637E-15
7518.48,1.598245E-15
7519.75,1.61649e-15
7521.02,1.611464E-15
7522.29,1.586461E-15
7523.57,1.588261E-15
7524.84,1.59876e-15
7526.11,1.58119e-15
7527.38,1.572655E-15
7528.65,1.599437E-15
7529.92,1.623583E-15
7531.19,1.62882e-15
7532.46,1.638633E-15
7533.73,1.635182E-15
7535.00,1.606706E-15
7536.28,1.58282e-15
7537.55,1.573755E-15
7538.82,1.567621E-15
7540.09,1.552832E-15
7541.36,1.537221E-15
7542.63,1.528224E-15
7543.90,1.517864E-15
7545.17,1.494348E-15
7546.44,1.483737E-15
7547.71,1.496504E-15
7548.99,1.505057E-15
7550.26,1.495037E-15
7551.53,1.489467E-15
7552.80,1.517749E-15
7554.07,1.547742E-15
7555.34,1.543398E-15
7556.61,1.544309E-15
7557.88,1.559316E-15
7559.15,1.53814e-15
7560.42,1.492675E-15
7561.70,1.468807E-15
7562.97,1.438289E-15
7564.24,1.4057e-15
7565.51,1.393252E-15
7566.78,1.395115E-15
7568.05,1.388231E-15
7569.32,1.384054E-15
7570.59,1.362191E-15
7571.86,1.333201E-15
7573.13,1.327989E-15
7574.41,1.34722e-15
7575.68,1.371137E-15
7576.95,1.399308E-15
7578.22,1.408057E-15
7579.49,1.382196E-15
7580.76,1.345419E-15
7582.03,1.320954E-15
7583.30,1.3033e-15
7584.57,1.290037E-15
7585.84,1.280644E-15
7587.12,1.252749E-15
7588.39,1.185677E-15
7589.66,1.10028e-15
7590.93,1.000256E-15
7592.20,8.653011E-16
7593.47,7.303101E-16
7594.74,6.356776E-16
7596.01,5.635091E-16
7597.28,4.979069E-16
7598.55,4.603749E-16
7599.83,4.294093E-16
7601.10,3.898959E-16
7602.37,3.596552E-16
7603.64,3.489985E-16
7604.91,3.483582E-16
7606.18,3.706869E-16
7607.45,4.134895E-16
7608.72,4.721081E-16
7609.99,5.59127e-16
7611.26,6.596774E-16
7612.54,7.455014E-16
7613.81,8.224176E-16
7615.08,8.747096E-16
7616.35,8.831512E-16
7617.62,8.640262E-16
7618.89,8.331124E-16
7620.16,7.888287E-16
7621.43,7.384201E-16
7622.70,6.926796E-16
7623.97,6.59766e-16
7625.24,6.295589E-16
7626.52,5.967224E-16
7627.79,5.92057e-16
7629.06,6.104902E-16
7630.33,6.157248E-16
7631.60,6.220757E-16
7632.87,6.370557E-16
7634.14,6.317201E-16
7635.41,6.308031E-16
7636.68,6.539278E-16
7637.95,6.886429E-16
7639.23,7.317314E-16
7640.50,7.686225E-16
7641.77,7.766411E-16
7643.04,7.809003E-16
7644.31,7.917822E-16
7645.58,7.93911e-16
7646.85,7.980408E-16
7648.12,8.198697E-16
7649.39,8.527021E-16
7650.66,8.810987E-16
7651.94,9.049206E-16
7653.21,9.472255E-16
7654.48,1.009572E-15
7655.75,1.062813E-15
7657.02,1.099621E-15
7658.29,1.119474E-15
7659.56,1.126548E-15
7660.83,1.117151E-15
7662.10,1.106434E-15
7663.37,1.107546E-15
7664.65,1.130717E-15
7665.92,1.14344e-15
7667.19,1.154154E-15
7668.46,1.155791E-15
7669.73,1.152404E-15
7671.00,1.163619E-15
7672.27,1.187232E-15
7673.54,1.185543E-15
7674.81,1.168277E-15
7676.08,1.146705E-15
7677.36,1.120485E-15
7678.63,1.114555E-15
7679.90,1.117979E-15
7681.17,1.124051E-15
7682.44,1.160736E-15
7683.71,1.190004E-15
7684.98,1.189889E-15
7686.25,1.210904E-15
7687.52,1.240433E-15
7688.79,1.226793E-15
7690.07,1.210799E-15
7691.34,1.215051E-15
7692.61,1.211882E-15
7693.88,1.21495e-15
7695.15,1.229598E-15
7696.42,1.240916E-15
7697.69,1.22499e-15
7698.96,1.196516E-15
7700.23,1.168168E-15
7701.50,1.161317E-15
7702.78,1.167828E-15
7704.05,1.18477e-15
7705.32,1.217697E-15
7706.59,1.255627E-15
7707.86,1.308932E-15
7709.13,1.395908E-15
7710.40,1.469153E-15
7711.67,1.504339E-15
7712.94,1.512802E-15
7714.21,1.511332E-15
7715.49,1.486041E-15
7716.76,1.450611E-15
7718.03,1.427736E-15
7719.30,1.42754e-15
7720.57,1.397872E-15
7721.84,1.330206E-15
7723.11,1.297056E-15
7724.38,1.285585E-15
7725.65,1.271185E-15
7726.92,1.273198E-15
7728.20,1.271975E-15
7729.47,1.241305E-15
7730.74,1.218147E-15
7732.01,1.208524E-15
7733.28,1.187389E-15
7734.55,1.180186E-15
7735.82,1.20233e-15
7737.09,1.218001E-15
7738.36,1.221128E-15
7739.63,1.232611E-15
7740.90,1.244678E-15
7742.18,1.259398E-15
7743.45,1.294847E-15
7744.72,1.325162E-15
7745.99,1.34257e-15
7747.26,1.36256e-15
7748.53,1.377548E-15
7749.80,1.371719E-15
7751.07,1.363559E-15
7752.34,1.360497E-15
7753.61,1.365191E-15
7754.89,1.374885E-15
7756.16,1.372514E-15
7757.43,1.35766e-15
7758.70,1.354607E-15
7759.97,1.353872E-15
7761.24,1.329285E-15
7762.51,1.305383E-15
7763.78,1.302027E-15
7765.05,1.295113E-15
7766.32,1.286099E-15
7767.60,1.286258E-15
7768.87,1.302139E-15
7770.14,1.329842E-15
7771.41,1.352421E-15
7772.68,1.364696E-15
7773.95,1.390547E-15
7775.22,1.407782E-15
7776.49,1.410896E-15
7777.76,1.428141E-15
7779.03,1.451574E-15
7780.31,1.453001E-15
7781.58,1.449265E-15
7782.85,1.454491E-15
7784.12,1.445556E-15
7785.39,1.432134E-15
7786.66,1.435064E-15
7787.93,1.421948E-15
7789.20,1.397941E-15
7790.47,1.388493E-15
7791.74,1.385544E-15
7793.02,1.398288E-15
7794.29,1.425788E-15
7795.56,1.434751E-15
7796.83,1.449559E-15
7798.10,1.469509E-15
7799.37,1.436021E-15
7800.64,1.388232E-15
7801.91,1.378552E-15
7803.18,1.358047E-15
7804.45,1.313052E-15
7805.73,1.304413E-15
7807.00,1.329825E-15
7808.27,1.339445E-15
7809.54,1.349104E-15
7810.81,1.384063E-15
7812.08,1.401841E-15
7813.35,1.3868e-15
7814.62,1.389998E-15
7815.89,1.39335e-15
7817.16,1.336848E-15
7818.44,1.30585e-15
7819.71,1.334723E-15
7820.98,1.349819E-15
7822.25,1.342881E-15
7823.52,1.381967E-15
7824.79,1.421606E-15
7826.06,1.419482E-15
7827.33,1.401895E-15
7828.60,1.388625E-15
7829.87,1.369231E-15
7831.15,1.3453e-15
7832.42,1.338657E-15
7833.69,1.351392E-15
7834.96,1.370897E-15
7836.23,1.391941E-15
7837.50,1.409124E-15
7838.77,1.413504E-15
7840.04,1.408114E-15
7841.31,1.403966E-15
7842.58,1.408022E-15
7843.85,1.418003E-15
7845.13,1.428144E-15
7846.40,1.429808E-15
7847.67,1.430577E-15
7848.94,1.435312E-15
7850.21,1.444409E-15
7851.48,1.474569E-15
7852.75,1.513215E-15
7854.02,1.539224E-15
7855.29,1.567875E-15
7856.56,1.571087E-15
7857.84,1.52346e-15
7859.11,1.469451E-15
7860.38,1.444011E-15
7861.65,1.398201E-15
7862.92,1.349521E-15
7864.19,1.337893E-15
7865.46,1.336379E-15
7866.73,1.314284E-15
7868.00,1.302414E-15
7869.27,1.31618e-15
7870.55,1.346767E-15
7871.82,1.385003E-15
7873.09,1.402639E-15
7874.36,1.391781E-15
7875.63,1.379136E-15
7876.90,1.350662E-15
7878.17,1.32448e-15
7879.44,1.325678E-15
7880.71,1.32433e-15
7881.98,1.30625e-15
7883.26,1.30375e-15
7884.53,1.293139E-15
7885.80,1.287338E-15
7887.07,1.33315e-15
7888.34,1.378452E-15
7889.61,1.384899E-15
7890.88,1.387616E-15
7892.15,1.379926E-15
7893.42,1.350323E-15
7894.69,1.319628E-15
7895.97,1.305085E-15
7897.24,1.296887E-15
7898.51,1.291628E-15
7899.78,1.288301E-15
7901.05,1.291075E-15
7902.32,1.298853E-15
7903.59,1.319125E-15
7904.86,1.365897E-15
7906.13,1.462001E-15
7907.40,1.606765E-15
7908.68,1.734985E-15
7909.95,1.795678E-15
7911.22,1.793122E-15
7912.49,1.73454e-15
7913.76,1.629267E-15
7915.03,1.506811E-15
7916.30,1.411194E-15
7917.57,1.353734E-15
7918.84,1.333509E-15
7920.11,1.333364E-15
7921.39,1.358093E-15
7922.66,1.395156E-15
7923.93,1.445612E-15
7925.20,1.456178E-15
7926.47,1.4381e-15
7927.74,1.435704E-15
7929.01,1.436291E-15
7930.28,1.416316E-15
7931.55,1.409844E-15
7932.82,1.411403E-15
7934.10,1.406582E-15
7935.37,1.396901E-15
7936.64,1.359466E-15
7937.91,1.330472E-15
7939.18,1.329038E-15
7940.45,1.313366E-15
7941.72,1.302305E-15
7942.99,1.320132E-15
7944.26,1.305606E-15
7945.53,1.263622E-15
7946.81,1.239075E-15
7948.08,1.227167E-15
7949.35,1.23324e-15
7950.62,1.26559e-15
7951.89,1.291845E-15
7953.16,1.299108E-15
7954.43,1.311236E-15
7955.70,1.32063e-15
7956.97,1.320839E-15
7958.24,1.32809e-15
7959.51,1.357445E-15
7960.79,1.390479E-15
7962.06,1.401665E-15
7963.33,1.38228e-15
7964.60,1.355608E-15
7965.87,1.339365E-15
7967.14,1.3264e-15
7968.41,1.318885E-15
7969.68,1.321897E-15
7970.95,1.332306E-15
7972.22,1.343757E-15
7973.50,1.327191E-15
7974.77,1.302083E-15
7976.04,1.305165E-15
7977.31,1.298187E-15
7978.58,1.269134E-15
7979.85,1.271214E-15
7981.12,1.277257E-15
7982.39,1.25011e-15
7983.66,1.242772E-15
7984.93,1.236223E-15
7986.21,1.198967E-15
7987.48,1.193752E-15
7988.75,1.228694E-15
7990.02,1.247426E-15
7991.29,1.24471e-15
7992.56,1.248194E-15
7993.83,1.255431E-15
7995.10,1.258074E-15
7996.37,1.262705E-15
7997.64,1.270309E-15
7998.92,1.271175E-15
8000.19,1.263579E-15
8001.46,1.250503E-15
8002.73,1.239695E-15
8004.00,1.234619E-15
8005.27,1.21408e-15
8006.54,1.178795E-15
8007.81,1.144451E-15
8009.08,1.121455E-15
8010.35,1.116924E-15
8011.63,1.146482E-15
8012.90,1.183776E-15
8014.17,1.217021E-15
8015.44,1.238146E-15
8016.71,1.246374E-15
8017.98,1.234632E-15
8019.25,1.232451E-15
8020.52,1.252544E-15
8021.79,1.264467E-15
8023.06,1.262711E-15
8024.34,1.270482E-15
8025.61,1.288918E-15
8026.88,1.277914E-15
8028.15,1.232958E-15
8029.42,1.20091e-15
8030.69,1.183345E-15
8031.96,1.143927E-15
8033.23,1.112778E-15
8034.50,1.121938E-15
8035.77,1.12286e-15
8037.05,1.104646E-15
8038.32,1.081651E-15
8039.59,1.07292e-15
8040.86,1.086356E-15
8042.13,1.098033E-15
8043.40,1.113676E-15
8044.67,1.152504E-15
8045.94,1.181236E-15
8047.21,1.188062E-15
8048.48,1.201704E-15
8049.76,1.228083E-15
8051.03,1.232709E-15
8052.30,1.235565E-15
8053.57,1.246202E-15
8054.84,1.254084E-15
8056.11,1.244765E-15
8057.38,1.226718E-15
8058.65,1.200548E-15
8059.92,1.170734E-15
8061.19,1.145304E-15
8062.47,1.138319E-15
8063.74,1.148695E-15
8065.01,1.15328e-15
8066.28,1.148094E-15
8067.55,1.147171E-15
8068.82,1.132643E-15
8070.09,1.109174E-15
8071.36,1.099532E-15
8072.63,1.102178E-15
8073.90,1.112439E-15
8075.17,1.119497E-15
8076.45,1.116832E-15
8077.72,1.116747E-15
8078.99,1.120923E-15
8080.26,1.130229E-15
8081.53,1.14011e-15
8082.80,1.143219E-15
8084.07,1.127068E-15
8085.34,1.113801E-15
8086.61,1.117447E-15
8087.88,1.12434e-15
8089.16,1.114601E-15
8090.43,1.103699E-15
8091.70,1.091772E-15
8092.97,1.074493E-15
8094.24,1.075502E-15
8095.51,1.096318E-15
8096.78,1.118156E-15
8098.05,1.120153E-15
8099.32,1.097188E-15
8100.59,1.057492E-15
8101.87,1.042115E-15
8103.14,1.05848e-15
8104.41,1.071237E-15
8105.68,1.064067E-15
8106.95,1.070447E-15
8108.22,1.081221E-15
8109.49,1.062078E-15
8110.76,1.042833E-15
8112.03,1.053747E-15
8113.30,1.059631E-15
8114.58,1.042355E-15
8115.85,1.027655E-15
8117.12,1.018393E-15
8118.39,9.915507E-16
8119.66,9.630891E-16
8120.93,9.619666E-16
8122.20,9.799074E-16
8123.47,9.959294E-16
8124.74,1.012742E-15
8126.01,1.031725E-15
8127.29,1.0277e-15
8128.56,9.942008E-16
8129.83,9.723052E-16
8131.10,9.576146E-16
8132.37,9.24607e-16
8133.64,8.923669E-16
8134.91,8.916527E-16
8136.18,9.025706E-16
8137.45,9.137975E-16
8138.72,9.260602E-16
8140.00,9.35255e-16
8141.27,9.189529E-16
8142.54,8.608206E-16
8143.81,8.13376e-16
8145.08,8.069866E-16
8146.35,8.154884E-16
8147.62,8.411192E-16
8148.89,8.950565E-16
8150.16,9.473382E-16
8151.43,9.768872E-16
8152.71,9.89584e-16
8153.98,9.906019E-16
8155.25,9.69681e-16
8156.52,9.287885E-16
8157.79,9.010263E-16
8159.06,8.955462E-16
8160.33,8.92956e-16
8161.60,8.966746E-16
8162.87,9.023564E-16
8164.14,8.925982E-16
8165.42,8.795408E-16
8166.69,8.759452E-16
8167.96,8.911408E-16
8169.23,9.255698E-16
8170.50,9.536606E-16
8171.77,9.561305E-16
8173.04,9.353517E-16
8174.31,9.018532E-16
8175.58,8.666687E-16
8176.85,8.509307E-16
8178.13,8.645982E-16
8179.40,8.906928E-16
8180.67,9.085351E-16
8181.94,9.236771E-16
8183.21,9.386097E-16
8184.48,9.335665E-16
8185.75,9.150292E-16
8187.02,8.976628E-16
8188.29,8.652967E-16
8189.56,8.288645E-16
8190.83,8.134742E-16
8192.11,8.120683E-16
8193.38,8.171904E-16
8194.65,8.449945E-16
8195.92,8.756771E-16
8197.19,9.029815E-16
8198.46,9.475804E-16
8199.73,9.969171E-16
8201.00,1.028311E-15
8202.27,1.023549E-15
8203.54,9.919224E-16
8204.82,9.517727E-16
8206.09,9.243293E-16
8207.36,8.997247E-16
8208.63,8.978731E-16
8209.90,9.103871E-16
8211.17,9.021893E-16
8212.44,8.67263e-16
8213.71,8.283531E-16
8214.98,7.988747E-16
8216.25,7.838266E-16
8217.53,7.814466E-16
8218.80,7.912178E-16
8220.07,8.055451E-16
8221.34,7.966534E-16
8222.61,7.672512E-16
8223.88,7.485581E-16
8225.15,7.338798E-16
8226.42,7.122013E-16
8227.69,7.03506e-16
8228.96,7.107603E-16
8230.24,7.15263e-16
8231.51,7.193128E-16
8232.78,7.456075E-16
8234.05,7.688487E-16
8235.32,7.557509E-16
8236.59,7.330845E-16
8237.86,7.270866E-16
8239.13,7.178905E-16
8240.40,7.048916E-16
8241.67,7.103134E-16
8242.95,7.361543E-16
8244.22,7.493615E-16
8245.49,7.367035E-16
8246.76,7.167444E-16
8248.03,7.030135E-16
8249.30,6.726872E-16
8250.57,6.363305E-16
8251.84,6.14134e-16
8253.11,6.090981E-16
8254.38,6.045975E-16
8255.66,5.893713E-16
8256.93,5.640719E-16
8258.20,5.212344E-16
8259.47,4.753395E-16
8260.74,4.557678E-16
8262.01,4.693547E-16
8263.28,4.95442e-16
8264.55,5.330647E-16
8265.82,5.560164E-16
8267.09,5.468332E-16
8268.37,5.476156E-16
8269.64,5.608003E-16
8270.91,5.46968e-16
8272.18,5.521582E-16
8273.45,5.678668E-16
8274.72,5.572437E-16
8275.99,5.459154E-16
8277.26,5.574105E-16
8278.53,5.492598E-16
8279.80,5.416924E-16
8281.08,5.657039E-16
8282.35,5.961068E-16
8283.62,5.891352E-16
8284.89,5.689751E-16
8286.16,5.49282e-16
8287.43,5.220329E-16
8288.70,4.90772e-16
8289.97,5.029624E-16
8291.24,5.29616e-16
8292.51,5.013907E-16
8293.79,4.086921E-16
8295.06,3.345203E-16
8296.33,3.05898e-16
8297.60,2.96176e-16
8298.87,3.374098E-16
8300.14,4.508794E-16
8301.41,5.281728E-16
8302.68,5.311891E-16
8303.95,5.111925E-16
8305.22,5.154805E-16
8306.49,5.063445E-16
8307.77,4.8478e-16
8309.04,4.755849E-16
8310.31,4.647364E-16
8311.58,4.100695E-16
8312.85,3.35252e-16
8314.12,2.990198E-16
8315.39,2.846332E-16
8316.66,2.927643E-16
8317.93,3.578147E-16
8319.20,4.253133E-16
8320.48,4.352596E-16
8321.75,4.479993E-16
8323.02,4.617211E-16
8324.29,3.869266E-16
8325.56,2.744235E-16
8326.83,2.043167E-16
8328.10,1.641261E-16
8329.37,1.521521E-16
8330.64,2.233891E-16
8331.91,3.375885E-16
8333.19,4.209196E-16
8334.46,4.519163E-16
8335.73,4.752865E-16
8337.00,5.049204E-16
8338.27,5.314654E-16
8339.54,6.098313E-16
8340.81,6.916173E-16
8342.08,7.279596E-16
8343.35,7.545764E-16
8344.62,7.864592E-16
8345.90,7.832194E-16
8347.17,8.026439E-16
8348.44,8.274891E-16
8349.71,7.989149E-16
8350.98,7.475294E-16
8352.25,6.746685E-16
8353.52,5.75527e-16
8354.79,5.013741E-16
8356.06,4.755579E-16
8357.33,4.641965E-16
8358.61,4.632697E-16
8359.88,4.773375E-16
8361.15,5.03756e-16
8362.42,5.235692E-16
8363.69,5.100242E-16
8364.96,4.673233E-16
8366.23,4.41599e-16
8367.50,4.249682E-16
8368.77,3.852701E-16
8370.04,3.614322E-16
8371.32,3.823545E-16
8372.59,4.114896E-16
8373.86,4.567095E-16
8375.13,5.097614E-16
8376.40,5.355907E-16
8377.67,5.566551E-16
8378.94,5.648475E-16
8380.21,5.248292E-16
8381.48,4.972834E-16
8382.75,5.091461E-16
8384.03,5.213978E-16
8385.30,5.465196E-16
8386.57,5.669998E-16
8387.84,5.352542E-16
8389.11,5.016114E-16
8390.38,5.288833E-16
8391.65,5.458068E-16
8392.92,5.260107E-16
8394.19,5.040143E-16
8395.46,4.544661E-16
8396.74,3.616402E-16
8398.01,3.191353E-16
8399.28,3.507847E-16
8400.55,4.210271E-16
8401.82,5.352121E-16
8403.09,6.337502E-16
8404.36,6.394203E-16
8405.63,6.004834E-16
8406.90,5.602244E-16
8408.17,4.968158E-16
8409.45,4.456583E-16
8410.72,4.602808E-16
8411.99,5.073081E-16
8413.26,5.332965E-16
8414.53,5.740282E-16
8415.80,6.175525E-16
8417.07,6.099324E-16
8418.34,5.719133E-16
8419.61,5.545475E-16
8420.88,5.453427E-16
8422.15,5.586675E-16
8423.43,6.019616E-16
8424.70,6.73039e-16
8425.97,7.484502E-16
8427.24,7.489062E-16
8428.51,6.713641E-16
8429.78,6.042488E-16
8431.05,5.316498E-16
8432.32,4.536598E-16
8433.59,4.484645E-16
8434.86,4.763898E-16
8436.14,4.767638E-16
8437.41,4.832375E-16
8438.68,4.9853e-16
8439.95,4.858767E-16
8441.22,4.998218E-16
8442.49,5.361316E-16
8443.76,5.352192E-16
8445.03,5.092859E-16
8446.30,5.230951E-16
8447.57,5.542582E-16
8448.85,5.392686E-16
8450.12,5.262421E-16
8451.39,5.467102E-16
8452.66,5.549753E-16
8453.93,5.34071e-16
8455.20,5.247366E-16
8456.47,5.344009E-16
8457.74,5.684099E-16
8459.01,5.972269E-16
8460.28,6.141349E-16
8461.56,6.589323E-16
8462.83,7.071565E-16
8464.10,6.950653E-16
8465.37,7.03677e-16
8466.64,7.701369E-16
8467.91,8.043385E-16
8469.18,7.769763E-16
8470.45,7.512443E-16
8471.72,7.108375E-16
8472.99,6.133793E-16
8474.27,5.24934e-16
8475.54,5.046498E-16
8476.81,5.352073E-16
8478.08,5.818009E-16
8479.35,6.33315e-16
8480.62,6.816338E-16
8481.89,7.227843E-16
8483.16,7.322932E-16
8484.43,7.161897E-16
8485.70,6.919365E-16
8486.98,6.664571E-16
8488.25,6.374401E-16
8489.52,6.450709E-16
8490.79,6.742178E-16
8492.06,6.962397E-16
8493.33,7.257371E-16
8494.60,7.523073E-16
8495.87,7.486805E-16
8497.14,7.427582E-16
8498.41,7.614008E-16
8499.69,7.746538E-16
8500.96,7.94927e-16
8502.23,8.256285E-16
8503.50,8.319937E-16
8504.77,8.277905E-16
8506.04,8.326983E-16
8507.31,8.345366E-16
8508.58,8.316033E-16
8509.85,8.220645E-16
8511.12,7.924143E-16
8512.40,7.752505E-16
8513.67,7.868896E-16
8514.94,7.878703E-16
8516.21,7.779193E-16
8517.48,7.960986E-16
8518.75,8.20494e-16
8520.02,7.971426E-16
8521.29,7.596259E-16
8522.56,7.445318E-16
8523.83,7.355909E-16
8525.11,7.279104E-16
8526.38,7.432417E-16
8527.65,7.746118E-16
8528.92,8.039486E-16
8530.19,8.224767E-16
8531.46,8.163542E-16
8532.73,7.987658E-16
8534.00,7.771366E-16
8535.27,7.595186E-16
8536.54,7.634969E-16
8537.81,7.947294E-16
8539.09,8.384523E-16
8540.36,8.811014E-16
8541.63,9.062515E-16
8542.90,9.036919E-16
8544.17,9.072204E-16
8545.44,9.136343E-16
8546.71,9.125361E-16
8547.98,9.331378E-16
8549.25,9.513661E-16
8550.52,9.308975E-16
8551.80,9.090818E-16
8553.07,9.0345e-16
8554.34,8.988804E-16
8555.61,9.202379E-16
8556.88,9.494859E-16
8558.15,9.467061E-16
8559.42,9.342293E-16
8560.69,9.282029E-16
8561.96,9.199278E-16
8563.23,9.135472E-16
8564.51,9.113405E-16
8565.78,9.069028E-16
8567.05,9.004955E-16
8568.32,8.96234e-16
8569.59,9.083125E-16
8570.86,9.428388E-16
8572.13,9.810397E-16
8573.40,1.018835E-15
8574.67,1.037907E-15
8575.94,1.027456E-15
8577.22,1.008263E-15
8578.49,1.004503E-15
8579.76,1.006519E-15
8581.03,1.023833E-15
8582.30,1.05618e-15
8583.57,1.076413E-15
8584.84,1.087022E-15
8586.11,1.098872E-15
8587.38,1.108071E-15
8588.65,1.112227E-15
8589.93,1.140359E-15
8591.20,1.208017E-15
8592.47,1.267216E-15
8593.74,1.279509E-15
8595.01,1.298775E-15
8596.28,1.318045E-15
8597.55,1.294302E-15
8598.82,1.272536E-15
8600.09,1.295462E-15
8601.36,1.315755E-15
8602.64,1.326474E-15
8603.91,1.325465E-15
8605.18,1.298686E-15
8606.45,1.275166E-15
8607.72,1.264224E-15
8608.99,1.245535E-15
8610.26,1.245447E-15
8611.53,1.276369E-15
8612.80,1.307501E-15
8614.07,1.355938E-15
8615.35,1.41438e-15
8616.62,1.468686E-15
8617.89,1.522335E-15
8619.16,1.562124E-15
8620.43,1.548662E-15
8621.70,1.519584E-15
8622.97,1.502823E-15
8624.24,1.475754E-15
8625.51,1.42522e-15
8626.78,1.391924E-15
8628.06,1.389716E-15
8629.33,1.384488E-15
8630.60,1.374932E-15
8631.87,1.387098E-15
8633.14,1.395046E-15
8634.41,1.389359E-15
8635.68,1.396602E-15
8636.95,1.41201e-15
8638.22,1.443021E-15
8639.49,1.48655e-15
8640.76,1.509184E-15
8642.04,1.522828E-15
8643.31,1.556707E-15
8644.58,1.571824E-15
8645.85,1.572609E-15
8647.12,1.573806E-15
8648.39,1.557268E-15
8649.66,1.524176E-15
8650.93,1.526914E-15
8652.20,1.577428E-15
8653.47,1.632688E-15
8654.75,1.647107E-15
8656.02,1.652382E-15
8657.29,1.672571E-15
8658.56,1.658805E-15
8659.83,1.62172e-15
8661.10,1.633446E-15
8662.37,1.665908E-15
8663.64,1.633593E-15
8664.91,1.570722E-15
8666.18,1.536903E-15
8667.46,1.498905E-15
8668.73,1.438563E-15
8670.00,1.409927E-15
8671.27,1.42402e-15
8672.54,1.453246E-15
8673.81,1.482372E-15
8675.08,1.513366E-15
8676.35,1.560241E-15
8677.62,1.604335E-15
8678.89,1.63049e-15
8680.17,1.657711E-15
8681.44,1.675089E-15
8682.71,1.635831E-15
8683.98,1.576516E-15
8685.25,1.548988E-15
8686.52,1.526555E-15
8687.79,1.520103E-15
8689.06,1.564644E-15
8690.33,1.624724E-15
8691.60,1.668758E-15
8692.88,1.704639E-15
8694.15,1.695941E-15
8695.42,1.656548E-15
8696.69,1.625314E-15
8697.96,1.59929e-15
8699.23,1.58335e-15
8700.50,1.612288E-15
8701.77,1.653316E-15
8703.04,1.665254E-15
8704.31,1.658714E-15
8705.59,1.65672e-15
8706.86,1.657446E-15
8708.13,1.656448E-15
8709.40,1.663927E-15
8710.67,1.675804E-15
8711.94,1.673824E-15
8713.21,1.644746E-15
8714.48,1.603341E-15
8715.75,1.583675E-15
8717.02,1.583803E-15
8718.30,1.60292e-15
8719.57,1.647348E-15
8720.84,1.682756E-15
8722.11,1.68201e-15
8723.38,1.674317E-15
8724.65,1.652427E-15
8725.92,1.616444E-15
8727.19,1.606512E-15
8728.46,1.621557E-15
8729.73,1.633494E-15
8731.01,1.642853E-15
8732.28,1.642022E-15
8733.55,1.644831E-15
8734.82,1.652423E-15
8736.09,1.647553E-15
8737.36,1.634681E-15
8738.63,1.642405E-15
8739.90,1.657342E-15
8741.17,1.655651E-15
8742.44,1.623425E-15
8743.72,1.573292E-15
8744.99,1.534884E-15
8746.26,1.513064E-15
8747.53,1.51258e-15
8748.80,1.559406E-15
8750.07,1.641834E-15
8751.34,1.708826E-15
8752.61,1.751033E-15
8753.88,1.732674E-15
8755.15,1.643732E-15
8756.42,1.59482e-15
8757.70,1.64776e-15
8758.97,1.719824E-15
8760.24,1.816318E-15
8761.51,1.956501E-15
8762.78,2.024051E-15
8764.05,1.990468E-15
8765.32,1.91706e-15
8766.59,1.836095E-15
8767.86,1.816051E-15
8769.13,1.882336E-15
8770.41,1.899115E-15
8771.68,1.865036E-15
8772.95,1.877719E-15
8774.22,1.896303E-15
8775.49,1.865676E-15
8776.76,1.860524E-15
8778.03,1.911124E-15
8779.30,1.935801E-15
8780.57,1.865691E-15
8781.84,1.769631E-15
8783.12,1.7133e-15
8784.39,1.661323E-15
8785.66,1.596258E-15
8786.93,1.576362E-15
8788.20,1.5737e-15
8789.47,1.529438E-15
8790.74,1.494783E-15
8792.01,1.507445E-15
8793.28,1.512035E-15
8794.55,1.491709E-15
8795.83,1.503417E-15
8797.10,1.52994e-15
8798.37,1.526201E-15
8799.64,1.513241E-15
8800.91,1.51179e-15
8802.18,1.491994E-15
8803.45,1.453057E-15
8804.72,1.41367e-15
8805.99,1.378772E-15
8807.26,1.372214E-15
8808.54,1.385564E-15
8809.81,1.396793E-15
8811.08,1.396896E-15
8812.35,1.377308E-15
8813.62,1.337147E-15
8814.89,1.324497E-15
8816.16,1.329473E-15
8817.43,1.335503E-15
8818.70,1.383445E-15
8819.97,1.481415E-15
8821.25,1.604189E-15
8822.52,1.744527E-15
8823.79,1.907426E-15
8825.06,2.080953E-15
8826.33,2.196873E-15
8827.60,2.193603E-15
8828.87,2.149888E-15
8830.14,2.153986E-15
8831.41,2.14033e-15
8832.68,2.109198E-15
8833.96,2.148625E-15
8835.23,2.172539E-15
8836.50,2.112193E-15
8837.77,2.022422E-15
8839.04,1.936914E-15
8840.31,1.83367e-15
8841.58,1.749615E-15
8842.85,1.688591E-15
8844.12,1.639735E-15
8845.39,1.575439E-15
8846.67,1.520814E-15
8847.94,1.501251E-15
8849.21,1.505783E-15
8850.48,1.50936e-15
8851.75,1.501817E-15
8853.02,1.477244E-15
8854.29,1.436413E-15
8855.56,1.395918E-15
8856.83,1.375349E-15
8858.10,1.381587E-15
8859.38,1.386618E-15
8860.65,1.382776E-15
8861.92,1.339836E-15
8863.19,1.278925E-15
8864.46,1.228537E-15
8865.73,1.185865E-15
8867.00,1.16624e-15
8868.27,1.190446E-15
8869.54,1.230397E-15
8870.81,1.296178E-15
8872.08,1.332633E-15
8873.36,1.321449E-15
8874.63,1.34643e-15
8875.90,1.414772E-15
8877.17,1.456899E-15
8878.44,1.537226E-15
8879.71,1.669483E-15
8880.98,1.753125E-15
8882.25,1.779258E-15
8883.52,1.860107E-15
8884.79,1.951552E-15
8886.07,1.921532E-15
8887.34,1.824906E-15
8888.61,1.731785E-15
8889.88,1.600014E-15
8891.15,1.466434E-15
8892.42,1.416922E-15
8893.69,1.387389E-15
8894.96,1.32616e-15
8896.23,1.256206E-15
8897.50,1.18858e-15
8898.78,1.10452e-15
8900.05,1.047864E-15
8901.32,1.063547E-15
8902.59,1.103374E-15
8903.86,1.125952E-15
8905.13,1.182723E-15
8906.40,1.25844e-15
8907.67,1.299001E-15
8908.94,1.32735e-15
8910.21,1.373436E-15
8911.49,1.364981E-15
8912.76,1.277109E-15
8914.03,1.220642E-15
8915.30,1.198606E-15
8916.57,1.13051e-15
8917.84,1.100972E-15
8919.11,1.234245E-15
8920.38,1.408824E-15
8921.65,1.51673e-15
8922.92,1.636083E-15
8924.20,1.765028E-15
8925.47,1.771757E-15
8926.74,1.66753e-15
8928.01,1.567916E-15
8929.28,1.474938E-15
8930.55,1.373314E-15
8931.82,1.280234E-15
8933.09,1.21503e-15
8934.36,1.189823E-15
8935.63,1.20609e-15
8936.91,1.237671E-15
8938.18,1.291792E-15
8939.45,1.352332E-15
8940.72,1.364881E-15
8941.99,1.303902E-15
8943.26,1.195821E-15
8944.53,1.093564E-15
8945.80,1.026633E-15
8947.07,1.018473E-15
8948.34,1.115228E-15
8949.62,1.282697E-15
8950.89,1.412845E-15
8952.16,1.474125E-15
8953.43,1.502167E-15
8954.70,1.46908e-15
8955.97,1.397472E-15
8957.24,1.378099E-15
8958.51,1.388471E-15
8959.78,1.362017E-15
8961.05,1.332228E-15
8962.33,1.341367E-15
8963.60,1.350035E-15
8964.87,1.335699E-15
8966.14,1.310257E-15
8967.41,1.269014E-15
8968.68,1.206767E-15
8969.95,1.12846e-15
8971.22,1.071815E-15
8972.49,1.088621E-15
8973.76,1.133716E-15
8975.04,1.128411E-15
8976.31,1.115865E-15
8977.58,1.143231E-15
8978.85,1.1511e-15
8980.12,1.135385E-15
8981.39,1.132132E-15
8982.66,1.131664E-15
8983.93,1.095064E-15
8985.20,1.01801e-15
8986.47,9.51602e-16
8987.74,9.313022E-16
8989.02,8.956758E-16
8990.29,8.651525E-16
8991.56,8.925315E-16
8992.83,9.304866E-16
8994.10,9.25673e-16
8995.37,9.345676E-16
8996.64,9.81051e-16
8997.91,1.025425E-15
8999.18,1.052892E-15
9000.45,1.082989E-15
9001.73,1.120909E-15
9003.00,1.129637E-15
9004.27,1.113317E-15
9005.54,1.113702E-15
9006.81,1.109799E-15
9008.08,1.086835E-15
9009.35,1.060214E-15
9010.62,1.013338E-15
9011.89,9.259094E-16
9013.16,8.676694E-16
9014.44,8.662489E-16
9015.71,8.922397E-16
9016.98,9.328877E-16
9018.25,9.801792E-16
9019.52,1.011478E-15
9020.79,1.003679E-15
9022.06,9.523783E-16
9023.33,9.005597E-16
9024.60,8.761643E-16
9025.87,8.374498E-16
9027.15,7.943956E-16
9028.42,8.497369E-16
9029.69,9.849739E-16
9030.96,1.080911E-15
9032.23,1.12624e-15
9033.50,1.121476E-15
9034.77,1.057025E-15
9036.04,1.005249E-15
9037.31,9.893834E-16
9038.58,9.860917E-16
9039.86,1.008275E-15
9041.13,1.039904E-15
9042.40,1.057211E-15
9043.67,1.118772E-15
9044.94,1.247014E-15
9046.21,1.388853E-15
9047.48,1.417937E-15
9048.75,1.358365E-15
9050.02,1.297875E-15
9051.29,1.208421E-15
9052.57,1.097611E-15
9053.84,1.073252E-15
9055.11,1.062675E-15
9056.38,9.864859E-16
9057.65,9.221982E-16
9058.92,9.039623E-16
9060.19,9.075922E-16
9061.46,9.270051E-16
9062.73,9.520357E-16
9064.00,1.000611E-15
9065.28,1.025283E-15
9066.55,9.693176E-16
9067.82,9.07038e-16
9069.09,8.927384E-16
9070.36,8.682369E-16
9071.63,8.574404E-16
9072.90,9.006506E-16
9074.17,9.266488E-16
9075.44,9.162485E-16
9076.71,9.255307E-16
9077.99,9.564723E-16
9079.26,9.66872e-16
9080.53,9.480473E-16
9081.80,9.218377E-16
9083.07,8.864946E-16
9084.34,8.32445e-16
9085.61,8.162851E-16
9086.88,8.668626E-16
9088.15,8.830548E-16
9089.42,8.247953E-16
9090.70,7.687856E-16
9091.97,7.203441E-16
9093.24,6.82574e-16
9094.51,7.010529E-16
9095.78,7.512767E-16
9097.05,7.835016E-16
9098.32,7.995854E-16
9099.59,7.611121E-16
9100.86,6.867586E-16
9102.13,6.628268E-16
9103.40,7.111141E-16
9104.68,7.788221E-16
9105.95,8.703024E-16
9107.22,9.927894E-16
9108.49,1.061927E-15
9109.76,1.045429E-15
9111.03,9.873164E-16
9112.30,9.261638E-16
9113.57,8.551143E-16
9114.84,7.972556E-16
9116.11,7.687184E-16
9117.39,7.301475E-16
9118.66,6.920712E-16
9119.93,6.799151E-16
9121.20,6.720705E-16
9122.47,6.61134e-16
9123.74,6.948047E-16
9125.01,7.279775E-16
9126.28,7.426805E-16
9127.55,7.711938E-16
9128.82,7.743452E-16
9130.10,7.420594E-16
9131.37,7.252331E-16
9132.64,7.261857E-16
9133.91,7.300482E-16
9135.18,7.295181E-16
9136.45,7.208346E-16
9137.72,7.392985E-16
9138.99,7.878244E-16
9140.26,8.226134E-16
9141.53,8.54178e-16
9142.81,9.005101E-16
9144.08,9.084146E-16
9145.35,8.471475E-16
9146.62,7.776595E-16
9147.89,7.737801E-16
9149.16,7.90457e-16
9150.43,8.035071E-16
9151.70,8.713774E-16
9152.97,9.738061E-16
9154.24,1.019992E-15
9155.52,1.004089E-15
9156.79,1.000135E-15
9158.06,1.028717E-15
9159.33,1.047108E-15
9160.60,1.049404E-15
9161.87,1.100849E-15
9163.14,1.112889E-15
9164.41,1.011541E-15
9165.68,9.212057E-16
9166.95,8.957127E-16
9168.23,8.44096e-16
9169.50,8.125952E-16
9170.77,8.429852E-16
9172.04,8.886366E-16
9173.31,9.047439E-16
9174.58,9.043959E-16
9175.85,9.265312E-16
9177.12,9.535425E-16
9178.39,9.246385E-16
9179.66,8.782713E-16
9180.94,8.96354e-16
9182.21,9.251116E-16
9183.48,9.27689e-16
9184.75,9.460661E-16
9186.02,9.853365E-16
9187.29,1.018726E-15
9188.56,1.025809E-15
9189.83,1.020439E-15
9191.10,1.035283E-15
9192.37,1.032633E-15
9193.65,9.989542E-16
9194.92,9.533226E-16
9196.19,9.084862E-16
9197.46,8.455942E-16
