3500.0 0.649935
3503.0 0.669787
3506.0 0.772029
3509.0 0.621292
3512.0 0.543008
3515.0 0.431622
3518.0 0.628917
3521.0 0.655218
3524.0 0.752231
3527.0 0.633833
3530.0 0.75856
3533.0 0.730585
3536.0 0.613374
3539.0 0.634327
3542.0 0.507475
3545.0 0.700096
3548.0 0.930964
3551.0 0.797588
3554.0 0.85226
3557.0 0.699048
3560.0 0.620771
3563.0 0.540735
3566.0 0.638815
3569.0 0.628469
3572.0 0.675182
3575.0 0.773418
3578.0 0.522055
3581.0 0.637149
3584.0 0.55062
3587.0 0.659835
3590.0 0.814291
3593.0 0.697761
3596.0 0.547669
3599.0 0.522794
3602.0 0.572571
3605.0 0.591503
3608.0 0.622443
3611.0 0.690175
3614.0 0.819888
3617.0 0.65608
3620.0 0.4857
3623.0 0.573836
3626.0 0.814918
3629.0 0.693711
3632.0 0.635581
3635.0 0.673903
3638.0 0.630034
3641.0 0.61988
3644.0 0.66605
3647.0 0.585694
3650.0 0.569973
3653.0 0.621919
3656.0 0.641371
3659.0 0.600831
3662.0 0.594196
3665.0 0.415908
3668.0 0.446114
3671.0 0.444913
3674.0 0.548802
3677.0 0.494903
3680.0 0.558738
3683.0 0.615711
3686.0 0.609567
3689.0 0.471023
3692.0 0.418529
3695.0 0.44265
3698.0 0.644554
3701.0 0.733329
3704.0 0.650437
3707.0 0.64563
3710.0 0.62805
3713.0 0.672902
3716.0 0.718942
3719.0 0.702617
3722.0 0.6947
3725.0 0.723314
3728.0 0.813622
3731.0 0.7257
3734.0 0.836988
3737.0 0.849526
3740.0 0.978875
3743.0 1.28947
3746.0 1.23541
3749.0 0.998077
3752.0 1.07582
3755.0 0.978553
3758.0 0.95337
3761.0 0.95855
3764.0 0.867088
3767.0 0.72536
3770.0 0.719586
3773.0 0.689089
3776.0 0.587571
3779.0 0.571013
3782.0 0.495986
3785.0 0.408471
3788.0 0.35907
3791.0 0.379282
3794.0 0.310106
3797.0 0.296913
3800.0 0.322077
3803.0 0.375483
3806.0 0.249744
3809.0 0.286042
3812.0 0.299694
3815.0 0.263417
3818.0 0.359566
3821.0 0.286117
3824.0 0.252708
3827.0 0.310348
3830.0 0.345157
3833.0 0.314563
3836.0 0.340295
3839.0 0.293293
3842.0 0.342214
3845.0 0.266075
3848.0 0.289731
3851.0 0.361125
3854.0 0.371308
3857.0 0.341677
3860.0 0.36034
3863.0 0.386078
3866.0 0.36826
3869.0 0.34765
3872.0 0.385563
3875.0 0.416284
3878.0 0.367798
3881.0 0.460971
3884.0 0.59208
3887.0 0.621483
3890.0 0.660275
3893.0 0.629099
3896.0 0.681771
3899.0 0.722613
3902.0 0.725231
3905.0 0.777923
3908.0 0.801002
3911.0 0.836061
3914.0 0.914044
3917.0 0.937826
3920.0 1.03878
3923.0 1.13472
3926.0 1.11829
3929.0 1.21172
3932.0 1.25803
3935.0 1.34218
3938.0 1.43417
3941.0 1.45515
3944.0 1.51966
3947.0 1.49729
3950.0 1.56493
3953.0 1.58832
3956.0 1.594
3959.0 1.696
3962.0 1.63988
3965.0 1.64067
3968.0 1.65967
3971.0 1.71067
3974.0 1.76999
3977.0 1.70883
3980.0 1.68
3983.0 1.68816
3986.0 1.71041
3989.0 1.7158
3992.0 1.68256
3995.0 1.7175
3998.0 1.80468
4001.0 1.79977
4004.0 1.73046
4007.0 1.643
4010.0 1.63804
4013.0 1.69886
4016.0 1.71719
4019.0 1.70055
4022.0 1.71857
4025.0 1.66873
4028.0 1.63062
4031.0 1.68304
4034.0 1.74275
4037.0 1.77057
4040.0 1.75166
4043.0 1.75738
4046.0 1.7821
4049.0 1.72672
4052.0 1.66331
4055.0 1.54571
4058.0 1.49177
4061.0 1.55189
4064.0 1.5013
4067.0 1.40524
4070.0 1.25692
4073.0 1.31334
4076.0 1.28894
4079.0 1.17097
4082.0 1.10805
4085.0 1.14156
4088.0 1.09642
4091.0 1.05784
4094.0 1.01505
4097.0 0.961798
4100.0 1.00501
4103.0 0.94463
4106.0 0.860813
4109.0 0.904466
4112.0 0.866092
4115.0 0.832914
4118.0 0.902381
4121.0 1.01184
4124.0 0.872404
4127.0 0.752932
4130.0 0.882822
4133.0 0.962434
4136.0 0.931058
4139.0 0.835376
4142.0 0.900471
4145.0 0.83043
4148.0 0.784814
4151.0 0.781532
4154.0 0.774278
4157.0 0.789514
4160.0 0.82802
4163.0 0.871382
4166.0 0.881736
4169.0 0.793488
4172.0 0.772298
4175.0 0.760131
4178.0 0.802246
4181.0 0.862715
4184.0 0.811676
4187.0 0.839843
4190.0 0.930057
4193.0 0.908661
4196.0 0.900461
4199.0 0.941254
4202.0 0.986808
4205.0 0.976149
4208.0 0.994139
4211.0 0.943679
4214.0 0.931735
4217.0 0.956032
4220.0 0.884814
4223.0 0.919688
4226.0 0.941776
4229.0 0.948578
4232.0 0.887151
4235.0 0.886788
4238.0 0.918938
4241.0 0.847689
4244.0 0.886881
4247.0 0.925688
4250.0 0.93047
4253.0 0.939689
4256.0 0.920775
4259.0 0.919786
4262.0 0.995524
4265.0 1.00888
4268.0 1.00237
4271.0 0.966807
4274.0 0.912623
4277.0 0.896579
4280.0 0.929969
4283.0 0.909044
4286.0 0.898494
4289.0 0.937649
4292.0 0.902651
4295.0 0.869096
4298.0 0.922712
4301.0 0.949369
4304.0 0.92745
4307.0 0.946608
4310.0 1.00877
4313.0 0.981655
4316.0 0.980537
4319.0 1.01168
4322.0 0.911735
4325.0 0.960663
4328.0 1.03308
4331.0 1.03423
4334.0 0.9771
4337.0 0.987006
4340.0 0.942176
4343.0 0.980122
4346.0 1.07187
4349.0 1.02786
4352.0 1.00097
4355.0 1.10911
4358.0 1.24898
4361.0 1.23785
4364.0 1.12794
4367.0 1.14622
4370.0 1.22176
4373.0 1.19102
4376.0 1.17064
4379.0 1.16971
4382.0 1.16083
4385.0 1.06359
4388.0 1.02367
4391.0 0.994611
4394.0 0.994819
4397.0 0.970042
4400.0 0.929376
4403.0 0.880448
4406.0 0.889767
4409.0 0.957937
4412.0 0.859533
4415.0 0.762123
4418.0 0.684418
4421.0 0.657482
4424.0 0.698374
4427.0 0.706242
4430.0 0.66891
4433.0 0.652258
4436.0 0.679203
4439.0 0.617117
4442.0 0.640135
4445.0 0.688232
4448.0 0.663952
4451.0 0.630986
4454.0 0.585148
4457.0 0.628038
4460.0 0.643467
4463.0 0.617368
4466.0 0.588109
4469.0 0.643639
4472.0 0.65299
4475.0 0.674697
4478.0 0.673591
4481.0 0.685898
4484.0 0.634324
4487.0 0.644455
4490.0 0.637501
4493.0 0.736778
4496.0 0.726734
4499.0 0.739924
4502.0 0.717155
4505.0 0.749785
4508.0 0.843264
4511.0 0.853392
4514.0 0.893788
4517.0 0.923586
4520.0 0.912408
4523.0 0.891402
4526.0 0.910754
4529.0 0.955574
4532.0 0.986364
4535.0 1.07009
4538.0 1.07818
4541.0 1.03463
4544.0 1.10588
4547.0 1.17633
4550.0 1.14165
4553.0 1.18201
4556.0 1.19439
4559.0 1.27473
4562.0 1.25035
4565.0 1.24076
4568.0 1.26464
4571.0 1.32565
4574.0 1.44322
4577.0 1.49498
4580.0 1.49866
4583.0 1.51239
4586.0 1.64884
4589.0 1.673
4592.0 1.79016
4595.0 1.74151
4598.0 1.78005
4601.0 1.79111
4604.0 1.80076
4607.0 1.76912
4610.0 1.81439
4613.0 1.90656
4616.0 1.90961
4619.0 1.95848
4622.0 2.01196
4625.0 2.02519
4628.0 2.02633
4631.0 2.08916
4634.0 2.0808
4637.0 2.06965
4640.0 2.08045
4643.0 2.05888
4646.0 2.01156
4649.0 2.00392
4652.0 1.98966
4655.0 1.94192
4658.0 1.97762
4661.0 1.90779
4664.0 1.89856
4667.0 1.82768
4670.0 1.81795
4673.0 1.76745
4676.0 1.77094
4679.0 1.82024
4682.0 1.85666
4685.0 1.89486
4688.0 1.8549
4691.0 1.83588
4694.0 1.87203
4697.0 1.83269
4700.0 1.82298
4703.0 1.81693
4706.0 1.82734
4709.0 1.8233
4712.0 1.79416
4715.0 1.77392
4718.0 1.74628
4721.0 1.66839
4724.0 1.62618
4727.0 1.686
4730.0 1.61999
4733.0 1.57564
4736.0 1.5476
4739.0 1.51843
4742.0 1.46967
4745.0 1.4197
4748.0 1.41061
4751.0 1.33162
4754.0 1.33306
4757.0 1.29572
4760.0 1.23756
4763.0 1.23948
4766.0 1.20779
4769.0 1.21174
4772.0 1.17309
4775.0 1.14905
4778.0 1.09843
4781.0 1.01949
4784.0 1.01293
4787.0 1.04475
4790.0 0.993212
4793.0 0.920486
4796.0 0.874649
4799.0 0.859963
4802.0 0.872011
4805.0 0.846094
4808.0 0.781578
4811.0 0.735739
4814.0 0.719529
4817.0 0.721562
4820.0 0.728291
4823.0 0.733046
4826.0 0.709969
4829.0 0.678077
4832.0 0.734936
4835.0 0.723806
4838.0 0.723922
4841.0 0.73716
4844.0 0.7405
4847.0 0.776765
4850.0 0.76064
4853.0 0.769836
4856.0 0.868394
4859.0 0.893618
4862.0 0.938973
4865.0 0.969868
4868.0 0.979574
4871.0 1.04403
4874.0 1.06599
4877.0 1.11509
4880.0 1.35296
4883.0 1.63322
4886.0 1.38687
4889.0 1.07176
4892.0 0.994505
4895.0 0.990166
4898.0 0.968912
4901.0 0.915303
4904.0 0.975676
4907.0 0.963992
4910.0 0.890579
4913.0 0.880252
4916.0 0.83089
4919.0 0.84377
4922.0 0.844489
4925.0 0.853766
4928.0 0.878372
4931.0 0.88248
4934.0 0.898954
4937.0 0.946997
4940.0 0.933786
4943.0 0.947767
4946.0 1.04505
4949.0 1.07198
4952.0 1.13055
4955.0 1.19544
4958.0 1.18994
4961.0 1.26505
4964.0 1.32852
4967.0 1.40846
4970.0 1.47609
4973.0 1.56117
4976.0 1.61224
4979.0 1.6398
4982.0 1.73829
4985.0 1.7455
4988.0 1.77184
4991.0 1.69662
4994.0 1.80029
4997.0 1.87627
5000.0 1.88894
5003.0 1.84914
5006.0 1.74656
5009.0 1.78509
5012.0 1.73353
5015.0 1.73529
5018.0 1.68381
5021.0 1.68109
5024.0 1.65543
5027.0 1.64624
5030.0 1.55971
5033.0 1.40598
5036.0 1.36363
5039.0 1.2699
5042.0 1.17099
5045.0 1.16087
5048.0 1.14814
5051.0 1.08828
5054.0 1.03292
5057.0 0.968696
5060.0 0.954675
5063.0 0.902129
5066.0 0.880169
5069.0 0.806671
5072.0 0.771542
5075.0 0.828476
5078.0 0.828181
5081.0 0.794972
5084.0 0.858409
5087.0 0.878811
5090.0 0.81849
5093.0 0.856811
5096.0 0.904173
5099.0 0.905866
5102.0 0.965826
5105.0 0.966772
5108.0 0.947376
5111.0 1.01283
5114.0 1.05547
5117.0 1.07819
5120.0 1.0552
5123.0 1.05059
5126.0 1.06503
5129.0 1.05521
5132.0 1.04771
5135.0 1.12101
5138.0 1.10185
5141.0 1.12897
5144.0 1.18626
5147.0 1.17734
5150.0 1.19294
5153.0 1.23667
5156.0 1.21797
5159.0 1.18055
5162.0 1.15889
5165.0 1.14117
5168.0 1.18339
5171.0 1.17698
5174.0 1.17952
5177.0 1.1558
5180.0 1.1698
5183.0 1.22518
5186.0 1.20903
5189.0 1.19101
5192.0 1.16487
5195.0 1.11069
5198.0 1.10297
5201.0 1.06505
5204.0 1.10632
5207.0 1.1206
5210.0 1.10213
5213.0 1.08415
5216.0 1.06562
5219.0 1.07178
5222.0 1.12966
5225.0 1.1784
5228.0 1.1658
5231.0 1.16981
5234.0 1.16253
5237.0 1.1773
5240.0 1.1645
5243.0 1.14089
5246.0 1.18386
5249.0 1.23984
5252.0 1.28727
5255.0 1.35287
5258.0 1.36614
5261.0 1.35065
5264.0 1.36958
5267.0 1.44045
5270.0 1.44822
5273.0 1.48725
5276.0 1.58258
5279.0 1.53358
5282.0 1.53665
5285.0 1.60616
5288.0 1.65027
5291.0 1.64574
5294.0 1.67213
5297.0 1.68862
5300.0 1.70673
5303.0 1.76554
5306.0 1.83893
5309.0 1.85246
5312.0 1.86476
5315.0 1.9099
5318.0 1.91321
5321.0 1.90386
5324.0 1.91933
5327.0 1.90418
5330.0 1.92138
5333.0 1.99534
5336.0 2.01881
5339.0 1.9886
5342.0 1.98805
5345.0 1.99078
5348.0 1.92715
5351.0 1.88741
5354.0 1.85836
5357.0 1.89435
5360.0 1.90019
5363.0 1.91401
5366.0 1.94566
5369.0 1.95859
5372.0 1.98003
5375.0 1.98953
5378.0 2.01163
5381.0 2.05075
5384.0 2.01711
5387.0 1.90909
5390.0 1.94259
5393.0 1.99879
5396.0 1.98591
5399.0 1.99285
5402.0 1.95329
5405.0 1.95906
5408.0 1.9385
5411.0 1.84777
5414.0 1.80339
5417.0 1.822
5420.0 1.76327
5423.0 1.7812
5426.0 1.72136
5429.0 1.59698
5432.0 1.6709
5435.0 1.64012
5438.0 1.61931
5441.0 1.63131
5444.0 1.59542
5447.0 1.58316
5450.0 1.59646
5453.0 1.50163
5456.0 1.59122
5459.0 1.5492
5462.0 1.575
5465.0 1.56817
5468.0 1.57642
5471.0 1.64887
5474.0 1.71135
5477.0 1.76061
5480.0 1.79739
5483.0 1.8296
5486.0 1.84244
5489.0 1.8596
5492.0 1.86301
5495.0 1.86753
5498.0 1.92329
5501.0 1.94793
5504.0 1.93318
5507.0 1.95544
5510.0 2.01667
5513.0 2.01509
5516.0 1.99607
5519.0 1.92117
5522.0 1.92282
5525.0 1.9805
5528.0 1.94226
5531.0 1.89795
5534.0 1.94397
5537.0 1.89308
5540.0 1.94421
5543.0 1.89396
5546.0 1.90549
5549.0 1.89352
5552.0 1.86003
5555.0 1.8415
5558.0 1.79181
5561.0 1.81811
5564.0 1.86874
5567.0 1.82353
5570.0 1.8323
5573.0 1.79416
5576.0 1.82589
5579.0 1.79342
5582.0 1.76983
5585.0 1.71044
5588.0 1.72517
5591.0 1.673
5594.0 1.69376
5597.0 1.71308
5600.0 1.72924
5603.0 1.69718
5606.0 1.6799
5609.0 1.66983
5612.0 1.68479
5615.0 1.67612
5618.0 1.66669
5621.0 1.71354
5624.0 1.69485
5627.0 1.67942
5630.0 1.68879
5633.0 1.67581
5636.0 1.68241
5639.0 1.66993
5642.0 1.75876
5645.0 1.6903
5648.0 1.61578
5651.0 1.61542
5654.0 1.66298
5657.0 1.65969
5660.0 1.62313
5663.0 1.60623
5666.0 1.60145
5669.0 1.61265
5672.0 1.65105
5675.0 1.57884
5678.0 1.49836
5681.0 1.53506
5684.0 1.50047
5687.0 1.46502
5690.0 1.47898
5693.0 1.43565
5696.0 1.38202
5699.0 1.37184
5702.0 1.3779
5705.0 1.32851
5708.0 1.34011
5711.0 1.27104
5714.0 1.26936
5717.0 1.34114
5720.0 1.2642
5723.0 1.2431
5726.0 1.25174
5729.0 1.23558
5732.0 1.21982
5735.0 1.20628
5738.0 1.18851
5741.0 1.16502
5744.0 1.16633
5747.0 1.17435
5750.0 1.15315
5753.0 1.17335
5756.0 1.13336
5759.0 1.171
5762.0 1.15921
5765.0 1.1443
5768.0 1.17262
5771.0 1.10172
5774.0 1.10603
5777.0 1.12231
5780.0 1.1046
5783.0 1.09137
5786.0 1.03308
5789.0 1.03724
5792.0 1.03527
5795.0 1.01303
5798.0 1.07283
5801.0 1.05471
5804.0 1.07483
5807.0 1.14422
5810.0 1.20439
5813.0 1.27874
5816.0 1.30129
5819.0 1.34498
5822.0 1.41332
5825.0 1.4046
5828.0 1.44411
5831.0 1.52541
5834.0 1.55946
5837.0 1.58382
5840.0 1.59617
5843.0 1.668
5846.0 1.72369
5849.0 1.80073
5852.0 1.77144
5855.0 1.76641
5858.0 1.84695
5861.0 1.83491
5864.0 1.85904
5867.0 1.91377
5870.0 1.9312
5873.0 1.95396
5876.0 1.92332
5879.0 1.92967
5882.0 1.89098
5885.0 1.8979
5888.0 1.88362
5891.0 1.86687
5894.0 1.92208
5897.0 1.94107
5900.0 1.85792
5903.0 1.86996
5906.0 1.8187
5909.0 1.77929
5912.0 1.75854
5915.0 1.6009
5918.0 1.49271
5921.0 1.48647
5924.0 1.56826
5927.0 1.69698
5930.0 1.83505
5933.0 1.84704
5936.0 1.79812
5939.0 1.82499
5942.0 1.80967
5945.0 1.80148
5948.0 1.77824
5951.0 1.78319
5954.0 1.77637
5957.0 1.77936
5960.0 1.77609
5963.0 1.82351
5966.0 1.84173
5969.0 1.78644
5972.0 1.72558
5975.0 1.7057
5978.0 1.65617
5981.0 1.73555
5984.0 1.77378
5987.0 1.7078
5990.0 1.64857
5993.0 1.66105
5996.0 1.67977
5999.0 1.64633
6002.0 1.60738
6005.0 1.60636
6008.0 1.62646
6011.0 1.55319
6014.0 1.55058
6017.0 1.58498
6020.0 1.56401
6023.0 1.50836
6026.0 1.48776
6029.0 1.45769
6032.0 1.44369
6035.0 1.39119
6038.0 1.3741
6041.0 1.43703
6044.0 1.40216
6047.0 1.35424
6050.0 1.38214
6053.0 1.35802
6056.0 1.36402
6059.0 1.39308
6062.0 1.31972
6065.0 1.29968
6068.0 1.31188
6071.0 1.27282
6074.0 1.23813
6077.0 1.27144
6080.0 1.32553
6083.0 1.39796
6086.0 1.40675
6089.0 1.35954
6092.0 1.40668
6095.0 1.39233
6098.0 1.3623
6101.0 1.38799
6104.0 1.40778
6107.0 1.43472
6110.0 1.45663
6113.0 1.44534
6116.0 1.45567
6119.0 1.45373
6122.0 1.44552
6125.0 1.45376
6128.0 1.41621
6131.0 1.36739
6134.0 1.3845
6137.0 1.35809
6140.0 1.35869
6143.0 1.30835
6146.0 1.28556
6149.0 1.30891
6152.0 1.2537
6155.0 1.23684
6158.0 1.27173
6161.0 1.27819
6164.0 1.26666
6167.0 1.29782
6170.0 1.31467
6173.0 1.32637
6176.0 1.38168
6179.0 1.43269
6182.0 1.43596
6185.0 1.47299
6188.0 1.50708
6191.0 1.50946
6194.0 1.58437
6197.0 1.56801
6200.0 1.49391
6203.0 1.54558
6206.0 1.57058
6209.0 1.53462
6212.0 1.58183
6215.0 1.54658
6218.0 1.52118
6221.0 1.53308
6224.0 1.5229
6227.0 1.48759
6230.0 1.45829
6233.0 1.41122
6236.0 1.35774
6239.0 1.36334
6242.0 1.31683
6245.0 1.31381
6248.0 1.27249
6251.0 1.26665
6254.0 1.15886
6257.0 1.10381
6260.0 1.09129
6263.0 1.05879
6266.0 0.99055
6269.0 1.00044
6272.0 0.979289
6275.0 0.953887
6278.0 0.982483
6281.0 1.00347
6284.0 1.00764
6287.0 0.987333
6290.0 0.941323
6293.0 0.984915
6296.0 1.09014
6299.0 1.0919
6302.0 1.03872
6305.0 0.963978
6308.0 0.96201
6311.0 1.04403
6314.0 1.05295
6317.0 1.0599
6320.0 1.07415
6323.0 1.06574
6326.0 1.10038
6329.0 1.12692
6332.0 1.09259
6335.0 1.10732
6338.0 1.10929
6341.0 1.15116
6344.0 1.15164
6347.0 1.08095
6350.0 1.11913
6353.0 1.13352
6356.0 1.16701
6359.0 1.1349
6362.0 1.14547
6365.0 1.17508
6368.0 1.14174
6371.0 1.16096
6374.0 1.21204
6377.0 1.20341
6380.0 1.28106
6383.0 1.32623
6386.0 1.3504
6389.0 1.3977
6392.0 1.40116
6395.0 1.44611
6398.0 1.46845
6401.0 1.41634
6404.0 1.44753
6407.0 1.46927
6410.0 1.46885
6413.0 1.51246
6416.0 1.57331
6419.0 1.48135
6422.0 1.46475
6425.0 1.4947
6428.0 1.49045
6431.0 1.51935
6434.0 1.50389
6437.0 1.45948
6440.0 1.51904
6443.0 1.49107
6446.0 1.53812
6449.0 1.60351
6452.0 1.58119
6455.0 1.61862
6458.0 1.6676
6461.0 1.64486
6464.0 1.64269
6467.0 1.62861
6470.0 1.57221
6473.0 1.56064
6476.0 1.56757
6479.0 1.51594
6482.0 1.55827
6485.0 1.60747
6488.0 1.58734
6491.0 1.59141
6494.0 1.63726
6497.0 1.6363
6500.0 1.61484
6503.0 1.60346
6506.0 1.53159
6509.0 1.50357
6512.0 1.47684
6515.0 1.47063
6518.0 1.45635
6521.0 1.4147
6524.0 1.45294
6527.0 1.45788
6530.0 1.45512
6533.0 1.41677
6536.0 1.36018
6539.0 1.33402
6542.0 1.35102
6545.0 1.38439
6548.0 1.40889
6551.0 1.39841
6554.0 1.41283
6557.0 1.43218
6560.0 1.41353
6563.0 1.40447
6566.0 1.43875
6569.0 1.38727
6572.0 1.36331
6575.0 1.55301
6578.0 1.71017
6581.0 1.57078
6584.0 1.33649
6587.0 1.49309
6590.0 2.6317
6593.0 3.66687
6596.0 2.73748
6599.0 1.57848
6602.0 1.38351
6605.0 1.39899
6608.0 1.50795
6611.0 1.93368
6614.0 2.20887
6617.0 1.86775
6620.0 1.48468
6623.0 1.45873
6626.0 1.4719
6629.0 1.43649
6632.0 1.46448
6635.0 1.47556
6638.0 1.49883
6641.0 1.50416
6644.0 1.4942
6647.0 1.51105
6650.0 1.50117
6653.0 1.51509
6656.0 1.50332
6659.0 1.48074
6662.0 1.48464
6665.0 1.52889
6668.0 1.53329
6671.0 1.54794
6674.0 1.57796
6677.0 1.5779
6680.0 1.59668
6683.0 1.62471
6686.0 1.64932
6689.0 1.61389
6692.0 1.61236
6695.0 1.58284
6698.0 1.53171
6701.0 1.51241
6704.0 1.58127
6707.0 1.62926
6710.0 1.59872
6713.0 1.54581
6716.0 1.53785
6719.0 1.55634
6722.0 1.55491
6725.0 1.55454
6728.0 1.54145
6731.0 1.52569
6734.0 1.53193
6737.0 1.45786
6740.0 1.47621
6743.0 1.58268
6746.0 1.83288
6749.0 1.80458
6752.0 1.53734
6755.0 1.47438
6758.0 1.61547
6761.0 1.73085
6764.0 1.60402
6767.0 1.41949
6770.0 1.35788
6773.0 1.41764
6776.0 1.4271
6779.0 1.3988
6782.0 1.39809
6785.0 1.42527
6788.0 1.41929
6791.0 1.43199
6794.0 1.41597
6797.0 1.41014
6800.0 1.41327
6803.0 1.36357
6806.0 1.34447
6809.0 1.36369
6812.0 1.36543
6815.0 1.38045
6818.0 1.38092
6821.0 1.35963
6824.0 1.33014
6827.0 1.38996
6830.0 1.42886
6833.0 1.3812
6836.0 1.30405
6839.0 1.31964
6842.0 1.35412
6845.0 1.32231
6848.0 1.29895
6851.0 1.28756
6854.0 1.27445
6857.0 1.25363
6860.0 1.23936
6863.0 1.23574
6866.0 1.23348
6869.0 1.19474
6872.0 1.18052
6875.0 1.21901
6878.0 1.21463
6881.0 1.22121
6884.0 1.21977
6887.0 1.2084
6890.0 1.23183
6893.0 1.1824
6896.0 1.16332
6899.0 1.17465
6902.0 1.16536
6905.0 1.2022
6908.0 1.21919
6911.0 1.22797
6914.0 1.16196
6917.0 1.11223
6920.0 1.18066
6923.0 1.26553
6926.0 1.20166
6929.0 1.16824
6932.0 1.16552
6935.0 1.21334
6938.0 1.17797
6941.0 1.14202
6944.0 1.173
6947.0 1.17932
6950.0 1.18046
6953.0 1.15686
6956.0 1.16583
6959.0 1.14898
6962.0 1.13535
6965.0 1.13258
6968.0 1.14524
6971.0 1.12888
6974.0 1.13513
6977.0 1.17466
6980.0 1.15696
6983.0 1.11772
6986.0 1.1397
6989.0 1.19204
6992.0 1.17066
6995.0 1.12856
6998.0 1.16081
7001.0 1.2543
7004.0 1.27409
7007.0 1.29776
7010.0 1.28915
7013.0 1.27417
7016.0 1.2979
7019.0 1.31192
7022.0 1.32712
7025.0 1.41341
7028.0 1.42532
7031.0 1.41207
7034.0 1.33506
7037.0 1.44359
7040.0 1.48083
7043.0 1.37694
7046.0 1.4456
7049.0 1.48597
7052.0 1.42611
7055.0 1.4644
7058.0 1.47633
7061.0 1.43818
7064.0 1.4256
7067.0 1.40867
7070.0 1.42093
7073.0 1.43437
7076.0 1.40426
7079.0 1.34525
7082.0 1.33892
7085.0 1.32555
7088.0 1.29085
7091.0 1.29301
7094.0 1.30675
7097.0 1.32576
7100.0 1.35448
7103.0 1.33946
7106.0 1.33275
7109.0 1.27941
7112.0 1.2532
7115.0 1.27599
7118.0 1.29047
7121.0 1.23706
7124.0 1.22609
7127.0 1.2892
7130.0 1.20127
7133.0 1.20169
7136.0 1.20285
7139.0 1.1726
7142.0 1.19617
7145.0 1.22594
7148.0 1.23538
7151.0 1.25885
7154.0 1.19692
7157.0 1.18485
7160.0 1.23975
7163.0 1.20317
7166.0 1.20404
7169.0 1.22668
7172.0 1.22577
7175.0 1.16975
7178.0 1.18761
7181.0 1.12638
7184.0 1.10892
7187.0 1.16791
7190.0 1.13577
7193.0 1.03912
7196.0 1.01395
7199.0 1.14393
7202.0 1.13491
7205.0 1.1516
7208.0 1.08664
7211.0 1.03933
7214.0 1.0834
7217.0 1.13387
7220.0 1.1255
7223.0 1.10951
7226.0 1.0722
7229.0 1.13343
7232.0 1.17219
7235.0 1.13811
7238.0 1.10876
7241.0 1.1789
7244.0 1.24005
7247.0 1.2506
7250.0 1.25977
7253.0 1.23983
7256.0 1.30988
7259.0 1.32015
7262.0 1.2895
7265.0 1.21034
7268.0 1.29985
7271.0 1.35014
7274.0 1.34406
7277.0 1.34838
7280.0 1.41023
7283.0 1.44968
7286.0 1.38969
7289.0 1.29769
7292.0 1.35336
7295.0 1.40066
7298.0 1.32323
7301.0 1.33279
7304.0 1.262
7307.0 1.26893
7310.0 1.30207
7313.0 1.36564
7316.0 1.37384
7319.0 1.26927
7322.0 1.2413
7325.0 1.26754
7328.0 1.19396
7331.0 1.22119
7334.0 1.25323
7337.0 1.18121
7340.0 1.25158
7343.0 1.27506
7346.0 1.18165
7349.0 1.17835
7352.0 1.14292
7355.0 1.14759
7358.0 1.142
7361.0 1.13358
7364.0 1.19521
7367.0 1.15626
7370.0 1.10942
7373.0 1.15942
7376.0 1.21967
7379.0 1.15434
7382.0 1.13389
7385.0 1.17556
7388.0 1.17795
7391.0 1.19317
7394.0 1.18372
7397.0 1.15582
7400.0 1.23039
7403.0 1.26553
7406.0 1.15972
7409.0 1.1293
7412.0 1.20072
7415.0 1.19904
7418.0 1.1987
7421.0 1.20309
7424.0 1.22745
7427.0 1.23607
7430.0 1.20845
7433.0 1.19722
7436.0 1.2612
7439.0 1.19568
7442.0 1.15769
7445.0 1.24783
7448.0 1.19907
7451.0 1.22487
7454.0 1.23053
7457.0 1.20551
7460.0 1.25864
7463.0 1.31023
7466.0 1.29578
7469.0 1.28827
7472.0 1.2275
7475.0 1.25845
7478.0 1.28957
7481.0 1.28694
7484.0 1.32833
7487.0 1.33876
7490.0 1.32159
7493.0 1.3737
7496.0 1.39057
7499.0 1.30537
7502.0 1.28391
7505.0 1.32987
7508.0 1.32452
7511.0 1.27887
7514.0 1.27094
7517.0 1.33637
7520.0 1.3058
7523.0 1.22987
7526.0 1.267
7529.0 1.23861
7532.0 1.22551
7535.0 1.21414
7538.0 1.22508
7541.0 1.21539
7544.0 1.18821
7547.0 1.22781
7550.0 1.23269
7553.0 1.16812
7556.0 1.18506
7559.0 1.13528
7562.0 1.14014
7565.0 1.14682
7568.0 1.11576
7571.0 1.08424
7574.0 1.10951
7577.0 1.05289
7580.0 1.07732
7583.0 1.1204
7586.0 1.04508
7589.0 0.998135
7592.0 1.02555
7595.0 0.989048
7598.0 0.882501
7601.0 0.944224
7604.0 1.04911
7607.0 0.889176
7610.0 0.892961
7613.0 0.949317
7616.0 0.993308
7619.0 0.897445
7622.0 0.816774
7625.0 0.843058
7628.0 0.909663
7631.0 0.833113
7634.0 0.8624
7637.0 0.927266
7640.0 0.906866
7643.0 0.882037
7646.0 0.819597
7649.0 0.809917
7652.0 0.889036
7655.0 0.845949
7658.0 0.840621
7661.0 0.913365
7664.0 0.930671
7667.0 0.802768
7670.0 0.766294
7673.0 0.757875
7676.0 0.815585
7679.0 0.712762
7682.0 0.729211
7685.0 0.800402
7688.0 0.773854
7691.0 0.773115
7694.0 0.805556
7697.0 0.820095
7700.0 0.825187
7703.0 0.848593
7706.0 0.865643
7709.0 0.925883
7712.0 0.915817
7715.0 1.01913
7718.0 0.976516
7721.0 0.87728
7724.0 0.920334
7727.0 1.00535
7730.0 0.995635
7733.0 0.983187
7736.0 0.975966
7739.0 0.934889
7742.0 0.939934
7745.0 1.01724
7748.0 1.08771
7751.0 1.04363
7754.0 1.05134
7757.0 1.04443
7760.0 1.12591
7763.0 1.09563
7766.0 1.07712
7769.0 1.1142
7772.0 1.07756
7775.0 1.04541
7778.0 1.06649
7781.0 1.03592
7784.0 0.984838
7787.0 0.988266
7790.0 0.950878
7793.0 0.945823
7796.0 0.960863
7799.0 0.98917
7802.0 0.971856
7805.0 0.999034
7808.0 0.993322
7811.0 1.00322
7814.0 1.00863
7817.0 1.0203
7820.0 1.0807
7823.0 1.06685
7826.0 0.97256
7829.0 1.03968
7832.0 1.07934
7835.0 1.04116
7838.0 1.05061
7841.0 1.10527
7844.0 1.13772
7847.0 1.09512
7850.0 1.08403
7853.0 1.02607
7856.0 1.00003
7859.0 1.08356
7862.0 1.08384
7865.0 1.13762
7868.0 1.1398
7871.0 1.1251
7874.0 1.15573
7877.0 1.18776
7880.0 1.16832
7883.0 1.10348
7886.0 1.07048
7889.0 1.0131
7892.0 1.07167
7895.0 1.16455
7898.0 1.03326
7901.0 1.03435
7904.0 1.15643
7907.0 1.17623
7910.0 1.07938
7913.0 1.06589
7916.0 1.14274
7919.0 1.00897
7922.0 0.974333
7925.0 1.07855
7928.0 1.04361
7931.0 1.05895
7934.0 1.08055
7937.0 1.06992
7940.0 1.0859
7943.0 1.06996
7946.0 1.03477
7949.0 1.07644
7952.0 1.10552
7955.0 1.0496
7958.0 1.00253
7961.0 0.954314
7964.0 1.02132
7967.0 1.01716
7970.0 0.985546
7973.0 0.902559
7976.0 0.988355
7979.0 0.916106
7982.0 0.899861
7985.0 1.01314
7988.0 0.979601
7991.0 0.962353
7994.0 1.04553
7997.0 1.00104
8000.0 0.921156
8003.0 0.975256
8006.0 0.990098
8009.0 0.895909
8012.0 0.89805
8015.0 0.791711
8018.0 0.930358
8021.0 0.902002
8024.0 0.898211
8027.0 0.913288
8030.0 0.952686
8033.0 0.941042
8036.0 0.954664
8039.0 0.989194
8042.0 0.8995
8045.0 0.88632
8048.0 0.894542
8051.0 0.894721
8054.0 0.896702
8057.0 0.948082
8060.0 0.85124
8063.0 0.76813
8066.0 0.905833
8069.0 0.95289
8072.0 0.897198
8075.0 0.908189
8078.0 0.913489
8081.0 0.831388
8084.0 0.811086
8087.0 0.929183
8090.0 0.874132
8093.0 0.890249
8096.0 0.938058
8099.0 0.858757
8102.0 1.01437
8105.0 0.960193
8108.0 0.78311
8111.0 0.792862
8114.0 0.874372
8117.0 0.877157
8120.0 0.851179
8123.0 0.938036
8126.0 0.829328
8129.0 0.71521
8132.0 0.91341
8135.0 0.99204
8138.0 0.939235
8141.0 0.839608
8144.0 0.855979
8147.0 0.751514
8150.0 0.725672
8153.0 0.752791
8156.0 0.8855
8159.0 0.947969
8162.0 0.942551
8165.0 0.839601
8168.0 0.948643
8171.0 0.897667
8174.0 0.872128
8177.0 0.785594
8180.0 0.821746
8183.0 0.963601
8186.0 0.918681
8189.0 0.798757
8192.0 0.850766
8195.0 0.913114
8198.0 0.728952
8201.0 0.698944
8204.0 0.840078
8207.0 0.832238
8210.0 0.902303
8213.0 0.81856
8216.0 0.702963
8219.0 0.644437
8222.0 0.554574
8225.0 0.524717
8228.0 0.459924
8231.0 0.464605
8234.0 0.502852
8237.0 0.476919
8240.0 0.42948
8243.0 0.367471
8246.0 0.374742
8249.0 0.468741
8252.0 0.459788
8255.0 0.363339
8258.0 0.394604
8261.0 0.440756
8264.0 0.440728
8267.0 0.356013
8270.0 0.259106
8273.0 0.364205
8276.0 0.321476
8279.0 0.254284
8282.0 0.368448
8285.0 0.404997
8288.0 0.319781
8291.0 0.26062
8294.0 0.264222
8297.0 0.267058
8300.0 0.26112
8303.0 0.285738
8306.0 0.269928
8309.0 0.370543
8312.0 0.341156
8315.0 0.240886
8318.0 0.317952
8321.0 0.27977
8324.0 0.171639
8327.0 0.202435
8330.0 0.159213
8333.0 0.223551
8336.0 0.308793
8339.0 0.381356
8342.0 0.329003
8345.0 0.282688
8348.0 0.218461
8351.0 0.0763682
8354.0 0.306025
8357.0 0.199613
8360.0 0.223647
8363.0 0.404662
8366.0 0.31283
8369.0 0.235681
8372.0 0.31752
8375.0 0.299633
8378.0 0.306244
8381.0 0.448052
8384.0 0.468766
8387.0 0.420726
8390.0 0.51016
8393.0 0.454436
8396.0 0.432359
8399.0 0.515257
8402.0 0.440507
8405.0 0.257745
8408.0 0.306851
8411.0 0.374534
8414.0 0.290238
8417.0 0.389134
8420.0 0.275086
8423.0 0.400435
8426.0 0.526387
8429.0 0.48206
8432.0 0.459618
8435.0 0.464371
8438.0 0.527738
8441.0 0.532012
8444.0 0.355151
8447.0 0.385537
8450.0 0.358205
