UT Date	MJD	B (err)	V (err)	R (err)	I (err)	
2005 Sep 26	53639.3	18.25 (0.02)	17.83 (0.02)	17.46 (0.01)	17.20 (0.02)	
2005 Sep 27	53640.3	18.38 (0.03)	18.03 (0.03)	17.41 (0.02)	17.13 (0.04)	
2005 Sep 28	53641.3	18.65 (0.02)	17.92 (0.01)	17.60 (0.01)	17.18 (0.02)	
2005 Sep 29	53642.2	 sdotsdotsdot	 sdotsdotsdot	17.69 (0.02)	 sdotsdotsdot	
2005 Sep 30	53643.2	19.10 (0.05)	18.24 (0.02)	17.86 (0.01)	17.47 (0.03)	
2005 Oct 2	53645.3	19.71 (0.07)	18.66 (0.02)	18.18 (0.01)	17.71 (0.02)	
2005 Oct 3	53646.5	20.07 (0.07)	18.93 (0.02)	 sdotsdotsdot	 sdotsdotsdot	
2005 Oct 5	53648.0	 sdotsdotsdot	19.48 (0.06)	18.83 (0.03)	18.13 (0.06)	
2005 Oct 6	53649.2	20.67 (0.04)	19.63 (0.03)	19.03 (0.02)	18.26 (0.02)	
2005 Oct 7	53650.4	20.90 (0.04)	19.86 (0.03)	19.26 (0.02)	18.51 (0.02)	
2005 Oct 8	53651.3	21.05 (0.04)	19.98 (0.04)	19.48 (0.02)	18.61 (0.02)	
2005 Oct 9	53652.5	 sdotsdotsdot	20.35 (0.05)	19.75 (0.04)	18.74 (0.03)	
2005 Oct 11	53654.2	21.74 (0.12)	20.60 (0.08)	20.08 (0.05)	19.01 (0.05)	
2005 Oct 12	53655.2	 sdotsdotsdot	20.74 (0.10)	 sdotsdotsdot	 sdotsdotsdot	
2005 Oct 13	52656.2	 sdotsdotsdot	20.88 (0.08)	20.47 (0.08)	19.47 (0.06)	
2005 Oct 14	53657.2	 sdotsdotsdot	21.22 (0.13)	 sdotsdotsdot	 sdotsdotsdot	
