wavelength,flux
3647.699951,3.022988E-16
3653.226197,3.262662E-16
3658.752443,3.896747E-16
3664.278689,3.220471E-16
3669.804935,3.135015E-16
3675.331182,3.00321e-16
3680.857428,3.03164e-16
3686.383674,3.316102E-16
3691.90992,4.020067E-16
3697.436166,3.750669E-16
3702.962412,3.521969E-16
3708.488658,3.390337E-16
3714.014904,3.001651E-16
3719.54115,2.8776e-16
3725.067396,3.048024E-16
3730.593642,3.43283e-16
3736.119888,3.486066E-16
3741.646134,3.330591E-16
3747.17238,3.368513E-16
3752.698627,3.269824E-16
3758.224873,3.416953E-16
3763.751119,3.308864E-16
3769.277365,3.122907E-16
3774.803611,2.925979E-16
3780.329857,2.583711E-16
3785.856103,2.536884E-16
3791.382349,2.932153E-16
3796.908595,3.273187E-16
3802.434841,3.782248E-16
3807.961087,4.090976E-16
3813.487333,4.400677E-16
3819.013579,4.800562E-16
3824.539825,4.410262E-16
3830.066072,4.245476E-16
3835.592318,4.321249E-16
3841.118564,4.060386E-16
3846.64481,3.712402E-16
3852.171056,3.331522E-16
3857.697302,3.33037e-16
3863.223548,3.377522E-16
3868.749794,3.341242E-16
3874.27604,3.509402E-16
3879.802286,3.626393E-16
3885.328532,3.727174E-16
3890.854778,3.9339e-16
3896.381024,3.817612E-16
3901.90727,3.736891E-16
3907.433517,3.645417E-16
3912.959763,3.631744E-16
3918.486009,3.440153E-16
3924.012255,3.1782e-16
3929.538501,3.289757E-16
3935.064747,3.33125e-16
3940.590993,3.364331E-16
3946.117239,3.35588e-16
3951.643485,3.442369E-16
3957.169731,3.372441E-16
3962.695977,3.366374E-16
3968.222223,3.378673E-16
3973.748469,3.334298E-16
3979.274715,3.362975E-16
3984.800961,3.16024e-16
3990.327208,3.349789E-16
3995.853454,3.369272E-16
4001.3797,3.269e-16
4006.905946,3.351795E-16
4012.432192,3.479329E-16
4017.958438,3.634144E-16
4023.484684,4.160785E-16
4029.01093,4.714808E-16
4034.537176,4.59299e-16
4040.063422,4.377773E-16
4045.589668,4.632896E-16
4051.115914,4.546015E-16
4056.64216,4.343221E-16
4062.168406,4.038375E-16
4067.694653,4.144432E-16
4073.220899,4.077894E-16
4078.747145,4.388058E-16
4084.273391,4.772037E-16
4089.799637,4.877141E-16
4095.325883,5.103819E-16
4100.852129,5.543219E-16
4106.378375,5.7827e-16
4111.904621,5.87567e-16
4117.430867,5.86805e-16
4122.957113,5.817634E-16
4128.483359,5.775287E-16
4134.009605,5.474562E-16
4139.535851,5.430491E-16
4145.062098,5.170661E-16
4150.588344,5.086992E-16
4156.11459,4.776455E-16
4161.640836,4.409116E-16
4167.167082,4.403729E-16
4172.693328,4.403105E-16
4178.219574,4.327734E-16
4183.74582,4.30553e-16
4189.272066,4.24776e-16
4194.798312,4.350069E-16
4200.324558,4.409565E-16
4205.850804,4.69268e-16
4211.37705,4.792597E-16
4216.903296,4.828314E-16
4222.429543,4.985018E-16
4227.955789,5.060426E-16
4233.482035,5.227486E-16
4239.008281,5.28716e-16
4244.534527,5.278309E-16
4250.060773,5.025494E-16
4255.587019,4.881385E-16
4261.113265,4.705435E-16
4266.639511,4.54718e-16
4272.165757,4.614094E-16
4277.692003,4.718937E-16
4283.218249,4.82985e-16
4288.744495,4.743245E-16
4294.270741,4.719288E-16
4299.796988,4.656903E-16
4305.323234,4.495762E-16
4310.84948,4.481649E-16
4316.375726,4.558078E-16
4321.901972,4.582808E-16
4327.428218,4.641511E-16
4332.954464,4.47567e-16
4338.48071,4.650644E-16
4344.006956,4.796335E-16
4349.533202,4.794775E-16
4355.059448,4.738486E-16
4360.585694,4.783058E-16
4366.11194,4.761051E-16
4371.638186,4.806807E-16
4377.164433,4.630966E-16
4382.690679,4.543518E-16
4388.216925,4.592032E-16
4393.743171,4.628352E-16
4399.269417,4.521673E-16
4404.795663,4.367109E-16
4410.321909,4.255288E-16
4415.848155,4.386481E-16
4421.374401,4.541948E-16
4426.900647,4.441243E-16
4432.426893,4.501339E-16
4437.953139,4.494026E-16
4443.479385,4.624624E-16
4449.005631,4.684155E-16
4454.531878,4.768795E-16
4460.058124,4.923156E-16
4465.58437,4.868009E-16
4471.110616,4.830945E-16
4476.636862,4.821395E-16
4482.163108,4.660645E-16
4487.689354,4.307612E-16
4493.2156,4.068932E-16
4498.741846,4.03334e-16
4504.268092,3.923961E-16
4509.794338,3.487424E-16
4515.320584,3.251998E-16
4520.84683,3.1608e-16
4526.373076,3.398072E-16
4531.899323,3.608273E-16
4537.425569,3.84539e-16
4542.951815,4.1203e-16
4548.478061,4.215962E-16
4554.004307,4.283888E-16
4559.530553,4.205169E-16
4565.056799,4.196474E-16
4570.583045,4.041634E-16
4576.109291,4.056547E-16
4581.635537,4.087672E-16
4587.161783,4.089369E-16
4592.688029,4.272224E-16
4598.214275,4.340962E-16
4603.740521,4.319618E-16
4609.266768,4.541822E-16
4614.793014,4.535635E-16
4620.31926,4.69535e-16
4625.845506,4.746448E-16
4631.371752,4.976266E-16
4636.897998,5.034399E-16
4642.424244,5.128942E-16
4647.95049,5.284519E-16
4653.476736,5.381412E-16
4659.002982,5.362567E-16
4664.529228,5.445667E-16
4670.055474,5.50486e-16
4675.58172,5.512466E-16
4681.107966,5.602191E-16
4686.634212,5.655323E-16
4692.160459,5.637722E-16
4697.686705,5.698793E-16
4703.212951,6.000799E-16
4708.739197,6.26107e-16
4714.265443,6.492314E-16
4719.791689,6.709002E-16
4725.317935,6.702239E-16
4730.844181,6.694775E-16
4736.370427,6.643549E-16
4741.896673,6.511816E-16
4747.422919,6.321375E-16
4752.949165,6.046864E-16
4758.475411,5.89182e-16
4764.001657,5.670725E-16
4769.527904,5.542291E-16
4775.05415,5.722511E-16
4780.580396,5.830603E-16
4786.106642,5.909854E-16
4791.632888,6.025819E-16
4797.159134,6.285496E-16
4802.68538,6.388269E-16
4808.211626,6.257189E-16
4813.737872,6.226673E-16
4819.264118,6.174743E-16
4824.790364,6.001542E-16
4830.31661,5.777644E-16
4835.842856,5.590721E-16
4841.369102,5.474371E-16
4846.895349,5.288788E-16
4852.421595,5.005768E-16
4857.947841,4.894847E-16
4863.474087,4.908488E-16
4869.000333,4.882793E-16
4874.526579,4.783529E-16
4880.052825,4.822284E-16
4885.579071,4.925845E-16
4891.105317,4.953138E-16
4896.631563,5.00782e-16
4902.157809,4.968934E-16
4907.684055,4.94496e-16
4913.210301,4.978348E-16
4918.736547,5.050981E-16
4924.262794,5.065478E-16
4929.78904,4.92708e-16
4935.315286,4.684902E-16
4940.841532,4.502402E-16
4946.367778,4.378603E-16
4951.894024,4.326431E-16
4957.42027,4.392839E-16
4962.946516,4.269746E-16
4968.472762,4.242085E-16
4973.999008,4.408926E-16
4979.525254,4.745123E-16
4985.0515,5.164675E-16
4990.577746,5.438792E-16
4996.103992,5.844711E-16
5001.630239,6.087384E-16
5007.156485,6.202426E-16
5012.682731,6.186068E-16
5018.208977,5.933604E-16
5023.735223,5.623626E-16
5029.261469,5.22854e-16
5034.787715,4.798177E-16
5040.313961,4.574584E-16
5045.840207,4.277524E-16
5051.366453,4.049275E-16
5056.892699,4.108814E-16
5062.418945,4.054005E-16
5067.945191,3.985327E-16
5073.471437,4.185915E-16
5078.997684,4.479185E-16
5084.52393,4.921229E-16
5090.050176,5.431427E-16
5095.576422,5.882928E-16
5101.102668,6.192014E-16
5106.628914,6.446961E-16
5112.15516,6.576263E-16
5117.681406,6.581967E-16
5123.207652,6.475429E-16
5128.733898,6.349743E-16
5134.260144,6.141806E-16
5139.78639,5.977092E-16
5145.312636,5.873081E-16
5150.838882,5.675588E-16
5156.365129,5.514413E-16
5161.891375,5.360266E-16
5167.417621,5.161418E-16
5172.943867,4.852876E-16
5178.470113,4.764013E-16
5183.996359,4.641088E-16
5189.522605,4.303698E-16
5195.048851,4.092666E-16
5200.575097,4.15278e-16
5206.101343,4.225218E-16
5211.627589,4.26219e-16
5217.153835,4.305766E-16
5222.680081,4.41606e-16
5228.206327,4.446952E-16
5233.732574,4.546272E-16
5239.25882,4.751638E-16
5244.785066,4.821991E-16
5250.311312,4.955267E-16
5255.837558,5.17919e-16
5261.363804,5.333797E-16
5266.89005,5.353576E-16
5272.416296,5.223131E-16
5277.942542,5.184367E-16
5283.468788,5.150887E-16
5288.995034,5.122779E-16
5294.52128,5.103513E-16
5300.047526,4.998657E-16
5305.573772,4.923819E-16
5311.100019,4.827778E-16
5316.626265,4.700497E-16
5322.152511,4.799951E-16
5327.678757,5.071899E-16
5333.205003,4.95321e-16
5338.731249,4.838e-16
5344.257495,4.812458E-16
5349.783741,4.777739E-16
5355.309987,4.983779E-16
5360.836233,5.125091E-16
5366.362479,5.079414E-16
5371.888725,5.195304E-16
5377.414971,5.336956E-16
5382.941217,5.538542E-16
5388.467463,5.625979E-16
5393.99371,5.745001E-16
5399.519956,5.856156E-16
5405.046202,5.943349E-16
5410.572448,6.046141E-16
5416.098694,6.144655E-16
5421.62494,6.131863E-16
5427.151186,6.147785E-16
5432.677432,6.102661E-16
5438.203678,6.015261E-16
5443.729924,6.121225E-16
5449.25617,5.807636E-16
5454.782416,5.851359E-16
5460.308662,5.846596E-16
5465.834908,5.756363E-16
5471.361155,5.80195e-16
5476.887401,5.943835E-16
5482.413647,5.965497E-16
5487.939893,5.935836E-16
5493.466139,5.949875E-16
5498.992385,6.050423E-16
5504.518631,6.078664E-16
5510.044877,6.067034E-16
5515.571123,5.93783e-16
5521.097369,5.839792E-16
5526.623615,5.839213E-16
5532.149861,5.600551E-16
5537.676107,5.425133E-16
5543.202353,5.527905E-16
5548.7286,5.474201E-16
5554.254846,5.332298E-16
5559.781092,5.248971E-16
5565.307338,5.272306E-16
5570.833584,5.352712E-16
5576.35983,5.275685E-16
5581.886076,5.373681E-16
5587.412322,5.47174e-16
5592.938568,5.409213E-16
5598.464814,5.642106E-16
5603.99106,5.838517E-16
5609.517306,5.83189e-16
5615.043552,5.893333E-16
5620.569798,5.970529E-16
5626.096045,6.077332E-16
5631.622291,6.048242E-16
5637.148537,5.99104e-16
5642.674783,5.870961E-16
5648.201029,5.735248E-16
5653.727275,5.601752E-16
5659.253521,5.461231E-16
5664.779767,5.363356E-16
5670.306013,5.127059E-16
5675.832259,5.130332E-16
5681.358505,4.885103E-16
5686.884751,4.79076e-16
5692.410997,4.799195E-16
5697.937243,4.703035E-16
5703.46349,4.69992e-16
5708.989736,4.79586e-16
5714.515982,4.76654e-16
5720.042228,4.784587E-16
5725.568474,4.778779E-16
5731.09472,4.866229E-16
5736.620966,4.999859E-16
5742.147212,4.948656E-16
5747.673458,4.92331e-16
5753.199704,4.977826E-16
5758.72595,4.913089E-16
5764.252196,4.85649e-16
5769.778442,4.793753E-16
5775.304688,4.763871E-16
5780.830935,4.715663E-16
5786.357181,4.630068E-16
5791.883427,4.585796E-16
5797.409673,4.487701E-16
5802.935919,4.345997E-16
5808.462165,4.403696E-16
5813.988411,4.422526E-16
5819.514657,4.352662E-16
5825.040903,4.305485E-16
5830.567149,4.280347E-16
5836.093395,4.271948E-16
5841.619641,4.248784E-16
5847.145887,4.084884E-16
5852.672133,3.966599E-16
5858.19838,3.968264E-16
5863.724626,3.865331E-16
5869.250872,3.721306E-16
5874.777118,3.708928E-16
5880.303364,3.486553E-16
5885.82961,3.496889E-16
5891.355856,3.580671E-16
5896.882102,3.435347E-16
5902.408348,3.411662E-16
5907.934594,3.532629E-16
5913.46084,3.479606E-16
5918.987086,3.321865E-16
5924.513332,3.249007E-16
5930.039578,3.275151E-16
5935.565825,3.436764E-16
5941.092071,3.700496E-16
5946.618317,4.099929E-16
5952.144563,4.573398E-16
5957.670809,5.132182E-16
5963.197055,5.760785E-16
5968.723301,6.223439E-16
5974.249547,6.369296E-16
5979.775793,6.503982E-16
5985.302039,6.511196E-16
5990.828285,6.299924E-16
5996.354531,6.196867E-16
6001.880777,6.129415E-16
6007.407023,5.923327E-16
6012.93327,5.798526E-16
6018.459516,5.700683E-16
6023.985762,5.554521E-16
6029.512008,5.491405E-16
6035.038254,5.371959E-16
6040.5645,5.14157e-16
6046.090746,5.103089E-16
6051.616992,5.159814E-16
6057.143238,5.204034E-16
6062.669484,5.178451E-16
6068.19573,5.05287e-16
6073.721976,5.078816E-16
6079.248222,5.014046E-16
6084.774468,4.996798E-16
6090.300714,4.963038E-16
6095.826961,4.914194E-16
6101.353207,4.871811E-16
6106.879453,4.871335E-16
6112.405699,4.645139E-16
6117.931945,4.625116E-16
6123.458191,4.59621e-16
6128.984437,4.491154E-16
6134.510683,4.530553E-16
6140.036929,4.474517E-16
6145.563175,4.404958E-16
6151.089421,4.410756E-16
6156.615667,4.295789E-16
6162.141913,4.203774E-16
6167.668159,4.281852E-16
6173.194406,4.205677E-16
6178.720652,4.224845E-16
6184.246898,4.280388E-16
6189.773144,4.36744e-16
6195.29939,4.418743E-16
6200.825636,4.463614E-16
6206.351882,4.519385E-16
6211.878128,4.591644E-16
6217.404374,4.530759E-16
6222.93062,4.638254E-16
6228.456866,4.767344E-16
6233.983112,4.881366E-16
6239.509358,4.922331E-16
6245.035604,4.934356E-16
6250.561851,4.989312E-16
6256.088097,4.821639E-16
6261.614343,4.633666E-16
6267.140589,4.475372E-16
6272.666835,4.388278E-16
6278.193081,4.371449E-16
6283.719327,4.305069E-16
6289.245573,4.170064E-16
6294.771819,4.157879E-16
6300.298065,4.271539E-16
6305.824311,4.496008E-16
6311.350557,4.616001E-16
6316.876803,4.813301E-16
6322.403049,4.92114e-16
6327.929296,4.91239e-16
6333.455542,4.952861E-16
6338.981788,4.868466E-16
6344.508034,4.891163E-16
6350.03428,4.821769E-16
6355.560526,4.73289e-16
6361.086772,4.578638E-16
6366.613018,4.502119E-16
6372.139264,4.187674E-16
6377.66551,3.976757E-16
6383.191756,3.92416e-16
6388.718002,3.747073E-16
6394.244248,3.596583E-16
6399.770494,3.384155E-16
6405.296741,3.389498E-16
6410.822987,3.475934E-16
6416.349233,3.395507E-16
6421.875479,3.501618E-16
6427.401725,3.633361E-16
6432.927971,3.804947E-16
6438.454217,3.965612E-16
6443.980463,4.087955E-16
6449.506709,4.101468E-16
6455.032955,4.211938E-16
6460.559201,4.354491E-16
6466.085447,4.285772E-16
6471.611693,4.345428E-16
6477.137939,4.344359E-16
6482.664186,4.398654E-16
6488.190432,4.383766E-16
6493.716678,4.364595E-16
6499.242924,4.405078E-16
6504.76917,4.385075E-16
6510.295416,4.285292E-16
6515.821662,4.481901E-16
6521.347908,4.707886E-16
6526.874154,4.814448E-16
6532.4004,4.772888E-16
6537.926646,4.699813E-16
6543.452892,4.779754E-16
6548.979138,4.830599E-16
6554.505384,4.903023E-16
6560.031631,4.880073E-16
6565.557877,4.94191e-16
6571.084123,4.930001E-16
6576.610369,4.880426E-16
6582.136615,4.824225E-16
6587.662861,4.703135E-16
6593.189107,4.587377E-16
6598.715353,4.599514E-16
6604.241599,4.566961E-16
6609.767845,4.435837E-16
6615.294091,4.309986E-16
6620.820337,4.231569E-16
6626.346583,4.115377E-16
6631.872829,3.831688E-16
6637.399076,3.749811E-16
6642.925322,3.887629E-16
6648.451568,4.029757E-16
6653.977814,4.125469E-16
6659.50406,4.029826E-16
6665.030306,3.755368E-16
6670.556552,3.556455E-16
6676.082798,3.500265E-16
6681.609044,3.499924E-16
6687.13529,3.506847E-16
6692.661536,3.553697E-16
6698.187782,3.654446E-16
6703.714028,3.691996E-16
6709.240274,3.654152E-16
6714.766521,3.580715E-16
6720.292767,3.481428E-16
6725.819013,3.359176E-16
6731.345259,3.241376E-16
6736.871505,3.213479E-16
6742.397751,3.078422E-16
6747.923997,2.972211E-16
6753.450243,3.010711E-16
6758.976489,3.152101E-16
6764.502735,3.579234E-16
6770.028981,4.124258E-16
6775.555227,4.517332E-16
6781.081473,4.757298E-16
6786.607719,5.037449E-16
6792.133965,5.127118E-16
6797.660212,5.129468E-16
6803.186458,5.100958E-16
6808.712704,5.016484E-16
6814.23895,4.775486E-16
6819.765196,4.469519E-16
6825.291442,4.193414E-16
6830.817688,3.994741E-16
6836.343934,3.783589E-16
6841.87018,3.65263e-16
6847.396426,3.560191E-16
6852.922672,3.340907E-16
6858.448918,3.235606E-16
6863.975164,3.107902E-16
6869.50141,3.163593E-16
6875.027657,3.367083E-16
6880.553903,3.521814E-16
6886.080149,3.451003E-16
6891.606395,3.346046E-16
6897.132641,3.37064e-16
6902.658887,3.440592E-16
6908.185133,3.487883E-16
6913.711379,3.510808E-16
6919.237625,3.502443E-16
6924.763871,3.456287E-16
6930.290117,3.312247E-16
6935.816363,3.404692E-16
6941.342609,3.613621E-16
6946.868855,3.531092E-16
6952.395102,3.39507e-16
6957.921348,3.409563E-16
6963.447594,3.473492E-16
6968.97384,3.379379E-16
6974.500086,3.278145E-16
6980.026332,3.328641E-16
6985.552578,3.372837E-16
6991.078824,3.407273E-16
6996.60507,3.269964E-16
7002.131316,3.192689E-16
7007.657562,3.142306E-16
7013.183808,3.174168E-16
7018.710054,3.278774E-16
7024.2363,3.284698E-16
7029.762547,3.225815E-16
7035.288793,3.181445E-16
7040.815039,3.144141E-16
7046.341285,3.079554E-16
7051.867531,3.057878E-16
7057.393777,3.027527E-16
7062.920023,2.937721E-16
7068.446269,2.956124E-16
7073.972515,2.938147E-16
7079.498761,2.994953E-16
7085.025007,3.002166E-16
7090.551253,2.944776E-16
7096.077499,2.979831E-16
7101.603745,3.044017E-16
7107.129992,3.023954E-16
7112.656238,2.9879e-16
7118.182484,2.979369E-16
7123.70873,3.051107E-16
7129.234976,3.072083E-16
7134.761222,3.044566E-16
7140.287468,3.056395E-16
7145.813714,3.051555E-16
7151.33996,3.148057E-16
7156.866206,3.395427E-16
7162.392452,3.720833E-16
7167.918698,4.039891E-16
7173.444944,4.241259E-16
7178.97119,4.386258E-16
7184.497437,4.56394e-16
7190.023683,4.60185e-16
7195.549929,4.571853E-16
7201.076175,4.494532E-16
7206.602421,4.418377E-16
7212.128667,4.376951E-16
7217.654913,4.276497E-16
7223.181159,4.025263E-16
7228.707405,3.712652E-16
7234.233651,3.621753E-16
7239.759897,3.638149E-16
7245.286143,3.616038E-16
7250.812389,3.493098E-16
7256.338635,3.339214E-16
7261.864882,3.290312E-16
7267.391128,3.325172E-16
7272.917374,3.33683e-16
7278.44362,3.36351e-16
7283.969866,3.422881E-16
7289.496112,3.409002E-16
7295.022358,3.267445E-16
7300.548604,3.255475E-16
7306.07485,3.235562E-16
7311.601096,3.272611E-16
7317.127342,3.383743E-16
7322.653588,3.372037E-16
7328.179834,3.301581E-16
7333.70608,3.260738E-16
7339.232327,3.239037E-16
7344.758573,3.28799e-16
7350.284819,3.233077E-16
7355.811065,3.125174E-16
7361.337311,3.059924E-16
7366.863557,3.143731E-16
7372.389803,3.19977e-16
7377.916049,3.30078e-16
7383.442295,3.492847E-16
7388.968541,3.71141e-16
7394.494787,3.821363E-16
7400.021033,3.873437E-16
7405.547279,3.934878E-16
7411.073525,4.027487E-16
7416.599771,4.116728E-16
7422.126018,4.042364E-16
7427.652264,3.978846E-16
7433.17851,3.958256E-16
7438.704756,3.799572E-16
7444.231002,3.793447E-16
7449.757248,3.789074E-16
7455.283494,3.756017E-16
7460.80974,3.665018E-16
7466.335986,3.563704E-16
7471.862232,3.500801E-16
7477.388478,3.425697E-16
7482.914724,3.389282E-16
7488.44097,3.321285E-16
7493.967216,3.132215E-16
7499.493463,3.181787E-16
7505.019709,3.337498E-16
7510.545955,3.224576E-16
7516.072201,3.141512E-16
7521.598447,3.150499E-16
7527.124693,3.223603E-16
7532.650939,3.371627E-16
7538.177185,3.461112E-16
7543.703431,3.42132e-16
7549.229677,3.36178e-16
7554.755923,3.462891E-16
7560.282169,3.421377E-16
7565.808415,3.388681E-16
7571.334661,3.549004E-16
7576.860908,3.474127E-16
7582.387154,3.076547E-16
7587.9134,2.622004E-16
7593.439646,2.072893E-16
7598.965892,1.86041e-16
7604.492138,2.389944E-16
7610.018384,2.882552E-16
7615.54463,3.026906E-16
7621.070876,2.919848E-16
7626.597122,2.850287E-16
7632.123368,2.939961E-16
7637.649614,3.092134E-16
7643.17586,3.284476E-16
7648.702106,3.444132E-16
7654.228353,3.504391E-16
7659.754599,3.470401E-16
7665.280845,3.340493E-16
7670.807091,3.324117E-16
7676.333337,3.297267E-16
7681.859583,3.258062E-16
7687.385829,3.100046E-16
7692.912075,3.03502e-16
7698.438321,2.858308E-16
7703.964567,2.822334E-16
7709.490813,2.855809E-16
7715.017059,2.809907E-16
7720.543305,2.803079E-16
7726.069551,2.832648E-16
7731.595798,2.721905E-16
7737.122044,2.63127e-16
7742.64829,2.628987E-16
7748.174536,2.653326E-16
7753.700782,2.480198E-16
7759.227028,2.530674E-16
7764.753274,2.613672E-16
7770.27952,2.586172E-16
7775.805766,2.546957E-16
7781.332012,2.543708E-16
7786.858258,2.561529E-16
7792.384504,2.534675E-16
7797.91075,2.407013E-16
7803.436996,2.272804E-16
7808.963243,2.215852E-16
7814.489489,2.188435E-16
7820.015735,2.031344E-16
7825.541981,2.114747E-16
7831.068227,2.307827E-16
7836.594473,2.155381E-16
7842.120719,1.971232E-16
7847.646965,2.081333E-16
7853.173211,2.203366E-16
7858.699457,2.361204E-16
7864.225703,2.653887E-16
7869.751949,2.906926E-16
7875.278195,3.035969E-16
7880.804441,3.07786e-16
7886.330688,3.197053E-16
7891.856934,3.386912E-16
7897.38318,3.415148E-16
7902.909426,3.296787E-16
7908.435672,3.214094E-16
7913.961918,3.191704E-16
7919.488164,3.247037E-16
7925.01441,3.397641E-16
7930.540656,3.427222E-16
7936.066902,3.381454E-16
7941.593148,3.41159e-16
7947.119394,3.401719E-16
7952.64564,3.458197E-16
7958.171886,3.421902E-16
7963.698133,3.465258E-16
7969.224379,3.510941E-16
7974.750625,3.431361E-16
7980.276871,3.413109E-16
7985.803117,3.414944E-16
7991.329363,3.571871E-16
7996.855609,3.771074E-16
8002.381855,3.708594E-16
8007.908101,3.675211E-16
8013.434347,3.652489E-16
8018.960593,3.617289E-16
8024.486839,3.607797E-16
8030.013085,3.613542E-16
8035.539331,3.6298e-16
8041.065578,3.637369E-16
8046.591824,3.514769E-16
8052.11807,3.42759e-16
8057.644316,3.38248e-16
8063.170562,3.376743E-16
8068.696808,3.272024E-16
8074.223054,3.209043E-16
8079.7493,3.22998e-16
8085.275546,3.163779E-16
8090.801792,3.13337e-16
8096.328038,3.127975E-16
8101.854284,3.083604E-16
8107.38053,2.96212e-16
8112.906776,3.032596E-16
8118.433022,2.917624E-16
8123.959269,2.764965E-16
8129.485515,2.734192E-16
8135.011761,2.733122E-16
8140.538007,2.623492E-16
8146.064253,2.537784E-16
8151.590499,2.616006E-16
8157.116745,2.670938E-16
8162.642991,2.678119E-16
8168.169237,2.627294E-16
8173.695483,2.578725E-16
8179.221729,2.651924E-16
8184.747975,2.673346E-16
8190.274221,2.712364E-16
8195.800467,2.740788E-16
8201.326714,2.680416E-16
8206.85296,2.758281E-16
8212.379206,2.77639e-16
8217.905452,2.63365e-16
8223.431698,2.541574E-16
8228.957944,2.577254E-16
8234.48419,2.550031E-16
8240.010436,2.566603E-16
8245.536682,2.514215E-16
8251.062928,2.532618E-16
8256.589174,2.53911e-16
8262.11542,2.51431e-16
8267.641666,2.239983E-16
8273.167912,2.139628E-16
8278.694159,2.408671E-16
8284.220405,2.574353E-16
8289.746651,2.618088E-16
8295.272897,2.724835E-16
8300.799143,2.802713E-16
8306.325389,2.741568E-16
8311.851635,2.739725E-16
8317.377881,2.940874E-16
8322.904127,3.098689E-16
8328.430373,3.11239e-16
8333.956619,2.931073E-16
8339.482865,2.76052e-16
8345.009111,2.693012E-16
8350.535357,2.722316E-16
8356.061604,2.871939E-16
8361.58785,3.039374E-16
8367.114096,3.290931E-16
8372.640342,3.368524E-16
8378.166588,3.207033E-16
8383.692834,3.02786e-16
8389.21908,2.852633E-16
8394.745326,3.029673E-16
8400.271572,3.162287E-16
8405.797818,3.259498E-16
8411.324064,3.037129E-16
8416.85031,2.741569E-16
8422.376556,2.712551E-16
8427.902802,2.791759E-16
8433.429049,2.888682E-16
8438.955295,3.10144e-16
8444.481541,3.193038E-16
8450.007787,3.085752E-16
8455.534033,2.92807e-16
8461.060279,2.930624E-16
8466.586525,2.838393E-16
8472.112771,2.897901E-16
8477.639017,2.797586E-16
8483.165263,2.51688e-16
8488.691509,2.501317E-16
8494.217755,2.483798E-16
8499.744001,2.447654E-16
8505.270247,2.319425E-16
8510.796494,2.329665E-16
8516.32274,2.589568E-16
8521.848986,2.542481E-16
8527.375232,2.303343E-16
8532.901478,2.298505E-16
8538.427724,2.506194E-16
8543.95397,2.481314E-16
8549.480216,2.636594E-16
8555.006462,2.526847E-16
8560.532708,2.410013E-16
8566.058954,2.349178E-16
8571.5852,2.227971E-16
8577.111446,2.380004E-16
8582.637692,2.519696E-16
8588.163939,2.585173E-16
8593.690185,2.644211E-16
8599.216431,2.626367E-16
8604.742677,2.425852E-16
8610.268923,2.409514E-16
8615.795169,2.507406E-16
8621.321415,2.787157E-16
8626.847661,3.15743e-16
8632.373907,3.175176E-16
8637.900153,2.950881E-16
8643.426399,2.836956E-16
8648.952645,2.988557E-16
8654.478891,3.142399E-16
8660.005137,3.081282E-16
8665.531384,3.152421E-16
8671.05763,3.432852E-16
8676.583876,3.42725e-16
8682.110122,3.289952E-16
8687.636368,3.036521E-16
8693.162614,2.960063E-16
8698.68886,3.135877E-16
8704.215106,3.255084E-16
8709.741352,2.962191E-16
8715.267598,2.681391E-16
8720.793844,2.509192E-16
8726.32009,2.483554E-16
8731.846336,2.542458E-16
8737.372582,2.614829E-16
8742.898829,2.759867E-16
8748.425075,3.078228E-16
8753.951321,3.121166E-16
8759.477567,2.664349E-16
8765.003813,2.434536E-16
8770.530059,2.678274E-16
8776.056305,2.781578E-16
8781.582551,2.764616E-16
8787.108797,3.047914E-16
8792.635043,3.278668E-16
8798.161289,3.294686E-16
8803.687535,3.203895E-16
8809.213781,3.055101E-16
8814.740027,3.330228E-16
8820.266273,3.741944E-16
8825.79252,3.465194E-16
8831.318766,3.669695E-16
8836.845012,4.306768E-16
8842.371258,3.879279E-16
8847.897504,4.216889E-16
8853.42375,4.423084E-16
8858.949996,4.276122E-16
8864.476242,4.224683E-16
8870.002488,4.022051E-16
8875.528734,3.904697E-16
8881.05498,3.857033E-16
8886.581226,3.224198E-16
8892.107472,3.879256E-16
8897.633718,3.478861E-16
8903.159965,3.520255E-16
8908.686211,3.709426E-16
8914.212457,3.822768E-16
8919.738703,3.436048E-16
8925.264949,3.066325E-16
8930.791195,3.030061E-16
8936.317441,3.101328E-16
8941.843687,3.011684E-16
8947.369933,2.784166E-16
8952.896179,2.973421E-16
8958.422425,3.250949E-16
8963.948671,3.085465E-16
8969.474917,3.08793e-16
8975.001163,3.135937E-16
8980.52741,2.850827E-16
8986.053656,2.92569e-16
8991.579902,3.142472E-16
8997.106148,3.167912E-16
9002.632394,3.307259E-16
9008.15864,3.342341E-16
9013.684886,2.830223E-16
9019.211132,2.768115E-16
9024.737378,2.794816E-16
9030.263624,3.001734E-16
9035.78987,2.991765E-16
9041.316116,2.685258E-16
9046.842362,2.80179e-16
9052.368608,2.716101E-16
9057.894855,2.576362E-16
9063.421101,2.410006E-16
9068.947347,2.349794E-16
9074.473593,2.43988e-16
9079.999839,2.361762E-16
