wavelength,flux
3015.5,0.
3206.672472,-3.379105E-16
3209.613587,-3.519143E-16
3212.554702,1.180206E-15
3215.495817,1.498019E-15
3218.436932,1.841416E-16
3221.378047,-8.090793E-16
3224.319162,1.00146e-15
3227.260277,1.664064E-15
3230.201392,9.968173E-16
3233.142507,7.295696E-16
3236.083622,2.984851E-16
3239.024737,-5.105462E-16
3241.965852,8.309143E-16
3244.906966,1.854412E-15
3247.848081,-4.604942E-16
3250.789196,-3.570447E-16
3253.730311,-8.4726e-17
3256.671426,3.918377E-17
3259.612541,1.354629E-15
3262.553656,1.392158E-15
3265.494771,6.834425E-16
3268.435886,-1.286895E-16
3271.377001,9.401073E-16
3274.318116,1.079919E-15
3277.259231,7.231302E-16
3280.200346,4.510435E-16
3283.141461,1.355473E-16
3286.082576,1.743738E-15
3289.023691,1.396024E-15
3291.964806,1.202245E-15
3294.905921,1.1921e-15
3297.847036,1.725178E-15
3300.788151,3.839336E-16
3303.729266,1.024011E-15
3306.670381,5.362864E-16
3309.611495,7.91935e-16
3312.55261,7.311835E-16
3315.493725,1.024708E-15
3318.43484,1.165555E-15
3321.375955,1.002316E-15
3324.31707,8.284376E-16
3327.258185,1.255622E-15
3330.1993,1.576898E-15
3333.140415,1.309595E-15
3336.08153,7.620183E-16
3339.022645,1.374326E-15
3341.96376,1.756467E-15
3344.904875,1.613586E-15
3347.84599,9.70738e-16
3350.787105,1.161459E-15
3353.72822,9.244692E-16
3356.669335,1.691743E-15
3359.61045,1.332342E-15
3362.551565,9.038172E-16
3365.49268,1.596415E-15
3368.433795,1.208455E-15
3371.37491,1.245191E-15
3374.316024,1.171271E-15
3377.257139,9.320008E-16
3380.198254,1.087952E-15
3383.139369,1.128688E-15
3386.080484,1.668244E-15
3389.021599,1.291454E-15
3391.962714,1.232725E-15
3394.903829,1.241804E-15
3397.844944,1.096957E-15
3400.786059,1.084701E-15
3403.727174,9.750722E-16
3406.668289,1.273107E-15
3409.609404,1.09802e-15
3412.550519,1.398212E-15
3415.491634,1.13351e-15
3418.432749,1.345942E-15
3421.373864,1.183727E-15
3424.314979,1.211872E-15
3427.256094,1.237328E-15
3430.197209,1.336273E-15
3433.138324,1.253924E-15
3436.079439,1.318177E-15
3439.020554,1.612781E-15
3441.961668,1.216209E-15
3444.902783,1.509679E-15
3447.843898,1.117563E-15
3450.785013,1.436247E-15
3453.726128,1.382811E-15
3456.667243,1.178018E-15
3459.608358,1.375925E-15
3462.549473,1.685246E-15
3465.490588,1.323406E-15
3468.431703,1.303011E-15
3471.372818,1.348776E-15
3474.313933,1.340603E-15
3477.255048,1.39793e-15
3480.196163,1.33974e-15
3483.137278,1.585107E-15
3486.078393,1.471117E-15
3489.019508,1.325402E-15
3491.960623,1.246792E-15
3494.901738,1.393366E-15
3497.842853,1.644559E-15
3500.783968,1.382589E-15
3503.725083,1.41001e-15
3506.666197,1.392097E-15
3509.607312,1.33776e-15
3512.548427,1.43846e-15
3515.489542,1.363019E-15
3518.430657,1.279272E-15
3521.371772,1.285548E-15
3524.312887,1.466227E-15
3527.254002,1.256241E-15
3530.195117,1.227571E-15
3533.136232,1.323603E-15
3536.077347,1.270931E-15
3539.018462,1.373987E-15
3541.959577,1.286636E-15
3544.900692,1.360351E-15
3547.841807,1.319754E-15
3550.782922,1.406899E-15
3553.724037,1.413178E-15
3556.665152,1.278811E-15
3559.606267,1.207839E-15
3562.547382,1.350575E-15
3565.488497,1.348765E-15
3568.429612,1.353354E-15
3571.370726,1.420102E-15
3574.311841,1.313579E-15
3577.252956,1.398441E-15
3580.194071,1.365726E-15
3583.135186,1.430055E-15
3586.076301,1.175317E-15
3589.017416,1.305074E-15
3591.958531,1.282459E-15
3594.899646,1.390595E-15
3597.840761,1.283336E-15
3600.781876,1.294623E-15
3603.722991,1.171564E-15
3606.664106,1.06333e-15
3609.605221,1.08732e-15
3612.546336,1.196913E-15
3615.487451,1.207535E-15
3618.428566,1.282021E-15
3621.369681,1.182931E-15
3624.310796,1.184498E-15
3627.251911,1.138138E-15
3630.193026,1.124392E-15
3633.134141,1.163505E-15
3636.075255,1.162566E-15
3639.01637,1.217345E-15
3641.957485,1.185803E-15
3644.8986,1.131643E-15
3647.839715,1.122312E-15
3650.78083,1.234623E-15
3653.721945,1.251886E-15
3656.66306,1.228273E-15
3659.604175,1.216465E-15
3662.54529,1.283228E-15
3665.486405,1.245682E-15
3668.42752,1.428153E-15
3671.368635,1.384914E-15
3674.30975,1.301027E-15
3677.250865,1.350733E-15
3680.19198,1.380045E-15
3683.133095,1.429007E-15
3686.07421,1.329165E-15
3689.015325,1.392532E-15
3691.95644,1.374878E-15
3694.897555,1.315252E-15
3697.83867,1.407106E-15
3700.779784,1.346899E-15
3703.720899,1.297467E-15
3706.662014,1.251786E-15
3709.603129,1.268399E-15
3712.544244,1.330522E-15
3715.485359,1.327456E-15
3718.426474,1.352312E-15
3721.367589,1.311773E-15
3724.308704,1.288345E-15
3727.249819,1.254801E-15
3730.190934,1.255698E-15
3733.132049,1.323534E-15
3736.073164,1.316081E-15
3739.014279,1.257955E-15
3741.955394,1.231087E-15
3744.896509,1.218324E-15
3747.837624,1.249239E-15
3750.778739,1.242219E-15
3753.719854,1.234902E-15
3756.660969,1.197016E-15
3759.602084,1.144446E-15
3762.543199,1.177184E-15
3765.484313,1.275872E-15
3768.425428,1.283288E-15
3771.366543,1.31699e-15
3774.307658,1.346068E-15
3777.248773,1.264764E-15
3780.189888,1.340531E-15
3783.131003,1.3454e-15
3786.072118,1.245068E-15
3789.013233,1.275419E-15
3791.954348,1.228873E-15
3794.895463,1.256088E-15
3797.836578,1.232438E-15
3800.777693,1.221829E-15
3803.718808,1.209463E-15
3806.659923,1.284752E-15
3809.601038,1.250579E-15
3812.542153,1.261531E-15
3815.483268,1.279836E-15
3818.424383,1.315345E-15
3821.365498,1.304833E-15
3824.306613,1.300457E-15
3827.247728,1.407776E-15
3830.188842,1.355708E-15
3833.129957,1.325171E-15
3836.071072,1.271903E-15
3839.012187,1.292034E-15
3841.953302,1.296125E-15
3844.894417,1.302105E-15
3847.835532,1.20493e-15
3850.776647,1.267975E-15
3853.717762,1.313926E-15
3856.658877,1.242812E-15
3859.599992,1.238737E-15
3862.541107,1.220438E-15
3865.482222,1.120266E-15
3868.423337,1.166708E-15
3871.364452,1.150592E-15
3874.305567,1.142142E-15
3877.246682,1.252388E-15
3880.187797,1.210865E-15
3883.128912,1.231933E-15
3886.070027,1.247168E-15
3889.011142,1.278266E-15
3891.952257,1.278371E-15
3894.893372,1.317302E-15
3897.834486,1.291008E-15
3900.775601,1.303831E-15
3903.716716,1.270874E-15
3906.657831,1.259057E-15
3909.598946,1.242004E-15
3912.540061,1.200011E-15
3915.481176,1.217341E-15
3918.422291,1.286482E-15
3921.363406,1.230565E-15
3924.304521,1.248697E-15
3927.245636,1.212934E-15
3930.186751,1.167908E-15
3933.127866,1.119326E-15
3936.068981,1.058659E-15
3939.010096,1.041128E-15
3941.951211,1.122075E-15
3944.892326,1.209685E-15
3947.833441,1.154908E-15
3950.774556,1.235827E-15
3953.715671,1.228559E-15
3956.656786,1.265293E-15
3959.597901,1.363158E-15
3962.539015,1.309741E-15
3965.48013,1.223655E-15
3968.421245,1.241313E-15
3971.36236,1.246942E-15
3974.303475,1.217294E-15
3977.24459,1.197839E-15
3980.185705,1.167067E-15
3983.12682,1.194097E-15
3986.067935,1.196592E-15
3989.00905,1.210609E-15
3991.950165,1.244564E-15
3994.89128,1.175851E-15
3997.832395,1.149535E-15
4000.77351,1.199316E-15
4003.714625,1.111758E-15
4006.65574,1.142857E-15
4009.596855,1.125828E-15
4012.53797,1.152134E-15
4015.479085,1.144146E-15
4018.4202,1.143944E-15
4021.361315,1.162862E-15
4024.30243,1.175374E-15
4027.243544,1.20091e-15
4030.184659,1.196611E-15
4033.125774,1.219523E-15
4036.066889,1.205054E-15
4039.008004,1.19947e-15
4041.949119,1.201093E-15
4044.890234,1.185226E-15
4047.831349,1.238798E-15
4050.772464,1.210909E-15
4053.713579,1.205925E-15
4056.654694,1.209469E-15
4059.595809,1.17368e-15
4062.536924,1.148809E-15
4065.478039,1.136259E-15
4068.419154,1.125298E-15
4071.360269,1.09302e-15
4074.301384,1.126367E-15
4077.242499,1.082635E-15
4080.183614,1.071379E-15
4083.124729,1.088878E-15
4086.065844,1.126819E-15
4089.006959,1.204802E-15
4091.948073,1.234193E-15
4094.889188,1.295776E-15
4097.830303,1.294764E-15
4100.771418,1.275769E-15
4103.712533,1.251336E-15
4106.653648,1.235217E-15
4109.594763,1.297839E-15
4112.535878,1.235345E-15
4115.476993,1.239538E-15
4118.418108,1.224292E-15
4121.359223,1.25967e-15
4124.300338,1.239409E-15
4127.241453,1.274499E-15
4130.182568,1.233601E-15
4133.123683,1.170288E-15
4136.064798,1.225528E-15
4139.005913,1.188649E-15
4141.947028,1.223226E-15
4144.888143,1.207276E-15
4147.829258,1.235138E-15
4150.770373,1.227169E-15
4153.711488,1.186737E-15
4156.652602,1.224376E-15
4159.593717,1.171819E-15
4162.534832,1.13274e-15
4165.475947,1.173753E-15
4168.417062,1.152191E-15
4171.358177,1.181801E-15
4174.299292,1.169796E-15
4177.240407,1.121686E-15
4180.181522,1.133805E-15
4183.122637,1.141699E-15
4186.063752,1.167361E-15
4189.004867,1.20634e-15
4191.945982,1.17472e-15
4194.887097,1.237083E-15
4197.828212,1.20028e-15
4200.769327,1.220924E-15
4203.710442,1.213271E-15
4206.651557,1.236902E-15
4209.592672,1.276928E-15
4212.533787,1.28581e-15
4215.474902,1.251919E-15
4218.416017,1.284428E-15
4221.357131,1.324901E-15
4224.298246,1.297762E-15
4227.239361,1.274472E-15
4230.180476,1.29551e-15
4233.121591,1.289356E-15
4236.062706,1.267426E-15
4239.003821,1.273012E-15
4241.944936,1.342821E-15
4244.886051,1.262488E-15
4247.827166,1.225977E-15
4250.768281,1.287069E-15
4253.709396,1.267552E-15
4256.650511,1.272769E-15
4259.591626,1.290772E-15
4262.532741,1.223991E-15
4265.473856,1.185437E-15
4268.414971,1.168919E-15
4271.356086,1.209621E-15
4274.297201,1.190763E-15
4277.238316,1.190603E-15
4280.179431,1.221464E-15
4283.120546,1.194739E-15
4286.061661,1.166386E-15
4289.002775,1.120663E-15
4291.94389,1.119701E-15
4294.885005,1.166388E-15
4297.82612,1.134121E-15
4300.767235,1.134623E-15
4303.70835,1.148395E-15
4306.649465,1.111774E-15
4309.59058,1.115308E-15
4312.531695,1.105801E-15
4315.47281,1.139364E-15
4318.413925,1.151905E-15
4321.35504,1.178022E-15
4324.296155,1.208876E-15
4327.23727,1.162493E-15
4330.178385,1.181715E-15
4333.1195,1.217432E-15
4336.060615,1.167648E-15
4339.00173,1.225649E-15
4341.942845,1.188119E-15
4344.88396,1.164925E-15
4347.825075,1.185991E-15
4350.76619,1.161515E-15
4353.707304,1.168957E-15
4356.648419,1.164812E-15
4359.589534,1.137438E-15
4362.530649,1.125008E-15
4365.471764,1.121355E-15
4368.412879,1.114229E-15
4371.353994,1.111905E-15
4374.295109,1.122198E-15
4377.236224,1.117504E-15
4380.177339,1.151735E-15
4383.118454,1.130088E-15
4386.059569,1.104156E-15
4389.000684,1.108108E-15
4391.941799,1.090674E-15
4394.882914,1.122432E-15
4397.824029,1.075979E-15
4400.765144,1.086682E-15
4403.706259,1.117709E-15
4406.647374,1.113938E-15
4409.588489,1.165613E-15
4412.529604,1.151559E-15
4415.470719,1.117368E-15
4418.411833,1.090705E-15
4421.352948,1.062881E-15
4424.294063,1.120957E-15
4427.235178,1.089462E-15
4430.176293,1.095729E-15
4433.117408,1.075912E-15
4436.058523,1.088969E-15
4438.999638,1.070827E-15
4441.940753,1.032238E-15
4444.881868,1.037661E-15
4447.822983,1.040942E-15
4450.764098,1.056594E-15
4453.705213,1.084535E-15
4456.646328,1.095188E-15
4459.587443,1.098672E-15
4462.528558,1.159173E-15
4465.469673,1.158658E-15
4468.410788,1.103559E-15
4471.351903,1.115745E-15
4474.293018,1.119969E-15
4477.234133,1.097997E-15
4480.175248,1.085419E-15
4483.116362,1.051981E-15
4486.057477,1.055941E-15
4488.998592,1.062321E-15
4491.939707,1.068757E-15
4494.880822,1.057322E-15
4497.821937,1.049033E-15
4500.763052,1.049758E-15
4503.704167,1.038957E-15
4506.645282,1.041498E-15
4509.586397,1.050052E-15
4512.527512,1.038774E-15
4515.468627,1.036227E-15
4518.409742,1.005143E-15
4521.350857,9.443347E-16
4524.291972,8.992967E-16
4527.233087,8.987237E-16
4530.174202,9.036144E-16
4533.115317,8.947228E-16
4536.056432,9.678143E-16
4538.997547,9.713687E-16
4541.938662,1.041604E-15
4544.879777,1.114203E-15
4547.820891,1.144776E-15
4550.762006,1.203759E-15
4553.703121,1.216753E-15
4556.644236,1.188312E-15
4559.585351,1.202342E-15
4562.526466,1.190181E-15
4565.467581,1.168259E-15
4568.408696,1.136355E-15
4571.349811,1.104613E-15
4574.290926,1.132541E-15
4577.232041,1.106885E-15
4580.173156,1.09457e-15
4583.114271,1.083222E-15
4586.055386,1.094043E-15
4588.996501,1.087751E-15
4591.937616,1.084158E-15
4594.878731,1.068316E-15
4597.819846,1.048389E-15
4600.760961,1.058126E-15
4603.702076,1.056179E-15
4606.643191,1.074335E-15
4609.584306,1.09054e-15
4612.52542,1.065214E-15
4615.466535,1.0586e-15
4618.40765,1.064634E-15
4621.348765,1.069858E-15
4624.28988,1.052937E-15
4627.230995,1.053302E-15
4630.17211,1.06704e-15
4633.113225,1.085556E-15
4636.05434,1.064955E-15
4638.995455,1.103962E-15
4641.93657,1.091635E-15
4644.877685,1.060038E-15
4647.8188,1.09144e-15
4650.759915,1.07884e-15
4653.70103,1.040518E-15
4656.642145,1.064252E-15
4659.58326,1.086958E-15
4662.524375,1.058156E-15
4665.46549,1.039729E-15
4668.406605,1.029378E-15
4671.34772,1.009054E-15
4674.288835,9.7301e-16
4677.229949,1.003635E-15
4680.171064,1.021015E-15
4683.112179,1.002749E-15
4686.053294,9.883117E-16
4688.994409,9.927195E-16
4691.935524,1.006017E-15
4694.876639,1.01021e-15
4697.817754,1.006064E-15
4700.758869,9.700902E-16
4703.699984,9.878793E-16
4706.641099,1.012262E-15
4709.582214,1.027237E-15
4712.523329,1.017851E-15
4715.464444,1.004322E-15
4718.405559,1.034134E-15
4721.346674,1.044131E-15
4724.287789,1.015904E-15
4727.228904,1.038171E-15
4730.170019,1.026901E-15
4733.111134,1.040693E-15
4736.052249,1.016788E-15
4738.993364,1.042203E-15
4741.934479,1.037828E-15
4744.875593,1.060377E-15
4747.816708,1.042235E-15
4750.757823,1.059024E-15
4753.698938,1.012088E-15
4756.640053,9.838652E-16
4759.581168,1.019106E-15
4762.522283,9.782859E-16
4765.463398,9.62456e-16
4768.404513,9.97106e-16
4771.345628,9.755778E-16
4774.286743,9.627198E-16
4777.227858,9.791018E-16
4780.168973,9.898432E-16
4783.110088,9.945035E-16
4786.051203,9.763103E-16
4788.992318,1.002844E-15
4791.933433,1.022286E-15
4794.874548,1.011927E-15
4797.815663,1.033769E-15
4800.756778,1.04306e-15
4803.697893,1.008648E-15
4806.639008,1.005493E-15
4809.580122,1.027115E-15
4812.521237,1.025809E-15
4815.462352,9.976009E-16
4818.403467,9.747796E-16
4821.344582,9.914462E-16
4824.285697,1.023794E-15
4827.226812,1.007974E-15
4830.167927,9.935656E-16
4833.109042,9.732697E-16
4836.050157,9.739312E-16
4838.991272,9.676118E-16
4841.932387,9.494093E-16
4844.873502,9.575866E-16
4847.814617,9.462504E-16
4850.755732,9.474469E-16
4853.696847,9.62194e-16
4856.637962,9.570374E-16
4859.579077,9.637177E-16
4862.520192,9.616131E-16
4865.461307,9.482987E-16
4868.402422,9.485798E-16
4871.343537,9.698224E-16
4874.284651,9.792522E-16
4877.225766,9.670241E-16
4880.166881,9.537274E-16
4883.107996,9.409207E-16
4886.049111,9.695903E-16
4888.990226,9.697571E-16
4891.931341,9.506787E-16
4894.872456,9.521403E-16
4897.813571,9.717399E-16
4900.754686,9.682193E-16
4903.695801,9.627036E-16
4906.636916,9.596063E-16
4909.578031,9.623665E-16
4912.519146,9.518763E-16
4915.460261,9.341868E-16
4918.401376,9.356044E-16
4921.342491,9.496794E-16
4924.283606,9.471761E-16
4927.224721,9.163572E-16
4930.165836,9.199142E-16
4933.106951,9.301058E-16
4936.048066,9.270625E-16
4938.98918,9.121637E-16
4941.930295,9.187263E-16
4944.87141,9.166828E-16
4947.812525,9.219143E-16
4950.75364,9.216666E-16
4953.694755,9.272655E-16
4956.63587,9.383222E-16
4959.576985,9.093294E-16
4962.5181,9.245719E-16
4965.459215,9.044292E-16
4968.40033,9.010162E-16
4971.341445,8.90048e-16
4974.28256,8.879275E-16
4977.223675,8.950913E-16
4980.16479,8.590735E-16
4983.105905,8.551803E-16
4986.04702,8.258402E-16
4988.988135,8.317884E-16
4991.92925,8.481282E-16
4994.870365,8.711843E-16
4997.81148,8.92527e-16
5000.752595,9.309373E-16
5003.693709,9.449801E-16
5006.634824,9.612374E-16
5009.575939,9.724758E-16
5012.517054,9.637403E-16
5015.458169,9.87568e-16
5018.399284,9.935541E-16
5021.340399,9.714979E-16
5024.281514,9.64787e-16
5027.222629,9.537031E-16
5030.163744,9.432235E-16
5033.104859,9.412248E-16
5036.045974,9.402406E-16
5038.987089,9.330186E-16
5041.928204,9.13491e-16
5044.869319,9.074254E-16
5047.810434,9.035854E-16
5050.751549,8.920638E-16
5053.692664,8.897027E-16
5056.633779,8.779943E-16
5059.574894,8.873974E-16
5062.516009,8.501235E-16
5065.457124,8.695834E-16
5068.398238,8.531321E-16
5071.339353,8.424922E-16
5074.280468,8.457766E-16
5077.221583,8.09704e-16
5080.162698,7.819152E-16
5083.103813,8.029371E-16
5086.044928,8.184241E-16
5088.986043,8.507257E-16
5091.927158,8.668487E-16
5094.868273,8.803975E-16
5097.809388,9.067735E-16
5100.750503,9.232707E-16
5103.691618,9.648075E-16
5106.632733,9.535306E-16
5109.573848,9.452567E-16
5112.514963,9.422818E-16
5115.456078,9.326836E-16
5118.397193,9.470359E-16
5121.338308,9.404615E-16
5124.279423,9.437827E-16
5127.220538,9.48438e-16
5130.161653,9.231844E-16
5133.102768,9.144977E-16
5136.043882,9.377999E-16
5138.984997,9.402732E-16
5141.926112,9.253316E-16
5144.867227,9.143041E-16
5147.808342,9.087336E-16
5150.749457,9.114019E-16
5153.690572,8.942528E-16
5156.631687,9.028712E-16
5159.572802,8.910192E-16
5162.513917,8.994369E-16
5165.455032,9.070434E-16
5168.396147,8.912344E-16
5171.337262,9.036918E-16
5174.278377,9.09097e-16
5177.219492,8.993112E-16
5180.160607,8.943138E-16
5183.101722,8.978291E-16
5186.042837,8.776139E-16
5188.983952,8.783286E-16
5191.925067,8.904859E-16
5194.866182,8.748285E-16
5197.807297,8.724815E-16
5200.748411,8.721221E-16
5203.689526,8.716067E-16
5206.630641,8.770799E-16
5209.571756,8.654456E-16
5212.512871,8.904729E-16
5215.453986,8.991058E-16
5218.395101,8.880566E-16
5221.336216,8.770836E-16
5224.277331,8.738264E-16
5227.218446,8.670825E-16
5230.159561,8.687186E-16
5233.100676,8.924376E-16
5236.041791,8.958088E-16
5238.982906,8.98289e-16
5241.924021,8.971472E-16
5244.865136,8.939632E-16
5247.806251,9.070685E-16
5250.747366,8.938975E-16
5253.688481,9.01859e-16
5256.629596,8.863026E-16
5259.570711,8.867174E-16
5262.511826,8.880748E-16
5265.45294,8.974165E-16
5268.394055,9.018776E-16
5271.33517,8.925903E-16
5274.276285,8.919945E-16
5277.2174,8.794141E-16
5280.158515,8.950154E-16
5283.09963,8.844649E-16
5286.040745,8.819629E-16
5288.98186,8.742309E-16
5291.922975,8.733184E-16
5294.86409,8.830752E-16
5297.805205,8.796442E-16
5300.74632,8.530954E-16
5303.687435,8.657897E-16
5306.62855,8.708243E-16
5309.569665,8.606841E-16
5312.51078,8.758664E-16
5315.451895,8.688757E-16
5318.39301,8.708772E-16
5321.334125,8.726104E-16
5324.27524,8.726941E-16
5327.216355,8.916804E-16
5330.157469,8.66897e-16
5333.098584,8.524663E-16
5336.039699,8.399077E-16
5338.980814,8.576865E-16
5341.921929,8.726344E-16
5344.863044,8.45678e-16
5347.804159,8.583786E-16
5350.745274,8.535839E-16
5353.686389,8.597955E-16
5356.627504,8.79095e-16
5359.568619,8.625046E-16
5362.509734,8.497733E-16
5365.450849,8.695618E-16
5368.391964,8.529199E-16
5371.333079,8.496082E-16
5374.274194,8.567386E-16
5377.215309,8.569896E-16
5380.156424,8.563709E-16
5383.097539,8.558007E-16
5386.038654,8.497353E-16
5388.979769,8.332884E-16
5391.920884,8.561842E-16
5394.861998,8.74295e-16
5397.803113,8.588596E-16
5400.744228,8.709502E-16
5403.685343,8.506207E-16
5406.626458,8.622876E-16
5409.567573,8.815086E-16
5412.508688,8.482422E-16
5415.449803,8.251017E-16
5418.390918,8.269117E-16
5421.332033,8.391967E-16
5424.273148,8.443041E-16
5427.214263,8.459287E-16
5430.155378,8.336588E-16
5433.096493,8.241031E-16
5436.037608,8.305148E-16
5438.978723,8.274508E-16
5441.919838,8.336753E-16
5444.860953,8.419718E-16
5447.802068,8.354189E-16
5450.743183,8.156883E-16
5453.684298,8.05816e-16
5456.625413,8.251221E-16
5459.566527,8.257556E-16
5462.507642,8.077788E-16
5465.448757,7.921784E-16
5468.389872,7.796191E-16
5471.330987,7.976384E-16
5474.272102,8.06737e-16
5477.213217,7.788188E-16
5480.154332,7.654611E-16
5483.095447,7.843414E-16
5486.036562,7.81787e-16
5488.977677,7.687979E-16
5491.918792,7.910283E-16
5494.859907,7.957186E-16
5497.801022,7.887159E-16
5500.742137,7.800125E-16
5503.683252,7.78955e-16
5506.624367,7.909107E-16
5509.565482,7.88616e-16
5512.506597,7.767503E-16
5515.447712,7.724167E-16
5518.388827,7.814691E-16
5521.329942,8.012384E-16
5524.271056,7.92642e-16
5527.212171,7.796474E-16
5530.153286,7.840265E-16
5533.094401,7.940633E-16
5536.035516,8.019961E-16
5538.976631,7.989502E-16
5541.917746,7.790112E-16
5544.858861,7.726493E-16
5547.799976,7.713917E-16
5550.741091,7.828448E-16
5553.682206,7.87032e-16
5556.623321,7.769731E-16
5559.564436,7.729048E-16
5562.505551,7.84089e-16
5565.446666,8.007637E-16
5568.387781,8.020007E-16
5571.328896,7.858701E-16
5574.270011,7.864716E-16
5577.211126,7.929148E-16
5580.152241,7.866242E-16
5583.093356,7.943652E-16
5586.034471,7.785329E-16
5588.975586,7.805577E-16
5591.9167,7.87309e-16
5594.857815,7.707968E-16
5597.79893,7.774526E-16
5600.740045,7.699257E-16
5603.68116,7.47811e-16
5606.622275,7.676191E-16
5609.56339,7.58367e-16
5612.504505,7.564217E-16
5615.44562,7.563697E-16
5618.386735,7.543859E-16
5621.32785,7.566523E-16
5624.268965,7.658963E-16
5627.21008,7.708576E-16
5630.151195,7.522313E-16
5633.09231,7.391695E-16
5636.033425,7.436154E-16
5638.97454,7.434887E-16
5641.915655,7.46394e-16
5644.85677,7.445522E-16
5647.797885,7.633263E-16
5650.739,7.577838E-16
5653.680115,7.363987E-16
5656.621229,7.258128E-16
5659.562344,7.384013E-16
5662.503459,7.39445e-16
5665.444574,7.186798E-16
5668.385689,7.260236E-16
5671.326804,7.246384E-16
5674.267919,7.034972E-16
5677.209034,7.11816e-16
5680.150149,7.388145E-16
5683.091264,7.432968E-16
5686.032379,7.203344E-16
5688.973494,7.022952E-16
5691.914609,7.17387e-16
5694.855724,7.246609E-16
5697.796839,7.064253E-16
5700.737954,6.952907E-16
5703.679069,7.258993E-16
5706.620184,7.210864E-16
5709.561299,6.854986E-16
5712.502414,6.886713E-16
5715.443529,6.861787E-16
5718.384644,7.082568E-16
5721.325758,7.166852E-16
5724.266873,6.914539E-16
5727.207988,6.89773e-16
5730.149103,6.92172e-16
5733.090218,6.791562E-16
5736.031333,6.810286E-16
5738.972448,6.831808E-16
5741.913563,6.694296E-16
5744.854678,6.570449E-16
5747.795793,6.646075E-16
5750.736908,6.68784e-16
5753.678023,6.526957E-16
5756.619138,6.41896e-16
5759.560253,6.587591E-16
5762.501368,6.660371E-16
5765.442483,6.758469E-16
5768.383598,7.025898E-16
5771.324713,6.895062E-16
5774.265828,6.919471E-16
5777.206943,7.080766E-16
5780.148058,6.985394E-16
5783.089173,6.936184E-16
5786.030287,6.881227E-16
5788.971402,6.900289E-16
5791.912517,7.193596E-16
5794.853632,7.088318E-16
5797.794747,6.825549E-16
5800.735862,6.990948E-16
5803.676977,7.1133e-16
5806.618092,7.050565E-16
5809.559207,7.038063E-16
5812.500322,6.984637E-16
5815.441437,7.055304E-16
5818.382552,6.947082E-16
5821.323667,6.881137E-16
5824.264782,6.9885e-16
5827.205897,6.969254E-16
5830.147012,6.955945E-16
5833.088127,7.112105E-16
5836.029242,7.089574E-16
5838.970357,6.909579E-16
5841.911472,6.919549E-16
5844.852587,6.952849E-16
5847.793702,6.898533E-16
5850.734816,6.870303E-16
5853.675931,7.112769E-16
5856.617046,6.882338E-16
5859.558161,6.798814E-16
5862.499276,6.826861E-16
5865.440391,6.904092E-16
5868.381506,6.745217E-16
5871.322621,6.622518E-16
5874.263736,6.738258E-16
5877.204851,6.676681E-16
5880.145966,6.449542E-16
5883.087081,6.353347E-16
5886.028196,6.393055E-16
5888.969311,6.577264E-16
5891.910426,6.58951e-16
5894.851541,6.387276E-16
5897.792656,6.25691e-16
5900.733771,6.298617E-16
5903.674886,6.553566E-16
5906.616001,6.361166E-16
5909.557116,6.485478E-16
5912.498231,6.500799E-16
5915.439345,6.446868E-16
5918.38046,6.245637E-16
5921.321575,6.125839E-16
5924.26269,6.221395E-16
5927.203805,6.202489E-16
5930.14492,6.149259E-16
5933.086035,6.061342E-16
5936.02715,5.96193e-16
5938.968265,5.804945E-16
5941.90938,5.429127E-16
5944.850495,5.267054E-16
5947.79161,5.013761E-16
5950.732725,5.042517E-16
5953.67384,5.026335E-16
5956.614955,5.300413E-16
5959.55607,5.913557E-16
5962.497185,6.168208E-16
5965.4383,6.678574E-16
5968.379415,7.56908e-16
5971.32053,8.105135E-16
5974.261645,8.317159E-16
5977.20276,8.469379E-16
5980.143875,8.688125E-16
5983.084989,8.580317E-16
5986.026104,8.542438E-16
5988.967219,8.141972E-16
5991.908334,8.051092E-16
5994.849449,7.827128E-16
5997.790564,7.540862E-16
6000.731679,7.565043E-16
6003.672794,7.460514E-16
6006.613909,7.419036E-16
6009.555024,7.4043e-16
6012.496139,7.424681E-16
6015.437254,7.393283E-16
6018.378369,7.048675E-16
6021.319484,7.036225E-16
6024.260599,7.252205E-16
6027.201714,7.169149E-16
6030.142829,7.100011E-16
6033.083944,7.082519E-16
6036.025059,6.981465E-16
6038.966174,7.045856E-16
6041.907289,7.02793e-16
6044.848404,6.923224E-16
6047.789518,7.038966E-16
6050.730633,7.110335E-16
6053.671748,6.794577E-16
6056.612863,6.627739E-16
6059.553978,6.778316E-16
6062.495093,6.728117E-16
6065.436208,6.742435E-16
6068.377323,6.945007E-16
6071.318438,6.996241E-16
6074.259553,6.816608E-16
6077.200668,6.843137E-16
6080.141783,6.743045E-16
6083.082898,6.775266E-16
6086.024013,6.705897E-16
6088.965128,6.689393E-16
6091.906243,6.621574E-16
6094.847358,6.584357E-16
6097.788473,6.582514E-16
6100.729588,6.513782E-16
6103.670703,6.579057E-16
6106.611818,6.642142E-16
6109.552933,6.602863E-16
6112.494047,6.489805E-16
6115.435162,6.464149E-16
6118.376277,6.462966E-16
6121.317392,6.427887E-16
6124.258507,6.565544E-16
6127.199622,6.473709E-16
6130.140737,6.308714E-16
6133.081852,6.42486e-16
6136.022967,6.418157E-16
6138.964082,6.236935E-16
6141.905197,6.24818e-16
6144.846312,6.290428E-16
6147.787427,6.206015E-16
6150.728542,6.189284E-16
6153.669657,6.336258E-16
6156.610772,6.267366E-16
6159.551887,6.326683E-16
6162.493002,6.196039E-16
6165.434117,6.274081E-16
6168.375232,6.401464E-16
6171.316347,6.200438E-16
6174.257462,6.139062E-16
6177.198576,6.234464E-16
6180.139691,6.191112E-16
6183.080806,6.146504E-16
6186.021921,6.155662E-16
6188.963036,6.184098E-16
6191.904151,6.123219E-16
6194.845266,6.092768E-16
6197.786381,6.328368E-16
6200.727496,6.307232E-16
6203.668611,6.372537E-16
6206.609726,6.397547E-16
6209.550841,6.18469e-16
6212.491956,6.154322E-16
6215.433071,6.229764E-16
6218.374186,6.197721E-16
6221.315301,6.141736E-16
6224.256416,6.11081e-16
6227.197531,6.183535E-16
6230.138646,6.20622e-16
6233.079761,6.178217E-16
6236.020876,6.332284E-16
6238.961991,6.197139E-16
6241.903105,6.096344E-16
6244.84422,6.104308E-16
6247.785335,6.10365e-16
6250.72645,6.323609E-16
6253.667565,6.248227E-16
6256.60868,6.050841E-16
6259.549795,6.153651E-16
6262.49091,6.266888E-16
6265.432025,6.257869E-16
6268.37314,6.1155e-16
6271.314255,6.1357e-16
6274.25537,6.007042E-16
6277.196485,5.906228E-16
6280.1376,5.999223E-16
6283.078715,5.804682E-16
6286.01983,6.026554E-16
6288.960945,6.005119E-16
6291.90206,6.032e-16
6294.843175,6.146204E-16
6297.78429,5.984196E-16
6300.725405,5.913792E-16
6303.66652,5.923262E-16
6306.607634,5.957782E-16
6309.548749,6.033119E-16
6312.489864,5.973705E-16
6315.430979,5.920457E-16
6318.372094,5.920582E-16
6321.313209,6.123614E-16
6324.254324,5.983037E-16
6327.195439,5.824196E-16
6330.136554,5.921796E-16
6333.077669,6.058696E-16
6336.018784,6.094394E-16
6338.959899,6.044718E-16
6341.901014,5.909118E-16
6344.842129,5.798186E-16
6347.783244,5.948811E-16
6350.724359,5.984217E-16
6353.665474,5.893924E-16
6356.606589,5.695797E-16
6359.547704,5.82585e-16
6362.488819,5.811983E-16
6365.429934,5.675231E-16
6368.371049,5.632473E-16
6371.312163,5.721072E-16
6374.253278,5.744824E-16
6377.194393,5.61771e-16
6380.135508,5.564583E-16
6383.076623,5.560334E-16
6386.017738,5.666985E-16
6388.958853,5.620561E-16
6391.899968,5.515343E-16
6394.841083,5.464168E-16
6397.782198,5.540035E-16
6400.723313,5.520456E-16
6403.664428,5.456781E-16
6406.605543,5.592483E-16
6409.546658,5.552756E-16
6412.487773,5.404878E-16
6415.428888,5.487803E-16
6418.370003,5.407445E-16
6421.311118,5.427834E-16
6424.252233,5.521141E-16
6427.193348,5.652864E-16
6430.134463,5.533525E-16
6433.075578,5.621532E-16
6436.016693,5.609556E-16
6438.957807,5.545542E-16
6441.898922,5.617093E-16
6444.840037,5.667095E-16
6447.781152,5.744323E-16
6450.722267,5.901328E-16
6453.663382,5.841857E-16
6456.604497,5.718328E-16
6459.545612,5.87287e-16
6462.486727,5.804494E-16
6465.427842,5.773946E-16
6468.368957,5.728048E-16
6471.310072,5.746068E-16
6474.251187,5.983872E-16
6477.192302,6.00045e-16
6480.133417,5.779238E-16
6483.074532,5.860566E-16
6486.015647,6.037198E-16
6488.956762,5.975177E-16
6491.897877,6.022698E-16
6494.838992,6.038493E-16
6497.780107,6.075214E-16
6500.721222,5.956149E-16
6503.662336,6.252157E-16
6506.603451,6.020297E-16
6509.544566,5.966793E-16
6512.485681,6.029023E-16
6515.426796,5.89612e-16
6518.367911,5.937779E-16
6521.309026,6.024566E-16
6524.250141,5.936952E-16
6527.191256,5.95322e-16
6530.132371,5.948721E-16
6533.073486,5.974115E-16
6536.014601,5.889756E-16
6538.955716,5.617539E-16
6541.896831,5.763251E-16
6544.837946,5.858227E-16
6547.779061,5.656944E-16
6550.720176,5.704542E-16
6553.661291,5.79071e-16
6556.602406,5.772841E-16
6559.543521,5.878762E-16
6562.484636,5.739854E-16
6565.425751,5.627143E-16
6568.366865,5.681632E-16
6571.30798,5.504294E-16
6574.249095,5.434525E-16
6577.19021,5.496249E-16
6580.131325,5.392087E-16
6583.07244,5.381054E-16
6586.013555,5.519122E-16
6588.95467,5.556593E-16
6591.895785,5.412408E-16
6594.8369,5.35683e-16
6597.778015,5.454937E-16
6600.71913,5.27839e-16
6603.660245,5.27604e-16
6606.60136,5.443178E-16
6609.542475,5.272672E-16
6612.48359,5.128258E-16
6615.424705,5.092366E-16
6618.36582,5.067619E-16
6621.306935,5.019605E-16
6624.24805,5.226667E-16
6627.189165,5.27668e-16
6630.13028,5.043002E-16
6633.071394,5.28675e-16
6636.012509,5.228828E-16
6638.953624,4.984505E-16
6641.894739,4.845656E-16
6644.835854,4.84456e-16
6647.776969,4.850162E-16
6650.718084,4.875638E-16
6653.659199,4.626874E-16
6656.600314,4.858609E-16
6659.541429,5.25637e-16
6662.482544,5.220189E-16
6665.423659,5.298351E-16
6668.364774,5.146709E-16
6671.305889,5.004179E-16
6674.247004,5.145957E-16
6677.188119,5.302975E-16
6680.129234,5.382092E-16
6683.070349,5.433605E-16
6686.011464,5.592964E-16
6688.952579,5.701095E-16
6691.893694,5.600626E-16
6694.834809,5.641346E-16
6697.775923,5.827003E-16
6700.717038,5.658064E-16
6703.658153,5.415889E-16
6706.599268,5.501085E-16
6709.540383,5.647773E-16
6712.481498,5.521115E-16
6715.422613,5.497501E-16
6718.363728,5.742474E-16
6721.304843,5.570448E-16
6724.245958,5.311223E-16
6727.187073,5.343204E-16
6730.128188,5.315591E-16
6733.069303,5.254021E-16
6736.010418,5.300383E-16
6738.951533,5.272358E-16
6741.892648,5.303838E-16
6744.833763,5.040425E-16
6747.774878,4.949223E-16
6750.715993,4.803458E-16
6753.657108,4.815592E-16
6756.598223,4.720269E-16
6759.539338,4.469715E-16
6762.480452,4.291865E-16
6765.421567,4.208808E-16
6768.362682,4.252755E-16
6771.303797,4.372174E-16
6774.244912,4.592767E-16
6777.186027,4.707292E-16
6780.127142,5.014648E-16
6783.068257,5.505029E-16
6786.009372,5.7406e-16
6788.950487,5.873652E-16
6791.891602,5.909709E-16
6794.832717,5.92744e-16
6797.773832,6.096001E-16
6800.714947,6.168033E-16
6803.656062,6.053884E-16
6806.597177,5.970417E-16
6809.538292,5.941763E-16
6812.479407,5.903222E-16
6815.420522,5.956124E-16
6818.361637,5.666948E-16
6821.302752,5.539637E-16
6824.243867,5.458744E-16
6827.184982,5.385465E-16
6830.126096,5.393661E-16
6833.067211,5.310406E-16
6836.008326,5.252879E-16
6838.949441,5.228901E-16
6841.890556,5.374967E-16
6844.831671,5.276409E-16
6847.772786,5.117594E-16
6850.713901,5.19485e-16
6853.655016,5.243835E-16
6856.596131,5.167707E-16
6859.537246,5.128256E-16
6862.478361,5.094372E-16
6865.419476,5.104228E-16
6868.360591,4.98554e-16
6871.301706,4.810591E-16
6874.242821,5.123598E-16
6877.183936,5.122878E-16
6880.125051,5.078073E-16
6883.066166,4.932464E-16
6886.007281,5.043639E-16
6888.948396,5.17245e-16
6891.889511,5.027658E-16
6894.830625,4.952269E-16
6897.77174,4.93616e-16
6900.712855,4.889095E-16
6903.65397,5.053751E-16
6906.595085,4.950427E-16
6909.5362,5.034221E-16
6912.477315,5.063293E-16
6915.41843,4.998885E-16
6918.359545,5.099071E-16
6921.30066,5.114589E-16
6924.241775,5.011153E-16
6927.18289,5.001918E-16
6930.124005,4.982838E-16
6933.06512,4.945563E-16
6936.006235,4.822264E-16
6938.94735,4.8543e-16
6941.888465,5.17785e-16
6944.82958,5.059201E-16
6947.770695,4.983145E-16
6950.71181,5.189113E-16
6953.652925,5.181175E-16
6956.59404,4.889791E-16
6959.535154,4.871897E-16
6962.476269,5.024668E-16
6965.417384,4.948893E-16
6968.358499,4.979436E-16
6971.299614,5.032544E-16
6974.240729,4.875191E-16
6977.181844,4.858012E-16
6980.122959,5.109224E-16
6983.064074,5.010881E-16
6986.005189,4.8951e-16
6988.946304,5.030012E-16
6991.887419,5.196245E-16
6994.828534,5.224661E-16
6997.769649,5.117264E-16
7000.710764,5.043957E-16
7003.651879,5.039765E-16
7006.592994,4.890895E-16
7009.534109,4.906576E-16
7012.475224,4.801922E-16
7015.416339,4.916059E-16
7018.357454,4.932559E-16
7021.298569,4.955682E-16
7024.239683,4.977458E-16
7027.180798,4.900187E-16
7030.121913,5.04647e-16
7033.063028,5.163278E-16
7036.004143,4.940461E-16
7038.945258,4.810239E-16
7041.886373,4.816107E-16
7044.827488,4.773267E-16
7047.768603,4.755995E-16
7050.709718,4.808276E-16
7053.650833,4.838238E-16
7056.591948,4.863047E-16
7059.533063,4.844246E-16
7062.474178,4.754705E-16
7065.415293,4.723343E-16
7068.356408,4.691885E-16
7071.297523,4.830888E-16
7074.238638,4.852631E-16
7077.179753,4.895113E-16
7080.120868,4.678877E-16
7083.061983,4.705147E-16
7086.003098,4.840443E-16
7088.944212,4.739896E-16
7091.885327,4.707266E-16
7094.826442,4.741021E-16
7097.767557,4.737027E-16
7100.708672,4.94214e-16
7103.649787,4.760929E-16
7106.590902,4.640191E-16
7109.532017,4.670655E-16
7112.473132,4.559385E-16
7115.414247,4.690657E-16
7118.355362,4.767772E-16
7121.296477,4.780391E-16
7124.237592,4.861701E-16
7127.178707,4.636642E-16
7130.119822,4.731158E-16
7133.060937,4.871303E-16
7136.002052,4.802018E-16
7138.943167,4.715667E-16
7141.884282,4.618079E-16
7144.825397,4.485575E-16
7147.766512,4.270381E-16
7150.707627,4.277397E-16
7153.648741,4.417273E-16
7156.589856,4.3856e-16
7159.530971,4.505082E-16
7162.472086,4.593265E-16
7165.413201,4.580898E-16
7168.354316,4.908209E-16
7171.295431,5.146597E-16
7174.236546,5.192697E-16
7177.177661,5.236987E-16
7180.118776,5.435807E-16
7183.059891,5.468477E-16
7186.001006,5.343947E-16
7188.942121,5.399237E-16
7191.883236,5.415311E-16
7194.824351,5.45254e-16
7197.765466,5.698532E-16
7200.706581,5.541697E-16
7203.647696,5.497506E-16
7206.588811,5.299893E-16
7209.529926,5.260008E-16
7212.471041,5.198499E-16
7215.412156,5.05183e-16
7218.35327,5.098964E-16
7221.294385,4.980068E-16
7224.2355,4.997754E-16
7227.176615,5.014136E-16
7230.11773,4.909318E-16
7233.058845,4.952472E-16
7235.99996,4.790537E-16
7238.941075,4.888302E-16
7241.88219,5.012498E-16
7244.823305,4.932884E-16
7247.76442,4.836939E-16
7250.705535,4.756624E-16
7253.64665,4.909012E-16
7256.587765,4.934263E-16
7259.52888,4.929823E-16
7262.469995,4.816133E-16
7265.41111,4.81233e-16
7268.352225,4.730056E-16
7271.29334,4.783125E-16
7274.234455,4.915055E-16
7277.17557,4.881935E-16
7280.116685,4.847039E-16
7283.0578,4.82932e-16
7285.998914,4.667067E-16
7288.940029,4.682413E-16
7291.881144,4.511013E-16
7294.822259,4.553019E-16
7297.763374,4.273419E-16
7300.704489,4.21123e-16
7303.645604,4.518557E-16
7306.586719,4.584814E-16
7309.527834,4.473205E-16
7312.468949,4.675131E-16
7315.410064,4.895502E-16
7318.351179,4.693939E-16
7321.292294,4.784675E-16
7324.233409,4.716977E-16
7327.174524,4.802227E-16
7330.115639,4.615796E-16
7333.056754,4.48417e-16
7335.997869,4.391016E-16
7338.938984,4.20969e-16
7341.880099,4.223956E-16
7344.821214,4.327365E-16
7347.762329,4.459082E-16
7350.703443,4.477371E-16
7353.644558,4.52826e-16
7356.585673,4.662323E-16
7359.526788,4.887988E-16
7362.467903,4.927947E-16
7365.409018,4.836625E-16
7368.350133,4.600778E-16
7371.291248,4.325379E-16
7374.232363,4.280421E-16
7377.173478,4.188913E-16
7380.114593,4.218109E-16
7383.055708,4.271075E-16
7385.996823,4.187707E-16
7388.937938,4.225508E-16
7391.879053,4.461104E-16
7394.820168,4.571315E-16
7397.761283,4.695929E-16
7400.702398,4.944603E-16
7403.643513,5.000946E-16
7406.584628,5.039894E-16
7409.525743,5.108764E-16
7412.466858,4.682623E-16
7415.407972,4.682922E-16
7418.349087,4.555503E-16
7421.290202,4.396117E-16
7424.231317,4.323293E-16
7427.172432,4.361014E-16
7430.113547,4.593852E-16
7433.054662,4.701148E-16
7435.995777,4.662578E-16
7438.936892,4.945835E-16
7441.878007,4.885331E-16
7444.819122,4.825969E-16
7447.760237,4.730173E-16
7450.701352,4.475861E-16
7453.642467,4.327621E-16
7456.583582,4.201185E-16
7459.524697,4.090326E-16
7462.465812,4.09844e-16
7465.406927,4.052201E-16
7468.348042,4.080336E-16
7471.289157,4.165436E-16
7474.230272,4.365402E-16
7477.171387,4.476271E-16
7480.112501,4.55368e-16
7483.053616,4.548491E-16
7485.994731,4.570856E-16
7488.935846,4.595053E-16
7491.876961,4.460732E-16
7494.818076,4.259628E-16
7497.759191,4.058026E-16
7500.700306,3.917299E-16
7503.641421,3.885895E-16
7506.582536,3.834671E-16
7509.523651,3.913933E-16
7512.464766,4.069216E-16
7515.405881,4.132549E-16
7518.346996,4.241833E-16
7521.288111,4.441095E-16
7524.229226,4.609499E-16
7527.170341,4.768095E-16
7530.111456,4.670504E-16
7533.052571,4.586253E-16
7535.993686,4.358349E-16
7538.934801,4.150872E-16
7541.875916,4.061571E-16
7544.81703,3.91747e-16
7547.758145,3.873724E-16
7550.69926,3.90685e-16
7553.640375,3.832546E-16
7556.58149,4.007643E-16
7559.522605,4.323795E-16
7562.46372,4.609585E-16
7565.404835,4.513526E-16
7568.34595,4.485388E-16
7571.287065,4.453392E-16
7574.22818,4.262547E-16
7577.169295,4.024064E-16
7580.11041,3.869484E-16
7583.051525,3.849426E-16
7585.99264,3.690552E-16
7588.933755,3.41431e-16
7591.87487,3.099818E-16
7594.815985,2.736552E-16
7597.7571,2.490836E-16
7600.698215,2.282611E-16
7603.63933,3.205554E-16
7606.580445,5.159129E-16
7609.521559,5.192337E-16
7612.462674,4.67571e-16
7615.403789,4.492159E-16
7618.344904,4.513543E-16
7621.286019,4.265034E-16
7624.227134,3.893052E-16
7627.168249,3.625916E-16
7630.109364,3.539148E-16
7633.050479,3.123855E-16
7635.991594,3.132611E-16
7638.932709,3.513203E-16
7641.873824,3.454388E-16
7644.814939,4.159791E-16
7647.756054,4.329862E-16
7650.697169,4.114668E-16
7653.638284,4.152004E-16
7656.579399,4.430287E-16
7659.520514,4.127981E-16
7662.461629,3.701811E-16
7665.402744,3.755595E-16
7668.343859,4.061816E-16
7671.284974,4.327254E-16
7674.226089,4.339287E-16
7677.167203,4.199807E-16
7680.108318,4.220801E-16
7683.049433,4.292411E-16
7685.990548,4.314454E-16
7688.931663,4.29913e-16
7691.872778,4.261399E-16
7694.813893,4.174567E-16
7697.755008,4.206303E-16
7700.696123,4.267493E-16
7703.637238,4.002649E-16
7706.578353,3.838541E-16
7709.519468,3.875989E-16
7712.460583,3.548637E-16
7715.401698,3.737177E-16
7718.342813,3.931333E-16
7721.283928,3.929609E-16
7724.225043,3.954625E-16
7727.166158,3.920972E-16
7730.107273,3.862569E-16
7733.048388,3.833612E-16
7735.989503,3.822507E-16
7738.930618,3.747566E-16
7741.871732,3.680181E-16
7744.812847,3.76829e-16
7747.753962,3.821848E-16
7750.695077,3.798908E-16
7753.636192,3.668161E-16
7756.577307,3.574911E-16
7759.518422,3.621486E-16
7762.459537,3.655173E-16
7765.400652,3.653337E-16
7768.341767,3.670486E-16
7771.282882,3.632371E-16
7774.223997,3.803484E-16
7777.165112,3.972671E-16
7780.106227,3.936343E-16
7783.047342,3.825663E-16
7785.988457,3.722609E-16
7788.929572,3.512432E-16
7791.870687,3.251218E-16
7794.811802,3.399634E-16
7797.752917,3.367069E-16
7800.694032,3.259624E-16
7803.635147,3.249007E-16
7806.576261,3.242137E-16
7809.517376,3.516519E-16
7812.458491,3.882887E-16
7815.399606,3.980758E-16
7818.340721,4.145977E-16
7821.281836,4.144318E-16
7824.222951,4.085975E-16
7827.164066,3.800653E-16
7830.105181,3.867974E-16
7833.046296,3.6427e-16
7835.987411,3.463176E-16
7838.928526,3.463993E-16
7841.869641,3.268088E-16
7844.810756,3.218216E-16
7847.751871,3.363538E-16
7850.692986,3.532527E-16
7853.634101,3.709769E-16
7856.575216,3.818817E-16
7859.516331,3.967434E-16
7862.457446,4.086884E-16
7865.398561,4.177782E-16
7868.339676,4.121684E-16
7871.28079,4.106357E-16
7874.221905,4.250306E-16
7877.16302,4.01686e-16
7880.104135,4.014922E-16
7883.04525,3.777991E-16
7885.986365,3.584983E-16
7888.92748,3.390795E-16
7891.868595,3.259178E-16
7894.80971,3.223552E-16
7897.750825,3.125496E-16
7900.69194,3.105919E-16
7903.633055,3.333116E-16
7906.57417,3.542847E-16
7909.515285,3.855067E-16
7912.4564,3.970255E-16
7915.397515,4.212593E-16
7918.33863,4.140421E-16
7921.279745,3.948649E-16
7924.22086,4.075837E-16
7927.161975,4.238405E-16
7930.10309,4.252347E-16
7933.044205,4.236153E-16
7935.985319,3.896285E-16
7938.926434,3.707577E-16
7941.867549,3.564487E-16
7944.808664,3.469658E-16
7947.749779,3.310311E-16
7950.690894,3.140333E-16
7953.632009,3.189455E-16
7956.573124,3.368835E-16
7959.514239,3.463489E-16
7962.455354,3.592026E-16
7965.396469,3.745469E-16
7968.337584,3.918197E-16
7971.278699,4.240738E-16
7974.219814,4.17595e-16
7977.160929,4.087043E-16
7980.102044,4.058125E-16
7983.043159,3.895702E-16
7985.984274,3.64616e-16
7988.925389,3.380205E-16
7991.866504,3.57333e-16
7994.807619,3.495483E-16
7997.748734,3.416255E-16
8000.689848,3.444436E-16
8003.630963,3.52804e-16
8006.572078,3.485102E-16
8009.513193,3.548948E-16
8012.454308,3.798691E-16
8015.395423,3.770072E-16
8018.336538,3.676713E-16
8021.277653,3.992257E-16
8024.218768,4.049754E-16
8027.159883,3.961108E-16
8030.100998,3.971646E-16
8033.042113,3.798596E-16
8035.983228,3.759241E-16
8038.924343,3.821245E-16
8041.865458,3.699824E-16
8044.806573,3.736571E-16
8047.747688,3.663276E-16
8050.688803,3.66013e-16
8053.629918,3.591964E-16
8056.571033,3.524789E-16
8059.512148,3.403837E-16
8062.453263,3.546451E-16
8065.394378,3.61524e-16
8068.335492,3.56651e-16
8071.276607,3.876124E-16
8074.217722,3.999829E-16
8077.158837,4.027173E-16
8080.099952,4.061076E-16
8083.041067,4.056459E-16
8085.982182,3.722401E-16
8088.923297,3.642255E-16
8091.864412,3.565484E-16
8094.805527,3.479258E-16
8097.746642,3.529947E-16
8100.687757,3.136136E-16
8103.628872,2.940997E-16
8106.569987,2.942414E-16
8109.511102,3.31993e-16
8112.452217,3.304953E-16
8115.393332,3.247551E-16
8118.334447,3.427475E-16
8121.275562,3.374267E-16
8124.216677,3.102437E-16
8127.157792,3.062636E-16
8130.098907,3.075313E-16
8133.040021,3.029282E-16
8135.981136,3.20656e-16
8138.922251,3.336563E-16
8141.863366,3.538813E-16
8144.804481,3.556043E-16
8147.745596,3.525202E-16
8150.686711,3.683322E-16
8153.627826,3.793365E-16
8156.568941,3.820051E-16
8159.510056,3.903756E-16
8162.451171,3.87282e-16
8165.392286,3.803464E-16
8168.333401,3.736185E-16
8171.274516,3.48477e-16
8174.215631,3.184075E-16
8177.156746,3.134898E-16
8180.097861,3.115315E-16
8183.038976,2.913041E-16
8185.980091,2.93512e-16
8188.921206,3.023193E-16
8191.862321,2.978507E-16
8194.803436,3.033303E-16
8197.74455,3.078756E-16
8200.685665,3.173172E-16
8203.62678,3.326628E-16
8206.567895,3.350277E-16
8209.50901,3.359185E-16
8212.450125,3.473818E-16
8215.39124,3.26849e-16
8218.332355,2.993939E-16
8221.27347,3.047856E-16
8224.214585,2.977116E-16
8227.1557,2.911297E-16
8230.096815,2.932771E-16
8233.03793,3.080163E-16
8235.979045,3.214554E-16
8238.92016,3.081418E-16
8241.861275,3.054967E-16
8244.80239,2.945751E-16
8247.743505,2.989945E-16
8250.68462,3.111156E-16
8253.625735,3.206119E-16
8256.56685,3.262175E-16
8259.507965,3.340282E-16
8262.449079,3.453281E-16
8265.390194,3.496328E-16
8268.331309,3.386622E-16
8271.272424,3.173983E-16
8274.213539,3.050607E-16
8277.154654,2.920358E-16
8280.095769,2.99493e-16
8283.036884,3.065217E-16
8285.977999,3.067316E-16
8288.919114,3.130977E-16
8291.860229,3.290057E-16
8294.801344,3.46814e-16
8297.742459,3.435272E-16
8300.683574,3.534124E-16
8303.624689,3.565618E-16
8306.565804,3.622466E-16
8309.506919,3.43482e-16
8312.448034,3.240846E-16
8315.389149,3.195684E-16
8318.330264,3.115249E-16
8321.271379,3.028084E-16
8324.212494,2.910237E-16
8327.153608,2.944823E-16
8330.094723,2.882487E-16
8333.035838,2.792651E-16
8335.976953,2.951659E-16
8338.918068,3.338526E-16
8341.859183,3.746761E-16
8344.800298,3.954313E-16
8347.741413,3.895644E-16
8350.682528,3.698061E-16
8353.623643,3.438473E-16
8356.564758,3.383704E-16
8359.505873,3.003499E-16
8362.446988,2.79279e-16
8365.388103,2.676429E-16
8368.329218,2.613615E-16
8371.270333,2.625788E-16
8374.211448,2.656089E-16
8377.152563,2.898915E-16
8380.093678,3.016229E-16
8383.034793,3.093338E-16
8385.975908,3.149029E-16
8388.917023,3.270724E-16
8391.858137,3.257174E-16
8394.799252,3.347639E-16
8397.740367,3.637447E-16
8400.681482,3.754821E-16
8403.622597,3.542238E-16
8406.563712,3.113854E-16
8409.504827,2.834306E-16
8412.445942,2.599367E-16
8415.387057,2.321987E-16
8418.328172,2.140184E-16
8421.269287,2.269656E-16
8424.210402,2.662284E-16
8427.151517,2.976202E-16
8430.092632,3.143615E-16
8433.033747,3.39276e-16
8435.974862,3.494967E-16
8438.915977,3.718405E-16
8441.857092,4.01703e-16
8444.798207,3.838431E-16
8447.739322,3.387084E-16
8450.680437,2.979527E-16
8453.621552,2.651075E-16
8456.562666,2.415713E-16
8459.503781,2.192385E-16
8462.444896,2.159473E-16
8465.386011,2.317355E-16
8468.327126,2.451976E-16
8471.268241,2.606371E-16
8474.209356,2.945104E-16
8477.150471,3.233973E-16
8480.091586,3.416384E-16
8483.032701,3.584863E-16
8485.973816,3.614627E-16
8488.914931,3.701145E-16
8491.856046,3.419242E-16
8494.797161,3.311399E-16
8497.738276,3.190421E-16
8500.679391,2.877168E-16
8503.620506,2.735502E-16
8506.561621,2.699793E-16
8509.502736,2.59347e-16
8512.443851,2.674382E-16
8515.384966,2.691773E-16
8518.326081,2.675629E-16
8521.267196,2.808299E-16
8524.20831,2.83185e-16
8527.149425,2.84952e-16
8530.09054,3.266313E-16
8533.031655,3.698599E-16
8535.97277,3.728266E-16
8538.913885,3.676507E-16
8541.855,3.487468E-16
8544.796115,3.144015E-16
8547.73723,2.856719E-16
8550.678345,2.664549E-16
8553.61946,2.489051E-16
8556.560575,2.487975E-16
8559.50169,2.527826E-16
8562.442805,2.47832e-16
8565.38392,2.504448E-16
8568.325035,2.535582E-16
8571.26615,2.611303E-16
8574.207265,2.468762E-16
8577.14838,2.778521E-16
8580.089495,3.061322E-16
8583.03061,3.088468E-16
8585.971725,3.076309E-16
8588.912839,3.135967E-16
8591.853954,3.180471E-16
8594.795069,3.060237E-16
8597.736184,3.139351E-16
8600.677299,3.146008E-16
8603.618414,2.835917E-16
8606.559529,2.844407E-16
8609.500644,2.862054E-16
8612.441759,2.685854E-16
8615.382874,2.680783E-16
8618.323989,2.83724e-16
8621.265104,2.892174E-16
8624.206219,2.744031E-16
8627.147334,2.70998e-16
8630.088449,2.711129E-16
8633.029564,2.541527E-16
8635.970679,2.449552E-16
8638.911794,2.554225E-16
8641.852909,2.659853E-16
8644.794024,2.742992E-16
8647.735139,2.908669E-16
8650.676254,3.034391E-16
8653.617368,3.055186E-16
8656.558483,3.005196E-16
8659.499598,2.951088E-16
8662.440713,2.898121E-16
8665.381828,2.767162E-16
8668.322943,2.641011E-16
8671.264058,2.582509E-16
8674.205173,2.485669E-16
8677.146288,2.513257E-16
8680.087403,2.654791E-16
8683.028518,2.75172e-16
8685.969633,2.902831E-16
8688.910748,2.986701E-16
8691.851863,2.969552E-16
8694.792978,2.834459E-16
8697.734093,2.625718E-16
8700.675208,2.53435e-16
8703.616323,2.466915E-16
8706.557438,2.495528E-16
8709.498553,2.534777E-16
8712.439668,2.948841E-16
8715.380783,3.074596E-16
8718.321897,2.995636E-16
8721.263012,2.939766E-16
8724.204127,2.688163E-16
8727.145242,2.448429E-16
8730.086357,2.249358E-16
8733.027472,2.336642E-16
8735.968587,2.454502E-16
8738.909702,2.713974E-16
8741.850817,2.712624E-16
8744.791932,2.649571E-16
8747.733047,2.558477E-16
8750.674162,2.305753E-16
8753.615277,2.25101e-16
8756.556392,2.316048E-16
8759.497507,2.827061E-16
8762.438622,2.934273E-16
8765.379737,3.134273E-16
8768.320852,3.29682e-16
8771.261967,3.439648E-16
8774.203082,3.750402E-16
8777.144197,3.915946E-16
8780.085312,3.704009E-16
8783.026426,3.442253E-16
8785.967541,3.453696E-16
8788.908656,3.290003E-16
8791.849771,3.240544E-16
8794.790886,3.035518E-16
8797.732001,2.560265E-16
8800.673116,2.218516E-16
8803.614231,2.253054E-16
8806.555346,2.36396e-16
8809.496461,2.243318E-16
8812.437576,2.394888E-16
8815.378691,2.801631E-16
8818.319806,3.135489E-16
8821.260921,3.501851E-16
8824.202036,3.712941E-16
8827.143151,3.465471E-16
8830.084266,3.31698e-16
8833.025381,3.649076E-16
8835.966496,3.614715E-16
8838.907611,3.460368E-16
8841.848726,3.456734E-16
8844.789841,3.31106e-16
8847.730955,3.288986E-16
8850.67207,3.068557E-16
8853.613185,2.562828E-16
8856.5543,2.206907E-16
8859.495415,1.867305E-16
8862.43653,1.465686E-16
8865.377645,1.480894E-16
8868.31876,1.61983e-16
8871.259875,1.833326E-16
8874.20099,2.422548E-16
8877.142105,3.185763E-16
8880.08322,3.610449E-16
8883.024335,3.862702E-16
8885.96545,4.170224E-16
8888.906565,3.981557E-16
8891.84768,3.707005E-16
8894.788795,3.689264E-16
8897.72991,3.581911E-16
8900.671025,3.229049E-16
8903.61214,2.999647E-16
8906.553255,2.731786E-16
8909.49437,2.445249E-16
8912.435485,2.670518E-16
8915.376599,2.837385E-16
8918.317714,2.610961E-16
8921.258829,2.774768E-16
8924.199944,2.872501E-16
8927.141059,3.311034E-16
8930.082174,3.510755E-16
8933.023289,3.477775E-16
8935.964404,3.599614E-16
8938.905519,3.408347E-16
8941.846634,3.321476E-16
8944.787749,3.009078E-16
8947.728864,2.962993E-16
8950.669979,2.659071E-16
8953.611094,2.13218e-16
8956.552209,1.750546E-16
8959.493324,1.615791E-16
8962.434439,1.663235E-16
8965.375554,1.714889E-16
8968.316669,1.67455e-16
8971.257784,1.790033E-16
8974.198899,1.837088E-16
8977.140014,2.125074E-16
8980.081128,2.265281E-16
8983.022243,2.48081e-16
8985.963358,2.857774E-16
8988.904473,3.040231E-16
8991.845588,3.123459E-16
8994.786703,3.096245E-16
8997.727818,3.048289E-16
9000.668933,3.088507E-16
9003.610048,2.909788E-16
9006.551163,2.539846E-16
9009.492278,2.071853E-16
9012.433393,1.659053E-16
9015.374508,1.484508E-16
9018.315623,1.407953E-16
9021.256738,1.205173E-16
9024.197853,9.776149E-17
9027.138968,8.405597E-17
9030.080083,8.239444E-17
9033.021198,8.292486E-17
9035.962313,9.343182E-17
9038.903428,1.008027E-16
9041.844543,1.073626E-16
9044.785657,1.273548E-16
9047.726772,1.159362E-16
