wavelength,flux,e_flux
3475.00,7.9363843e-16,3.4706269e-16
3476.47,9.4750969e-16,3.5018737e-16
3477.94,1.144575e-15,3.5604317e-16
3479.41,6.1087545e-16,3.5029148e-16
3480.88,1.0551309e-15,3.5808789e-16
3482.35,1.3977049e-15,3.5584126e-16
3483.82,8.8633326e-16,3.4277382e-16
3485.29,9.7381451e-16,3.4510914e-16
3486.76,1.320997e-15,3.4537923e-16
3488.23,5.8177267e-16,3.3517506e-16
3489.70,9.0858238e-16,3.3534756e-16
3491.17,6.078625e-16,3.3028248e-16
3492.64,5.3639293e-16,3.2796062e-16
3494.11,6.10572e-16,3.2648530e-16
3495.58,1.057073e-15,3.3190636e-16
3497.05,7.2853531e-16,3.2818848e-16
3498.52,7.6979143e-16,3.2703137e-16
3499.99,8.9554104e-16,3.2465904e-16
3501.46,6.7576109e-16,3.2062480e-16
3502.93,7.6468462e-16,3.2255168e-16
3504.40,1.041591e-15,3.2625434e-16
3505.87,1.1778131e-15,3.2569098e-16
3507.34,8.5728003e-16,3.2010434e-16
3508.81,7.509711e-16,3.1663589e-16
3510.28,9.0823118e-16,3.1512159e-16
3511.75,9.7022743e-16,3.1523746e-16
3513.22,9.7544769e-16,3.1534442e-16
3514.69,8.1161718e-16,3.1215697e-16
3516.16,9.7278971e-16,3.1330112e-16
3517.63,7.0769079e-16,3.0926736e-16
3519.10,7.5066135e-16,3.0582768e-16
3520.57,1.1416e-15,3.0914701e-16
3522.04,1.142544e-15,3.1279884e-16
3523.51,1.233802e-15,3.1316666e-16
3524.98,1.6412931e-15,3.1584569e-16
3526.45,1.131336e-15,3.0647784e-16
3527.92,1.088881e-15,3.0525603e-16
3529.39,9.9437528e-16,3.0361924e-16
3530.86,6.9162342e-16,2.9752534e-16
3532.33,8.2901327e-16,2.9718269e-16
3533.80,5.8806078e-16,2.9341827e-16
3535.27,4.9590952e-16,2.9404119e-16
3536.74,8.6864272e-16,3.0241674e-16
3538.21,1.044899e-15,3.0602423e-16
3539.68,7.2127291e-16,2.9798293e-16
3541.15,4.7141232e-16,2.9578275e-16
3542.62,6.3497862e-16,3.0109798e-16
3544.09,9.5215514e-16,3.0308619e-16
3545.56,9.8399013e-16,3.0084491e-16
3547.03,1.143561e-15,3.0088198e-16
3548.50,9.3962688e-16,2.9420318e-16
3549.97,1.021645e-15,2.9635954e-16
3551.44,1.090358e-15,2.9482630e-16
3552.91,1.195526e-15,2.9793817e-16
3554.38,8.6718571e-16,2.8964696e-16
3555.85,8.3235133e-16,2.9037745e-16
3557.32,9.663513e-16,2.9272450e-16
3558.79,1.256208e-15,2.9642286e-16
3560.26,9.494153e-16,2.8888780e-16
3561.73,4.945818e-16,2.7753738e-16
3563.20,9.551584e-16,2.8298310e-16
3564.67,1.320442e-15,2.8673932e-16
3566.14,1.257305e-15,2.8476875e-16
3567.61,1.110438e-15,2.7864832e-16
3569.08,1.0190981e-15,2.7621583e-16
3570.55,9.83399e-16,2.7366835e-16
3572.02,6.8379435e-16,2.6645701e-16
3573.49,7.8730643e-16,2.6736816e-16
3574.96,1.004172e-15,2.7130501e-16
3576.43,8.1990481e-16,2.6471143e-16
3577.90,1.0233119e-15,2.6625146e-16
3579.37,8.8794914e-16,2.6416426e-16
3580.84,8.956717e-16,2.6327705e-16
3582.31,9.5299296e-16,2.6181658e-16
3583.78,9.5120582e-16,2.6089655e-16
3585.25,1.1859489e-15,2.6443728e-16
3586.72,1.2102899e-15,2.6038119e-16
3588.19,1.0027699e-15,2.5475588e-16
3589.66,8.327534e-16,2.5153441e-16
3591.13,8.4413467e-16,2.5388971e-16
3592.60,9.0538664e-16,2.5545488e-16
3594.07,8.23041e-16,2.5162776e-16
3595.54,7.1363812e-16,2.4879950e-16
3597.01,9.7413882e-16,2.4941356e-16
3598.48,1.1503299e-15,2.5236712e-16
3599.95,8.6869724e-16,2.4738922e-16
3601.42,9.4771181e-16,2.4602336e-16
3602.89,9.81888e-16,2.4706209e-16
3604.36,7.9708807e-16,2.4042817e-16
3605.83,8.1265903e-16,2.3844831e-16
3607.30,1.142814e-15,2.4654806e-16
3608.77,1.314561e-15,2.4692327e-16
3610.24,1.073701e-15,2.4028251e-16
3611.71,1.0589129e-15,2.4006859e-16
3613.18,9.7699671e-16,2.3771237e-16
3614.65,9.3188945e-16,2.3741929e-16
3616.12,1.013656e-15,2.3843919e-16
3617.59,1.302775e-15,2.4380903e-16
3619.06,1.074635e-15,2.3729894e-16
3620.53,9.6838852e-16,2.3352700e-16
3622.00,7.8015705e-16,2.2705703e-16
3623.47,1.074288e-15,2.3208379e-16
3624.94,1.0138319e-15,2.2896179e-16
3626.41,9.3526604e-16,2.2662327e-16
3627.88,8.4788072e-16,2.2686931e-16
3629.35,9.6594324e-16,2.2758919e-16
3630.82,9.6146424e-16,2.2805201e-16
3632.29,9.5136295e-16,2.2628124e-16
3633.76,9.4087626e-16,2.2218435e-16
3635.23,9.1371255e-16,2.2196259e-16
3636.70,7.9630118e-16,2.1780500e-16
3638.17,1.110985e-15,2.2351083e-16
3639.64,1.188897e-15,2.2457799e-16
3641.11,1.122032e-15,2.2263833e-16
3642.58,1.021471e-15,2.1958890e-16
3644.05,9.7035004e-16,2.1842020e-16
3645.52,6.2094789e-16,2.1002025e-16
3646.99,5.7529255e-16,2.1034856e-16
3648.46,9.418909e-16,2.1898962e-16
3649.93,8.9882234e-16,2.1566697e-16
3651.40,8.3896633e-16,2.1545960e-16
3652.87,1.065942e-15,2.1805246e-16
3654.34,9.4002425e-16,2.1338239e-16
3655.81,8.878151e-16,2.0949019e-16
3657.28,9.8356407e-16,2.0757131e-16
3658.75,1.097036e-15,2.0924317e-16
3660.22,1.0396499e-15,2.1026731e-16
3661.69,7.515691e-16,2.0424697e-16
3663.16,1.133713e-15,2.0699780e-16
3664.63,1.23861e-15,2.0639245e-16
3666.10,1.0450689e-15,2.0097827e-16
3667.57,1.145156e-15,2.0095452e-16
3669.04,1.256195e-15,2.0178880e-16
3670.51,9.3409766e-16,1.9359094e-16
3671.98,8.5001763e-16,1.9127607e-16
3673.45,1.18722e-15,1.9735493e-16
3674.92,1.130622e-15,1.9485060e-16
3676.39,1.09714e-15,1.9338388e-16
3677.86,1.3181209e-15,1.9511838e-16
3679.33,1.234618e-15,1.9268426e-16
3680.80,1.095498e-15,1.8991765e-16
3682.27,1.160731e-15,1.9009108e-16
3683.74,1.474618e-15,1.9568722e-16
3685.21,1.265499e-15,1.8922038e-16
3686.68,1.083022e-15,1.8548351e-16
3688.15,9.1834603e-16,1.8465147e-16
3689.62,9.2170356e-16,1.8264500e-16
3691.09,1.354852e-15,1.8846247e-16
3692.56,1.2978589e-15,1.8858897e-16
3694.03,9.2429982e-16,1.8035026e-16
3695.50,1.010903e-15,1.8208846e-16
3696.97,1.0652741e-15,1.8204533e-16
3698.44,1.092815e-15,1.8262263e-16
3699.91,1.243051e-15,1.8529200e-16
3701.38,1.227455e-15,1.8346667e-16
3702.85,1.0053999e-15,1.7852570e-16
3704.32,9.48432e-16,1.7481438e-16
3705.79,1.087222e-15,1.7656399e-16
3707.26,1.2629679e-15,1.7992229e-16
3708.73,1.125923e-15,1.7603665e-16
3710.20,1.277832e-15,1.7692470e-16
3711.67,1.247729e-15,1.7492569e-16
3713.14,1.10227e-15,1.7331601e-16
3714.61,9.7341026e-16,1.7089016e-16
3716.08,8.7306206e-16,1.6637783e-16
3717.55,8.3935989e-16,1.6478618e-16
3719.02,1.025221e-15,1.6789343e-16
3720.49,1.026364e-15,1.6691600e-16
3721.96,1.040283e-15,1.6779687e-16
3723.43,1.11219e-15,1.6833773e-16
3724.90,1.1334049e-15,1.6958541e-16
3726.37,1.156561e-15,1.7074839e-16
3727.84,9.7500004e-16,1.6499472e-16
3729.31,7.9110881e-16,1.6416766e-16
3730.78,1.1573891e-15,1.6976553e-16
3732.25,1.0891511e-15,1.6693764e-16
3733.72,1.137362e-15,1.6526913e-16
3735.19,1.1881631e-15,1.6501947e-16
3736.66,1.017669e-15,1.6185755e-16
3738.13,8.9913204e-16,1.6198654e-16
3739.60,9.1116001e-16,1.6220799e-16
3741.07,1.149375e-15,1.6419385e-16
3742.54,1.1608439e-15,1.6333849e-16
3744.01,1.082044e-15,1.6033319e-16
3745.48,9.571773e-16,1.5631529e-16
3746.95,7.9001953e-16,1.5273808e-16
3748.42,9.0183143e-16,1.5508830e-16
3749.89,9.5958129e-16,1.5510155e-16
3751.36,8.5314911e-16,1.5381518e-16
3752.83,7.9653708e-16,1.5388700e-16
3754.30,7.6158368e-16,1.5093345e-16
3755.77,9.350618e-16,1.5359568e-16
3757.24,1.0395079e-15,1.5382738e-16
3758.71,9.7567205e-16,1.5073538e-16
3760.18,9.2684992e-16,1.4940326e-16
3761.65,7.952057e-16,1.4771403e-16
3763.12,1.03243e-15,1.5111080e-16
3764.59,1.232592e-15,1.5251645e-16
3766.06,1.205256e-15,1.5238150e-16
3767.53,8.028489e-16,1.4598746e-16
3769.00,8.7876116e-16,1.4621043e-16
3770.47,1.107559e-15,1.5063854e-16
3771.94,8.6989124e-16,1.4584028e-16
3773.41,9.3838799e-16,1.4650652e-16
3774.88,1.041651e-15,1.4807745e-16
3776.35,9.5437764e-16,1.4540244e-16
3777.82,8.667335e-16,1.4358173e-16
3779.29,7.2177451e-16,1.4069309e-16
3780.76,7.8078131e-16,1.4088188e-16
3782.23,1.196936e-15,1.4751664e-16
3783.70,1.1918109e-15,1.4678858e-16
3785.17,8.8254173e-16,1.4055515e-16
3786.64,7.6642972e-16,1.3762408e-16
3788.11,1.0526709e-15,1.4318506e-16
3789.58,1.113572e-15,1.4488176e-16
3791.05,1.4482231e-15,1.5082462e-16
3792.52,1.367501e-15,1.4897999e-16
3793.99,1.339602e-15,1.4659210e-16
3795.46,1.263541e-15,1.4387141e-16
3796.93,1.3277591e-15,1.4291077e-16
3798.40,1.244956e-15,1.4123153e-16
3799.87,1.188318e-15,1.4011079e-16
3801.34,1.1080149e-15,1.3968476e-16
3802.81,8.0679809e-16,1.3481581e-16
3804.28,8.9096156e-16,1.3429828e-16
3805.75,9.6962424e-16,1.3405486e-16
3807.22,1.070418e-15,1.3665883e-16
3808.69,1.175984e-15,1.3782593e-16
3810.16,1.137179e-15,1.3703440e-16
3811.63,9.8224905e-16,1.3556543e-16
3813.10,1.254063e-15,1.3784120e-16
3814.57,1.270223e-15,1.3771948e-16
3816.04,1.1312371e-15,1.3552798e-16
3817.51,1.01169e-15,1.3245900e-16
3818.98,1.1204571e-15,1.3377837e-16
3820.45,9.1338781e-16,1.3033175e-16
3821.92,9.1379863e-16,1.2966173e-16
3823.39,1.095209e-15,1.3161552e-16
3824.86,1.403781e-15,1.3518883e-16
3826.33,1.36756e-15,1.3401880e-16
3827.80,1.243189e-15,1.3266569e-16
3829.27,1.157874e-15,1.3158626e-16
3830.74,9.2708614e-16,1.2811530e-16
3832.21,1.151615e-15,1.2979395e-16
3833.68,1.402542e-15,1.3238137e-16
3835.15,1.316936e-15,1.3138058e-16
3836.62,1.289183e-15,1.4214938e-16
3838.09,1.22181e-15,1.4398162e-16
3839.56,1.339983e-15,1.2785529e-16
3841.03,1.244504e-15,1.2789485e-16
3842.50,1.0150289e-15,1.2368724e-16
3843.97,1.1293979e-15,1.2461863e-16
3845.44,1.346013e-15,1.2892794e-16
3846.91,1.506007e-15,1.3090912e-16
3848.38,1.334018e-15,1.2665915e-16
3849.85,1.154726e-15,1.2408443e-16
3851.32,1.1902811e-15,1.2383278e-16
3852.79,1.1821019e-15,1.2330649e-16
3854.26,1.1313409e-15,1.2190048e-16
3855.73,1.0722019e-15,1.2003914e-16
3857.20,1.154586e-15,1.2050360e-16
3858.67,9.6579861e-16,1.1771936e-16
3860.14,7.9071616e-16,1.1496049e-16
3861.61,7.002036e-16,1.1227989e-16
3863.08,7.4277314e-16,1.1330641e-16
3864.55,7.5326179e-16,1.1284695e-16
3866.02,8.4922247e-16,1.1308363e-16
3867.49,8.1468561e-16,1.1243856e-16
3868.96,7.7109761e-16,1.1118844e-16
3870.43,9.3263029e-16,1.1330923e-16
3871.90,9.2127157e-16,1.1217206e-16
3873.37,1.1241389e-15,1.1599177e-16
3874.84,1.0665961e-15,1.1501439e-16
3876.31,1.0224611e-15,1.1372610e-16
3877.78,1.164207e-15,1.1619853e-16
3879.25,1.075974e-15,1.1348995e-16
3880.72,1.107853e-15,1.1394217e-16
3882.19,1.137517e-15,1.1404967e-16
3883.66,9.8650995e-16,1.1118360e-16
3885.13,9.1209387e-16,1.1077842e-16
3886.60,1.0754959e-15,1.1188356e-16
3888.07,9.6357272e-16,1.0956625e-16
3889.54,9.2338905e-16,1.0865514e-16
3891.01,1.1032811e-15,1.1150558e-16
3892.48,1.028253e-15,1.0949881e-16
3893.95,9.3448423e-16,1.0814345e-16
3895.42,1.0753e-15,1.1108766e-16
3896.89,1.0559539e-15,1.0955602e-16
3898.36,9.3649053e-16,1.0771468e-16
3899.83,9.3123342e-16,1.0808304e-16
3901.30,9.3034827e-16,1.0746751e-16
3902.77,1.101589e-15,1.0953734e-16
3904.24,8.8389497e-16,1.0668941e-16
3905.71,9.7582579e-16,1.0851603e-16
3907.18,1.022342e-15,1.0950848e-16
3908.65,1.021825e-15,1.0951836e-16
3910.12,1.0130901e-15,1.0918047e-16
3911.59,9.0430243e-16,1.0727186e-16
3913.06,1.0945341e-15,1.0926842e-16
3914.53,1.184475e-15,1.1192846e-16
3916.00,1.1214499e-15,1.0923952e-16
3917.47,1.084626e-15,1.0716011e-16
3918.94,1.21555e-15,1.0925188e-16
3920.41,1.031336e-15,1.0664379e-16
3921.88,9.5967795e-16,1.0390077e-16
3923.35,1.056922e-15,1.0471233e-16
3924.82,1.1238869e-15,1.0525942e-16
3926.29,9.7162186e-16,1.0311583e-16
3927.76,9.5422518e-16,1.0246672e-16
3929.23,1.0013321e-15,1.0135154e-16
3930.70,9.6063457e-16,9.9208529e-17
3932.17,1.0050351e-15,1.0024553e-16
3933.64,9.6805659e-16,1.0003380e-16
3935.11,8.3582231e-16,9.7630920e-17
3936.58,8.498389e-16,9.6877787e-17
3938.05,8.436716e-16,9.6677794e-17
3939.52,1.0077409e-15,9.9635892e-17
3940.99,1.082404e-15,1.0124387e-16
3942.46,9.9600836e-16,1.0035850e-16
3943.93,1.04921e-15,1.0041102e-16
3945.40,9.7509914e-16,9.9303218e-17
3946.87,8.2143111e-16,9.6450477e-17
3948.34,8.1579882e-16,9.6397010e-17
3949.81,9.4658145e-16,9.8445038e-17
3951.28,1.064914e-15,1.0003965e-16
3952.75,1.088073e-15,1.0004113e-16
3954.22,1.040033e-15,9.8075762e-17
3955.69,9.5273726e-16,9.5514207e-17
3957.16,8.290876e-16,9.4166738e-17
3958.63,9.8153511e-16,9.6248167e-17
3960.10,1.05515e-15,9.6757432e-17
3961.57,8.0056048e-16,9.2948446e-17
3963.04,7.3742874e-16,9.1012366e-17
3964.51,8.444783e-16,9.1495518e-17
3965.98,9.289387e-16,9.2072730e-17
3967.45,9.2485579e-16,9.1197781e-17
3968.92,1.0102231e-15,9.1523356e-17
3970.39,1.068561e-15,9.2520206e-17
3971.86,9.7248784e-16,9.2033581e-17
3973.33,9.1696642e-16,9.0633922e-17
3974.80,7.9990822e-16,8.8609093e-17
3976.27,8.0134309e-16,8.8963432e-17
3977.74,9.6349352e-16,9.1123966e-17
3979.21,9.4524377e-16,9.0909040e-17
3980.68,9.6408951e-16,9.1503856e-17
3982.15,1.0186301e-15,9.2210438e-17
3983.62,1.0171351e-15,9.1617098e-17
3985.09,9.089068e-16,8.9368967e-17
3986.56,7.9819663e-16,8.8254460e-17
3988.03,8.9842127e-16,9.0217774e-17
3989.50,9.2051433e-16,9.0663504e-17
3990.97,9.560049e-16,9.0442327e-17
3992.44,9.9204012e-16,8.9592268e-17
3993.91,9.7629886e-16,8.9071825e-17
3995.38,1.010903e-15,9.0208378e-17
3996.85,9.4173409e-16,8.9804537e-17
3998.32,8.9195354e-16,8.7488726e-17
3999.79,1.002386e-15,8.8715162e-17
4001.26,8.8154562e-16,8.5890458e-17
4002.73,8.9567318e-16,8.6212584e-17
4004.20,8.7472304e-16,8.6613539e-17
4005.67,8.8469177e-16,8.6135644e-17
4007.14,9.842472e-16,8.7992311e-17
4008.61,9.566677e-16,8.8445245e-17
4010.08,9.9031566e-16,8.8620480e-17
4011.55,9.2475182e-16,8.7128855e-17
4013.02,9.7258758e-16,8.6383323e-17
4014.49,9.2735645e-16,8.5648717e-17
4015.96,8.3225339e-16,8.3879309e-17
4017.43,1.016533e-15,8.6882283e-17
4018.90,1.000921e-15,8.7346229e-17
4020.37,1.077873e-15,8.8162272e-17
4021.84,1.160004e-15,8.9605909e-17
4023.31,1.012974e-15,8.7439219e-17
4024.78,1.0688941e-15,8.8162420e-17
4026.25,1.085329e-15,8.7290192e-17
4027.72,1.1223441e-15,8.6560607e-17
4029.19,1.087133e-15,8.5491474e-17
4030.66,1.024036e-15,8.4574670e-17
4032.13,1.275459e-15,8.7246004e-17
4033.60,1.243954e-15,8.6562707e-17
4035.07,1.1142711e-15,8.4711105e-17
4036.54,1.052504e-15,8.3956543e-17
4038.01,1.1227879e-15,8.4610298e-17
4039.48,1.001155e-15,8.2335608e-17
4040.95,1.054994e-15,8.4083234e-17
4042.42,1.1036299e-15,8.6636092e-17
4043.89,1.0249359e-15,8.7547005e-17
4045.36,1.134841e-15,9.1341778e-17
4046.83,1.050745e-15,8.9820375e-17
4048.30,1.058835e-15,8.9088662e-17
4049.77,1.106516e-15,8.7746858e-17
4051.24,1.2811871e-15,8.6625578e-17
4052.71,1.367551e-15,8.7039952e-17
4054.18,1.256526e-15,8.4433188e-17
4055.65,1.2217049e-15,8.3805526e-17
4057.12,1.19549e-15,8.3095540e-17
4058.59,1.046916e-15,8.0711967e-17
4060.06,1.151781e-15,8.2049200e-17
4061.53,1.293612e-15,8.3467013e-17
4063.00,1.165556e-15,8.1416616e-17
4064.47,1.0891331e-15,8.1308066e-17
4065.94,1.13042e-15,8.2154654e-17
4067.41,1.027007e-15,7.9803056e-17
4068.88,1.0658991e-15,7.9476693e-17
4070.35,1.023425e-15,7.8436892e-17
4071.82,1.017247e-15,7.8273885e-17
4073.29,1.098605e-15,8.0125396e-17
4074.76,1.121508e-15,8.0398302e-17
4076.23,1.0179489e-15,7.8386643e-17
4077.70,1.0412e-15,7.8876451e-17
4079.17,1.1807479e-15,8.0672210e-17
4080.64,1.1036741e-15,7.8689794e-17
4082.11,1.095504e-15,7.8005241e-17
4083.58,1.1542551e-15,7.8905881e-17
4085.05,1.119858e-15,7.9153089e-17
4086.52,1.1676479e-15,7.9713613e-17
4087.99,1.1862839e-15,7.9130393e-17
4089.46,1.2124681e-15,7.8715621e-17
4090.93,1.374424e-15,8.0460134e-17
4092.40,1.341774e-15,7.9887516e-17
4093.87,1.377835e-15,7.9908171e-17
4095.34,1.3431731e-15,7.8862283e-17
4096.81,1.2270221e-15,7.7258880e-17
4098.28,1.283808e-15,7.8183633e-17
4099.75,1.2903121e-15,7.7840973e-17
4101.22,1.370887e-15,7.8376491e-17
4102.69,1.44353e-15,7.8949018e-17
4104.16,1.389202e-15,7.8164776e-17
4105.63,1.345961e-15,7.7811301e-17
4107.10,1.388554e-15,7.8237218e-17
4108.57,1.3118481e-15,7.6852831e-17
4110.04,1.232879e-15,7.5828069e-17
4111.51,1.30895e-15,7.6711492e-17
4112.98,1.3411209e-15,7.6906795e-17
4114.45,1.3382041e-15,7.7302216e-17
4115.92,1.322127e-15,7.6279853e-17
4117.39,1.299803e-15,7.5673209e-17
4118.86,1.2709909e-15,7.6255351e-17
4120.33,1.335214e-15,7.7309715e-17
4121.80,1.29627e-15,7.5715576e-17
4123.27,1.30738e-15,7.5792694e-17
4124.74,1.364223e-15,7.6346970e-17
4126.21,1.304216e-15,7.5440844e-17
4127.68,1.160969e-15,7.3520474e-17
4129.15,1.324664e-15,7.5741215e-17
4130.62,1.3100459e-15,7.5239667e-17
4132.09,1.197548e-15,7.3713535e-17
4133.56,1.275831e-15,7.4418113e-17
4135.03,1.3114869e-15,7.4637711e-17
4136.50,1.3052539e-15,7.4853749e-17
4137.97,1.303608e-15,7.5157199e-17
4139.44,1.32905e-15,7.4975356e-17
4140.91,1.20957e-15,7.3470919e-17
4142.38,1.301929e-15,7.4280821e-17
4143.85,1.290033e-15,7.3713376e-17
4145.32,1.2460671e-15,7.2802637e-17
4146.79,1.2142039e-15,7.2168490e-17
4148.26,1.1056629e-15,7.0687408e-17
4149.73,1.1436711e-15,7.0821700e-17
4151.20,1.1622731e-15,7.1374784e-17
4152.67,1.0928369e-15,7.0514984e-17
4154.14,1.074881e-15,7.0200350e-17
4155.61,1.059178e-15,6.9964595e-17
4157.08,1.056963e-15,6.9447085e-17
4158.55,1.0829341e-15,6.9940609e-17
4160.02,1.1671261e-15,7.0760126e-17
4161.49,1.082956e-15,6.9956380e-17
4162.96,1.055878e-15,6.9757468e-17
4164.43,1.010569e-15,6.9199464e-17
4165.90,1.154186e-15,7.0577929e-17
4167.37,9.8731516e-16,6.8610657e-17
4168.84,1.043262e-15,6.9027191e-17
4170.31,1.009784e-15,6.8061213e-17
4171.78,9.6169294e-16,6.7305255e-17
4173.25,1.01672e-15,6.7378157e-17
4174.72,1.0458879e-15,6.7558569e-17
4176.19,1.084554e-15,6.7750187e-17
4177.66,1.092976e-15,6.8096413e-17
4179.13,9.5814525e-16,6.6141214e-17
4180.60,9.6315333e-16,6.5654364e-17
4182.07,1.051602e-15,6.6673145e-17
4183.54,1.07991e-15,6.7589340e-17
4185.01,1.035937e-15,6.6035861e-17
4186.48,1.1023279e-15,6.7539435e-17
4187.95,1.10102e-15,6.7593644e-17
4189.42,9.3991572e-16,6.5041808e-17
4190.89,1.046074e-15,6.6668132e-17
4192.36,9.9594123e-16,6.6115863e-17
4193.83,1.040708e-15,6.6001261e-17
4195.30,1.132586e-15,6.6991266e-17
4196.77,1.169517e-15,6.6996841e-17
4198.24,1.0740231e-15,6.5456032e-17
4199.71,1.0518579e-15,6.4770759e-17
4201.18,1.085363e-15,6.5687782e-17
4202.65,1.0979691e-15,6.5568143e-17
4204.12,1.190892e-15,6.6230503e-17
4205.59,1.15879e-15,6.5855465e-17
4207.06,1.179605e-15,6.6762498e-17
4208.53,1.152995e-15,6.6303141e-17
4210.00,1.163065e-15,6.6184947e-17
4211.47,1.249349e-15,6.7576912e-17
4212.94,1.168043e-15,6.6288628e-17
4214.41,1.149121e-15,6.5768816e-17
4215.88,1.205956e-15,6.6009060e-17
4217.35,1.316014e-15,6.6624430e-17
4218.82,1.266991e-15,6.6074733e-17
4220.29,1.311882e-15,6.6551106e-17
4221.76,1.290698e-15,6.5880903e-17
4223.23,1.173667e-15,6.4386839e-17
4224.70,1.275291e-15,6.5186840e-17
4226.17,1.404148e-15,6.6267970e-17
4227.64,1.285272e-15,6.5022458e-17
4229.11,1.23252e-15,6.4562104e-17
4230.58,1.2984499e-15,6.5197456e-17
4232.05,1.336792e-15,6.5664052e-17
4233.52,1.2883629e-15,6.5047588e-17
4234.99,1.3948359e-15,6.5973834e-17
4236.46,1.3782731e-15,6.5624406e-17
4237.93,1.251091e-15,6.3953397e-17
4239.40,1.369992e-15,6.5432782e-17
4240.87,1.33192e-15,6.4763328e-17
4242.34,1.244923e-15,6.3597843e-17
4243.81,1.167105e-15,6.3069396e-17
4245.28,1.196548e-15,6.3677416e-17
4246.75,1.155649e-15,6.2860069e-17
4248.22,1.20203e-15,6.2999217e-17
4249.69,1.297647e-15,6.4183769e-17
4251.16,1.332617e-15,6.4325396e-17
4252.63,1.2314209e-15,6.2793630e-17
4254.10,1.257705e-15,6.3301221e-17
4255.57,1.272805e-15,6.3163393e-17
4257.04,1.284613e-15,6.2591470e-17
4258.51,1.306907e-15,6.2879194e-17
4259.98,1.213342e-15,6.1980958e-17
4261.45,1.176021e-15,6.1759359e-17
4262.92,1.173902e-15,6.1853931e-17
4264.39,1.195243e-15,6.1653297e-17
4265.86,1.198519e-15,6.1316749e-17
4267.33,1.170995e-15,6.0903360e-17
4268.80,1.2298941e-15,6.1892957e-17
4270.27,1.160324e-15,6.0983381e-17
4271.74,1.1293091e-15,6.0320003e-17
4273.21,1.173206e-15,6.0449191e-17
4274.68,1.0853879e-15,5.9586790e-17
4276.15,1.0884139e-15,5.9701109e-17
4277.62,1.090385e-15,5.9451703e-17
4279.09,1.083599e-15,5.9693434e-17
4280.56,1.103765e-15,5.9875738e-17
4282.03,1.0954941e-15,5.9749759e-17
4283.50,1.0959689e-15,5.9759257e-17
4284.97,1.229952e-15,6.0638215e-17
4286.44,1.195768e-15,6.0234580e-17
4287.91,1.113197e-15,5.9584764e-17
4289.38,1.170079e-15,5.9758060e-17
4290.85,1.209162e-15,5.9858035e-17
4292.32,1.227641e-15,6.0141437e-17
4293.79,1.154509e-15,5.9499674e-17
4295.26,1.1883e-15,5.9945826e-17
4296.73,1.1582691e-15,5.9078715e-17
4298.20,1.163689e-15,5.8990965e-17
4299.67,1.0818239e-15,5.7717436e-17
4301.14,1.112724e-15,5.7987142e-17
4302.61,1.115571e-15,5.8223378e-17
4304.08,1.06922e-15,5.7133092e-17
4305.55,1.1420321e-15,5.7874886e-17
4307.02,1.1584491e-15,5.8904702e-17
4308.49,1.19216e-15,5.9085764e-17
4309.96,1.138733e-15,5.8475712e-17
4311.43,1.187434e-15,5.9292641e-17
4312.90,1.2815251e-15,6.0408200e-17
4314.37,1.239384e-15,6.0443748e-17
4315.84,1.210567e-15,6.0275766e-17
4317.31,1.225214e-15,6.0352848e-17
4318.78,1.236046e-15,6.0158771e-17
4320.25,1.2244999e-15,6.0197839e-17
4321.72,1.1663371e-15,5.9252621e-17
4323.19,1.178872e-15,5.9230851e-17
4324.66,1.191538e-15,5.8887270e-17
4326.13,1.19153e-15,5.8639566e-17
4327.60,1.257581e-15,5.9012230e-17
4329.07,1.199398e-15,5.8810754e-17
4330.54,1.255501e-15,5.9499562e-17
4332.01,1.2823599e-15,5.9365632e-17
4333.48,1.228379e-15,5.8485557e-17
4334.95,1.078965e-15,5.7047911e-17
4336.42,1.186745e-15,5.8308523e-17
4337.89,1.317808e-15,5.9454229e-17
4339.36,1.291611e-15,5.9207123e-17
4340.83,1.251333e-15,5.8906571e-17
4342.30,1.236032e-15,5.8516979e-17
4343.77,1.2520601e-15,5.9160874e-17
4345.24,1.2621899e-15,5.9211225e-17
4346.71,1.195985e-15,5.8566868e-17
4348.18,1.203671e-15,5.8384412e-17
4349.65,1.2845159e-15,5.9127323e-17
4351.12,1.334386e-15,5.9678618e-17
4352.59,1.268299e-15,5.9346390e-17
4354.06,1.2477601e-15,6.2266747e-17
4355.53,1.220423e-15,6.6553164e-17
4357.00,1.3707629e-15,7.0697253e-17
4358.47,1.3167551e-15,7.0639166e-17
4359.94,1.2521321e-15,6.9005139e-17
4361.41,1.298067e-15,6.5877025e-17
4362.88,1.2586e-15,6.1087083e-17
4364.35,1.272959e-15,5.9572246e-17
4365.82,1.367978e-15,5.9700694e-17
4367.29,1.3520239e-15,5.8702461e-17
4368.76,1.213122e-15,5.7445493e-17
4370.23,1.105664e-15,5.6078713e-17
4371.70,1.205153e-15,5.7252796e-17
4373.17,1.2148859e-15,5.7349522e-17
4374.64,1.131883e-15,5.6570353e-17
4376.11,1.2515e-15,5.7721407e-17
4377.58,1.167451e-15,5.6642332e-17
4379.05,1.104214e-15,5.5255668e-17
4380.52,1.132922e-15,5.5682887e-17
4381.99,1.171382e-15,5.5852798e-17
4383.46,1.1424e-15,5.5251873e-17
4384.93,1.162035e-15,5.5623539e-17
4386.40,1.144721e-15,5.5378183e-17
4387.87,1.116528e-15,5.4780579e-17
4389.34,1.154127e-15,5.5665313e-17
4390.81,1.131474e-15,5.5318688e-17
4392.28,1.148779e-15,5.5502175e-17
4393.75,1.172747e-15,5.5675700e-17
4395.22,1.124447e-15,5.5007481e-17
4396.69,1.197119e-15,5.5943022e-17
4398.16,1.173234e-15,5.5749097e-17
4399.63,1.101951e-15,5.5109033e-17
4401.10,1.1677e-15,5.5033844e-17
4402.57,1.0817041e-15,5.4193696e-17
4404.04,1.198695e-15,5.5538311e-17
4405.51,1.175662e-15,5.5142816e-17
4406.98,1.089227e-15,5.4308042e-17
4408.45,1.0306719e-15,5.3778099e-17
4409.92,1.055198e-15,5.4172165e-17
4411.39,1.1138621e-15,5.4822441e-17
4412.86,1.0951541e-15,5.4668448e-17
4414.33,1.216589e-15,5.5899505e-17
4415.80,1.1715421e-15,5.5100902e-17
4417.27,1.172083e-15,5.5241334e-17
4418.74,1.179393e-15,5.5285266e-17
4420.21,1.114545e-15,5.4326849e-17
4421.68,1.130821e-15,5.4221456e-17
4423.15,1.1095819e-15,5.3822239e-17
4424.62,1.2064231e-15,5.4908542e-17
4426.09,1.244633e-15,5.5697491e-17
4427.56,1.139073e-15,5.4351512e-17
4429.03,1.116675e-15,5.3684634e-17
4430.50,1.040726e-15,5.3055293e-17
4431.97,1.156456e-15,5.4093980e-17
4433.44,1.1459381e-15,5.3860046e-17
4434.91,1.098163e-15,5.3135594e-17
4436.38,1.07252e-15,5.2830968e-17
4437.85,1.1125451e-15,5.2921641e-17
4439.32,1.1220929e-15,5.2999933e-17
4440.79,1.1403821e-15,5.3349652e-17
4442.26,1.095201e-15,5.2620605e-17
4443.73,1.145335e-15,5.3396660e-17
4445.20,1.169949e-15,5.3624941e-17
4446.67,1.0751491e-15,5.2536277e-17
4448.14,1.091766e-15,5.2878466e-17
4449.61,1.144894e-15,5.3204195e-17
4451.08,1.104323e-15,5.2536164e-17
4452.55,1.1236939e-15,5.2417997e-17
4454.02,1.112534e-15,5.2176274e-17
4455.49,1.139347e-15,5.2317068e-17
4456.96,1.176206e-15,5.2594930e-17
4458.43,1.11281e-15,5.1802777e-17
4459.90,1.173788e-15,5.2341743e-17
4461.37,1.1645401e-15,5.2115581e-17
4462.84,1.104887e-15,5.1985308e-17
4464.31,1.2726181e-15,5.3964518e-17
4465.78,1.318414e-15,5.3944603e-17
4467.25,1.230017e-15,5.3018965e-17
4468.72,1.188884e-15,5.2513841e-17
4470.19,1.1567829e-15,5.1852303e-17
4471.66,1.1922311e-15,5.2281541e-17
4473.13,1.1888561e-15,5.2467100e-17
4474.60,1.303325e-15,5.3455902e-17
4476.07,1.261842e-15,5.2775189e-17
4477.54,1.1740511e-15,5.1820938e-17
4479.01,1.1633641e-15,5.1622776e-17
4480.48,1.070105e-15,5.0577219e-17
4481.95,1.173731e-15,5.1435113e-17
4483.42,1.169972e-15,5.1632438e-17
4484.89,1.168826e-15,5.2018712e-17
4486.36,1.1573539e-15,5.1648832e-17
4487.83,1.12928e-15,5.0982706e-17
4489.30,1.1967351e-15,5.1398916e-17
4490.77,1.080947e-15,5.0212785e-17
4492.24,9.5562575e-16,4.8867904e-17
4493.71,1.009233e-15,4.9269945e-17
4495.18,1.0992339e-15,5.0339095e-17
4496.65,1.0344331e-15,4.9895584e-17
4498.12,1.0154571e-15,4.9597914e-17
4499.59,1.0687279e-15,4.9789443e-17
4501.06,1.004297e-15,4.8957027e-17
4502.53,1.0034731e-15,4.9164446e-17
4504.00,9.7375733e-16,4.8848956e-17
4505.47,9.5063588e-16,4.8422468e-17
4506.94,1.0233231e-15,4.9153005e-17
4508.41,9.6291351e-16,4.8598168e-17
4509.88,1.0006011e-15,4.8960262e-17
4511.35,9.8352998e-16,4.8849721e-17
4512.82,9.3342014e-16,4.8143647e-17
4514.29,9.5697973e-16,4.7930668e-17
4515.76,1.034482e-15,4.8549218e-17
4517.23,9.5677189e-16,4.7697556e-17
4518.70,8.5545838e-16,4.6424024e-17
4520.17,8.7312209e-16,4.6365829e-17
4521.64,8.3193781e-16,4.6299708e-17
4523.11,7.990407e-16,4.5845612e-17
4524.58,7.9755256e-16,4.5194264e-17
4526.05,7.7075001e-16,4.4773047e-17
4527.52,7.866333e-16,4.5146855e-17
4528.99,8.5715938e-16,4.5738102e-17
4530.46,8.534713e-16,4.5874074e-17
4531.93,8.3580055e-16,4.5787582e-17
4533.40,8.8670374e-16,4.6524208e-17
4534.87,8.8224765e-16,4.6400528e-17
4536.34,9.5664346e-16,4.7041224e-17
4537.81,1.002946e-15,4.7824804e-17
4539.28,9.8169986e-16,4.7225265e-17
4540.75,9.7465477e-16,4.7031776e-17
4542.22,1.022611e-15,4.7949913e-17
4543.69,1.198416e-15,4.9773192e-17
4545.16,1.194391e-15,4.9685097e-17
4546.63,1.056808e-15,4.8305930e-17
4548.10,1.063794e-15,4.8109081e-17
4549.57,1.164119e-15,4.9023708e-17
4551.04,1.232305e-15,4.9517732e-17
4552.51,1.254496e-15,4.9669013e-17
4553.98,1.1824761e-15,4.8980548e-17
4555.45,1.1509549e-15,4.8724171e-17
4556.92,1.1633019e-15,4.8811574e-17
4558.39,1.164611e-15,4.8969499e-17
4559.86,1.1591011e-15,4.8658372e-17
4561.33,1.1696351e-15,4.8591196e-17
4562.80,1.164182e-15,4.8551616e-17
4564.27,1.1153671e-15,4.7894801e-17
4565.74,1.0858639e-15,4.7530567e-17
4567.21,1.079615e-15,4.7506042e-17
4568.68,1.0313341e-15,4.6741307e-17
4570.15,1.0473551e-15,4.6966315e-17
4571.62,1.0744999e-15,4.7520004e-17
4573.09,1.102983e-15,4.7811155e-17
4574.56,1.111907e-15,4.7799129e-17
4576.03,1.0702029e-15,4.7262128e-17
4577.50,1.1515661e-15,4.7678762e-17
4578.97,1.1685789e-15,4.7856504e-17
4580.44,1.1460169e-15,4.7657018e-17
4581.91,1.050716e-15,4.6621981e-17
4583.38,1.0981501e-15,4.6807878e-17
4584.85,1.11816e-15,4.7069515e-17
4586.32,1.1698281e-15,4.7662841e-17
4587.79,1.116368e-15,4.7211016e-17
4589.26,1.0694e-15,4.6585300e-17
4590.73,1.116625e-15,4.6743296e-17
4592.20,1.1864839e-15,4.7532936e-17
4593.67,1.148386e-15,4.7187614e-17
4595.14,1.187114e-15,4.7602880e-17
4596.61,1.212562e-15,4.7313771e-17
4598.08,1.0998389e-15,4.6259503e-17
4599.55,1.122438e-15,4.6568219e-17
4601.02,1.216967e-15,4.7337445e-17
4602.49,1.173864e-15,4.6898233e-17
4603.96,1.114548e-15,4.6174988e-17
4605.43,1.0899921e-15,4.6076008e-17
4606.90,1.097357e-15,4.6514370e-17
4608.37,1.105228e-15,4.6199852e-17
4609.84,1.137368e-15,4.6206970e-17
4611.31,1.1575541e-15,4.6616741e-17
4612.78,1.1110949e-15,4.6155740e-17
4614.25,1.150082e-15,4.6282218e-17
4615.72,1.2073141e-15,4.6644641e-17
4617.19,1.1802191e-15,4.6322233e-17
4618.66,1.143021e-15,4.5848690e-17
4620.13,1.1481441e-15,4.6002234e-17
4621.60,1.207629e-15,4.6784769e-17
4623.07,1.205994e-15,4.6485686e-17
4624.54,1.217946e-15,4.6420175e-17
4626.01,1.2456251e-15,4.6733558e-17
4627.48,1.232499e-15,4.6539606e-17
4628.95,1.196384e-15,4.6186008e-17
4630.42,1.265609e-15,4.6567967e-17
4631.89,1.3240171e-15,4.7348107e-17
4633.36,1.284892e-15,4.6775680e-17
4634.83,1.214878e-15,4.5900554e-17
4636.30,1.262452e-15,4.6212961e-17
4637.77,1.2541061e-15,4.6461106e-17
4639.24,1.202216e-15,4.5836019e-17
4640.71,1.2819881e-15,4.6343044e-17
4642.18,1.2405091e-15,4.6261264e-17
4643.65,1.2571669e-15,4.6155659e-17
4645.12,1.207324e-15,4.5214977e-17
4646.59,1.1874301e-15,4.5081406e-17
4648.06,1.277702e-15,4.6041111e-17
4649.53,1.2015081e-15,4.5351090e-17
4651.00,1.1916e-15,4.5051314e-17
4652.47,1.287122e-15,4.5946110e-17
4653.94,1.2794389e-15,4.5807027e-17
4655.41,1.2805789e-15,4.5942621e-17
4656.88,1.266286e-15,4.5827789e-17
4658.35,1.254818e-15,4.6134992e-17
4659.82,1.2380299e-15,4.5910459e-17
4661.29,1.184403e-15,4.5641240e-17
4662.76,1.200724e-15,4.5638506e-17
4664.23,1.279498e-15,4.6175348e-17
4665.70,1.222835e-15,4.5680041e-17
4667.17,1.1815129e-15,4.5321471e-17
4668.64,1.267226e-15,4.6220946e-17
4670.11,1.3000359e-15,4.6664862e-17
4671.58,1.2327189e-15,4.6109506e-17
4673.05,1.249164e-15,4.5897488e-17
4674.52,1.2583651e-15,4.5905782e-17
4675.99,1.2795101e-15,4.5935378e-17
4677.46,1.266865e-15,4.5864029e-17
4678.93,1.2776771e-15,4.5655464e-17
4680.40,1.187325e-15,4.4390512e-17
4681.87,1.1811951e-15,4.4552337e-17
4683.34,1.221126e-15,4.4810279e-17
4684.81,1.2979191e-15,4.5257527e-17
4686.28,1.264571e-15,4.4992305e-17
4687.75,1.238285e-15,4.5059559e-17
4689.22,1.186323e-15,4.4283756e-17
4690.69,1.23332e-15,4.4824181e-17
4692.16,1.2526049e-15,4.4814111e-17
4693.63,1.20801e-15,4.4112168e-17
4695.10,1.243505e-15,4.4613999e-17
4696.57,1.307673e-15,4.5055200e-17
4698.04,1.311379e-15,4.4921808e-17
4699.51,1.324883e-15,4.4873147e-17
4700.98,1.262039e-15,4.4170948e-17
4702.45,1.243582e-15,4.4308463e-17
4703.92,1.242437e-15,4.4412463e-17
4705.39,1.3296171e-15,4.4934081e-17
4706.86,1.3035099e-15,4.5036146e-17
4708.33,1.316907e-15,4.5140030e-17
4709.80,1.288814e-15,4.4724147e-17
4711.27,1.3064881e-15,4.4868166e-17
4712.74,1.2775361e-15,4.4638104e-17
4714.21,1.312358e-15,4.4931441e-17
4715.68,1.4043539e-15,4.5557362e-17
4717.15,1.3481539e-15,4.5238935e-17
4718.62,1.387306e-15,4.5423673e-17
4720.09,1.326123e-15,4.4717558e-17
4721.56,1.3047921e-15,4.4587509e-17
4723.03,1.354281e-15,4.5019040e-17
4724.50,1.3551821e-15,4.4938119e-17
4725.97,1.36731e-15,4.4928120e-17
4727.44,1.394362e-15,4.5394436e-17
4728.91,1.34952e-15,4.5007683e-17
4730.38,1.355458e-15,4.5096622e-17
4731.85,1.4532171e-15,4.6091525e-17
4733.32,1.415698e-15,4.5647437e-17
4734.79,1.3406281e-15,4.5150777e-17
4736.26,1.384318e-15,4.5518623e-17
4737.73,1.429666e-15,4.5796314e-17
4739.20,1.357602e-15,4.5270997e-17
4740.67,1.428487e-15,4.6035179e-17
4742.14,1.3138301e-15,4.4968790e-17
4743.61,1.245736e-15,4.4254243e-17
4745.08,1.300411e-15,4.4470720e-17
4746.55,1.372376e-15,4.4813997e-17
4748.02,1.301891e-15,4.4352552e-17
4749.49,1.206952e-15,4.9626970e-17
4750.96,1.325733e-15,4.5624923e-17
4752.43,1.320878e-15,4.3659448e-17
4753.90,1.327396e-15,4.4069025e-17
4755.37,1.2953269e-15,4.3454361e-17
4756.84,1.273649e-15,4.3397354e-17
4758.31,1.229632e-15,4.2548447e-17
4759.78,1.3176251e-15,4.3217305e-17
4761.25,1.239716e-15,4.2389792e-17
4762.72,1.222667e-15,4.2725157e-17
4764.19,1.285345e-15,4.9487766e-17
4765.66,1.350322e-15,4.4732259e-17
4767.13,1.2849991e-15,4.2855339e-17
4768.60,1.1967731e-15,4.7870489e-17
4770.07,1.2006659e-15,4.3341516e-17
4771.54,1.159557e-15,4.1104851e-17
4773.01,1.111399e-15,4.1100256e-17
4774.48,1.154526e-15,4.1477902e-17
4775.95,1.1845419e-15,4.1898540e-17
4777.42,1.200459e-15,4.2103823e-17
4778.89,1.237788e-15,4.2534210e-17
4780.36,1.2668199e-15,4.2623066e-17
4781.83,1.2884441e-15,4.2743148e-17
4783.30,1.249647e-15,4.2460453e-17
4784.77,1.253882e-15,4.2475774e-17
4786.24,1.266639e-15,4.2375618e-17
4787.71,1.2184319e-15,4.1864681e-17
4789.18,1.250034e-15,4.2329739e-17
4790.65,1.2570831e-15,4.2223492e-17
4792.12,1.2173831e-15,4.1691180e-17
4793.59,1.2319519e-15,4.2060881e-17
4795.06,1.240787e-15,4.2118198e-17
4796.53,1.235178e-15,4.1970551e-17
4798.00,1.2598221e-15,4.2282521e-17
4799.47,1.3622709e-15,4.3109089e-17
4800.94,1.34436e-15,4.2796240e-17
4802.41,1.198923e-15,4.1621663e-17
4803.88,1.213829e-15,4.1749437e-17
4805.35,1.338843e-15,4.2766041e-17
4806.82,1.2862651e-15,4.2213694e-17
4808.29,1.232786e-15,4.1806095e-17
4809.76,1.30085e-15,4.2335993e-17
4811.23,1.302586e-15,4.2404619e-17
4812.70,1.246825e-15,4.1819628e-17
4814.17,1.213528e-15,4.1733906e-17
4815.64,1.3256771e-15,4.2684746e-17
4817.11,1.242637e-15,4.2020191e-17
4818.58,1.267979e-15,4.2135149e-17
4820.05,1.257141e-15,4.2154975e-17
4821.52,1.284847e-15,4.2415542e-17
4822.99,1.307407e-15,4.2394635e-17
4824.46,1.283295e-15,4.2036368e-17
4825.93,1.164308e-15,4.1143355e-17
4827.40,1.221185e-15,4.1882754e-17
4828.87,1.2130701e-15,4.1586947e-17
4830.34,1.197526e-15,4.1405827e-17
4831.81,1.2489911e-15,4.1751924e-17
4833.28,1.255858e-15,4.1798376e-17
4834.75,1.2211159e-15,4.1670786e-17
4836.22,1.2341841e-15,4.1458732e-17
4837.69,1.313988e-15,4.2200949e-17
4839.16,1.288176e-15,4.2049473e-17
4840.63,1.249284e-15,4.1678746e-17
4842.10,1.185243e-15,4.0758793e-17
4843.57,1.241839e-15,4.1486657e-17
4845.04,1.183598e-15,4.4402626e-17
4846.51,1.155033e-15,4.1456270e-17
4847.98,1.175505e-15,4.0450928e-17
4849.45,1.1981241e-15,4.0617891e-17
4850.92,1.110353e-15,4.0006214e-17
4852.39,1.101441e-15,3.9959022e-17
4853.86,1.1460591e-15,4.0106753e-17
4855.33,1.124131e-15,3.9737556e-17
4856.80,1.1168911e-15,3.9431454e-17
4858.27,1.070683e-15,3.9286314e-17
4859.74,1.088071e-15,3.9362106e-17
4861.21,1.166343e-15,4.0035166e-17
4862.68,1.1275789e-15,4.0167351e-17
4864.15,1.207504e-15,4.0448976e-17
4865.62,1.1931309e-15,4.0022677e-17
4867.09,1.120119e-15,3.9712616e-17
4868.56,1.0495189e-15,3.8941829e-17
4870.03,1.072361e-15,3.8763819e-17
4871.50,1.147141e-15,3.9626556e-17
4872.97,1.088974e-15,3.9136517e-17
4874.44,1.06204e-15,3.8937352e-17
4875.91,1.078613e-15,3.9227718e-17
4877.38,1.106475e-15,3.9491428e-17
4878.85,1.1086771e-15,3.9561680e-17
4880.32,1.122017e-15,3.9592795e-17
4881.79,1.140859e-15,3.9781562e-17
4883.26,1.123177e-15,3.9370980e-17
4884.73,1.145558e-15,3.9428618e-17
4886.20,1.1363831e-15,3.9404583e-17
4887.67,1.096822e-15,3.9181168e-17
4889.14,1.0385211e-15,3.8621261e-17
4890.61,1.0831881e-15,3.9071263e-17
4892.08,1.136878e-15,3.9594100e-17
4893.55,1.1262029e-15,3.9391145e-17
4895.02,1.089265e-15,3.9116543e-17
4896.49,1.075522e-15,3.8883539e-17
4897.96,1.0985169e-15,3.9003926e-17
4899.43,1.132817e-15,3.9206847e-17
4900.90,1.1765631e-15,3.9699127e-17
4902.37,1.189476e-15,3.9954943e-17
4903.84,1.185001e-15,3.9840661e-17
4905.31,1.1828901e-15,3.9711397e-17
4906.78,1.18758e-15,3.9613765e-17
4908.25,1.165796e-15,3.9437544e-17
4909.72,1.184195e-15,3.9382712e-17
4911.19,1.193635e-15,3.9684026e-17
4912.66,1.2179411e-15,3.9813426e-17
4914.13,1.156946e-15,3.9304817e-17
4915.60,1.102183e-15,3.8752761e-17
4917.07,1.122849e-15,3.8473338e-17
4918.54,1.1787e-15,3.8818442e-17
4920.01,1.1823711e-15,3.8981886e-17
4921.48,1.134008e-15,3.8441759e-17
4922.95,1.089215e-15,3.8042062e-17
4924.42,1.1265649e-15,3.8474774e-17
4925.89,9.9679165e-16,3.7327268e-17
4927.36,1.050085e-15,3.7654564e-17
4928.83,1.115256e-15,3.8193834e-17
4930.30,1.125913e-15,3.8109648e-17
4931.77,1.116212e-15,3.8215692e-17
4933.24,1.055244e-15,3.7707689e-17
4934.71,1.057066e-15,3.7440894e-17
4936.18,1.1396101e-15,3.8298606e-17
4937.65,1.074838e-15,3.7565822e-17
4939.12,1.0449651e-15,3.7351448e-17
4940.59,1.035766e-15,3.7275234e-17
4942.06,1.05162e-15,3.7383776e-17
4943.53,1.07296e-15,3.7674112e-17
4945.00,1.110755e-15,3.7946701e-17
4946.47,1.282606e-15,3.9360064e-17
4947.94,1.325111e-15,3.9453997e-17
4949.41,1.1762821e-15,3.8326705e-17
4950.88,1.06566e-15,3.7548530e-17
4952.35,1.042431e-15,3.7052893e-17
4953.82,1.050229e-15,3.6932534e-17
4955.29,1.022756e-15,3.6573047e-17
4956.76,9.5222851e-16,3.6021860e-17
4958.23,1.039678e-15,3.6590965e-17
4959.70,1.0378011e-15,3.6673164e-17
4961.17,9.9390761e-16,3.6562975e-17
4962.64,1.0289759e-15,3.6832070e-17
4964.11,1.078664e-15,3.7303738e-17
4965.58,1.0376591e-15,3.6783022e-17
4967.05,1.018833e-15,3.6643034e-17
4968.52,1.035367e-15,3.6865947e-17
4969.99,1.042299e-15,3.6939273e-17
4971.46,9.9148955e-16,3.6713677e-17
4972.93,1.071076e-15,3.7455765e-17
4974.40,9.6793292e-16,3.6991535e-17
4975.87,1.0471931e-15,3.7824889e-17
4977.34,1.110471e-15,3.8435741e-17
4978.81,9.837844e-16,3.7516374e-17
4980.28,9.9200931e-16,3.7915167e-17
4981.75,9.5690667e-16,3.7572398e-17
4983.22,1.005791e-15,3.8096701e-17
4984.69,1.010755e-15,3.7937069e-17
4986.16,1.046294e-15,3.7958731e-17
4987.63,1.054311e-15,3.7745836e-17
4989.10,1.092311e-15,3.7939626e-17
4990.57,1.068671e-15,3.7755870e-17
4992.04,1.100953e-15,3.7765808e-17
4993.51,1.104415e-15,3.7718369e-17
4994.98,1.117333e-15,3.7450583e-17
4996.45,1.204737e-15,3.8217617e-17
4997.92,1.2514239e-15,3.8447604e-17
4999.39,1.273324e-15,3.8569451e-17
5000.86,1.242067e-15,3.8291534e-17
5002.33,1.2823791e-15,3.8534635e-17
5003.80,1.2536221e-15,3.8251750e-17
5005.27,1.281294e-15,3.8469202e-17
5006.74,1.221273e-15,3.7777329e-17
5008.21,1.252475e-15,3.7986023e-17
5009.68,1.238375e-15,3.8054534e-17
5011.15,1.2546931e-15,3.8100705e-17
5012.62,1.283682e-15,3.8092286e-17
5014.09,1.277778e-15,3.8191838e-17
5015.56,1.214048e-15,3.7744703e-17
5017.03,1.23856e-15,3.7801645e-17
5018.50,1.263571e-15,3.8147943e-17
5019.97,1.2220891e-15,3.7690621e-17
5021.44,1.238742e-15,3.7639393e-17
5022.91,1.163419e-15,3.7044406e-17
5024.38,1.163213e-15,3.6747374e-17
5025.85,1.1513161e-15,3.6825601e-17
5027.32,1.111289e-15,3.6482278e-17
5028.79,1.169464e-15,3.6968527e-17
5030.26,1.144519e-15,3.6863699e-17
5031.73,1.091742e-15,3.6500029e-17
5033.20,1.092649e-15,3.6292578e-17
5034.67,1.101267e-15,3.6285813e-17
5036.14,1.0580471e-15,3.5786383e-17
5037.61,1.0880111e-15,3.5981407e-17
5039.08,1.1075731e-15,3.6075842e-17
5040.55,1.1167839e-15,3.6090872e-17
5042.02,1.087744e-15,3.5980396e-17
5043.49,1.120335e-15,3.6265480e-17
5044.96,1.1175639e-15,3.6370227e-17
5046.43,1.123277e-15,3.6533045e-17
5047.90,1.077624e-15,3.5857622e-17
5049.37,1.070213e-15,3.5499301e-17
5050.84,1.092029e-15,3.5727770e-17
5052.31,1.0926071e-15,3.5795692e-17
5053.78,1.0585329e-15,3.5542658e-17
5055.25,9.4669273e-16,3.4505639e-17
5056.72,9.9673797e-16,3.5077394e-17
5058.19,1.024233e-15,3.5115378e-17
5059.66,1.0305589e-15,3.5345243e-17
5061.13,1.024279e-15,3.5509252e-17
5062.60,9.9156938e-16,3.5212031e-17
5064.07,1.003425e-15,3.5181354e-17
5065.54,1.015976e-15,3.5316099e-17
5067.01,9.5438463e-16,3.4729848e-17
5068.48,9.5663763e-16,3.4883407e-17
5069.95,9.1966708e-16,3.4668347e-17
5071.42,9.4546538e-16,3.4545318e-17
5072.89,9.455703e-16,3.4614330e-17
5074.36,9.6000057e-16,3.4591415e-17
5075.83,9.7281596e-16,3.4427667e-17
5077.30,9.1084364e-16,3.3941093e-17
5078.77,8.7028829e-16,3.3763858e-17
5080.24,9.1300781e-16,3.4575816e-17
5081.71,9.3418734e-16,3.5061877e-17
5083.18,9.5283911e-16,3.5685512e-17
5084.65,9.2038325e-16,3.5688244e-17
5086.12,9.3172227e-16,3.5573727e-17
5087.59,1.07295e-15,3.6694760e-17
5089.06,1.053643e-15,3.6151579e-17
5090.53,1.061824e-15,3.6010057e-17
5092.00,1.129284e-15,3.6442110e-17
5093.47,1.23331e-15,3.7476566e-17
5094.94,1.3026659e-15,3.7916550e-17
5096.41,1.346689e-15,3.8038327e-17
5097.88,1.305051e-15,3.7855066e-17
5099.35,1.2555769e-15,3.7527409e-17
5100.82,1.2423739e-15,3.7155682e-17
5102.29,1.301136e-15,3.7414778e-17
5103.76,1.2763199e-15,3.7079115e-17
5105.23,1.274832e-15,3.6948109e-17
5106.70,1.238933e-15,3.6497730e-17
5108.17,1.2096481e-15,3.6262728e-17
5109.64,1.246024e-15,3.6742533e-17
5111.11,1.212311e-15,3.6569953e-17
5112.58,1.2143701e-15,3.6498754e-17
5114.05,1.3322321e-15,3.7441834e-17
5115.52,1.287953e-15,3.7153057e-17
5116.99,1.2583831e-15,3.6897646e-17
5118.46,1.2592061e-15,3.6936071e-17
5119.93,1.20347e-15,3.6381618e-17
5121.40,1.1994031e-15,3.6301331e-17
5122.87,1.245877e-15,3.6515396e-17
5124.34,1.274601e-15,3.6680829e-17
5125.81,1.308045e-15,3.6849611e-17
5127.28,1.281412e-15,3.6650104e-17
5128.75,1.261109e-15,3.6419359e-17
5130.22,1.244038e-15,3.6312558e-17
5131.69,1.266796e-15,3.6732573e-17
5133.16,1.273749e-15,3.6851386e-17
5134.63,1.259258e-15,3.6622029e-17
5136.10,1.270337e-15,3.6690331e-17
5137.57,1.261204e-15,3.6599064e-17
5139.04,1.1798199e-15,3.5983258e-17
5140.51,1.143374e-15,3.5735702e-17
5141.98,1.180074e-15,3.5973626e-17
5143.45,1.261485e-15,3.6553495e-17
5144.92,1.235371e-15,3.6474521e-17
5146.39,1.1370521e-15,3.5676543e-17
5147.86,1.142825e-15,3.5921448e-17
5149.33,1.267255e-15,3.7084313e-17
5150.80,1.197363e-15,3.6469451e-17
5152.27,1.1501339e-15,3.6073349e-17
5153.74,1.236969e-15,3.6760980e-17
5155.21,1.246737e-15,3.6833269e-17
5156.68,1.2168121e-15,3.6465112e-17
5158.15,1.1645879e-15,3.5813627e-17
5159.62,1.124967e-15,3.5401568e-17
5161.09,1.137499e-15,3.5420786e-17
5162.56,1.132669e-15,3.5249585e-17
5164.03,1.106778e-15,3.4839347e-17
5165.50,1.172332e-15,3.5233539e-17
5166.97,1.150789e-15,3.4960803e-17
5168.44,1.131542e-15,3.4711746e-17
5169.91,1.123428e-15,3.4492611e-17
5171.38,1.1492259e-15,3.4746337e-17
5172.85,1.1061569e-15,3.4360801e-17
5174.32,1.059204e-15,3.4039780e-17
5175.79,1.0461071e-15,3.3873845e-17
5177.26,1.0839301e-15,3.4479050e-17
5178.73,1.109228e-15,3.4795381e-17
5180.20,1.0732631e-15,3.4284739e-17
5181.67,1.029639e-15,3.3824429e-17
5183.14,1.0659309e-15,3.3897491e-17
5184.61,1.06965e-15,3.3910154e-17
5186.08,1.0635449e-15,3.4058479e-17
5187.55,1.055094e-15,3.4244939e-17
5189.02,1.042377e-15,3.4189962e-17
5190.49,1.1246399e-15,3.4714919e-17
5191.96,1.096999e-15,3.4480803e-17
5193.43,1.0257519e-15,3.4031675e-17
5194.90,1.017864e-15,3.4218401e-17
5196.37,1.018086e-15,3.4737678e-17
5197.84,1.0513939e-15,3.5351853e-17
5199.31,1.095525e-15,3.5597946e-17
5200.78,1.088629e-15,3.5458559e-17
5202.25,1.03973e-15,3.4775274e-17
5203.72,1.0683051e-15,3.4414776e-17
5205.19,1.092595e-15,3.4140786e-17
5206.66,1.018382e-15,3.3489150e-17
5208.13,1.037153e-15,3.3788373e-17
5209.60,1.063259e-15,3.4050419e-17
5211.07,1.0495951e-15,3.3998131e-17
5212.54,1.0521359e-15,3.3939139e-17
5214.01,1.0445041e-15,3.3770177e-17
5215.48,1.0066771e-15,3.3556618e-17
5216.95,1.001999e-15,3.3680724e-17
5218.42,1.044493e-15,3.4088036e-17
5219.89,1.065678e-15,3.4372475e-17
5221.36,1.084775e-15,3.4369719e-17
5222.83,1.077756e-15,3.4199904e-17
5224.30,1.062264e-15,3.4183055e-17
5225.77,1.0399199e-15,3.3915416e-17
5227.24,1.036491e-15,3.3722272e-17
5228.71,1.011278e-15,3.3460834e-17
5230.18,1.060812e-15,3.4024310e-17
5231.65,1.116504e-15,3.4521191e-17
5233.12,1.047302e-15,3.3923699e-17
5234.59,9.7644868e-16,3.3516520e-17
5236.06,1.013184e-15,3.3806894e-17
5237.53,1.083732e-15,3.4477896e-17
5239.00,1.047531e-15,3.4236251e-17
5240.47,1.032943e-15,3.3828245e-17
5241.94,1.019365e-15,3.3603801e-17
5243.41,1.037793e-15,3.3724238e-17
5244.88,1.1172511e-15,3.4326547e-17
5246.35,1.114044e-15,3.4469566e-17
5247.82,1.140566e-15,3.4749024e-17
5249.29,1.200701e-15,3.5088165e-17
5250.76,1.1977089e-15,3.5067620e-17
5252.23,1.1555261e-15,3.4748047e-17
5253.70,1.134534e-15,3.4749039e-17
5255.17,1.143828e-15,3.4979999e-17
5256.64,1.191401e-15,3.5323347e-17
5258.11,1.1781861e-15,3.5046848e-17
5259.58,1.141328e-15,3.4426166e-17
5261.05,1.152199e-15,3.4486808e-17
5262.52,1.114525e-15,3.4124902e-17
5263.99,1.105207e-15,3.3747646e-17
5265.46,1.126147e-15,3.3809077e-17
5266.93,1.146003e-15,3.3932117e-17
5268.40,1.150184e-15,3.3882087e-17
5269.87,1.175933e-15,3.4194712e-17
5271.34,1.169358e-15,3.4372603e-17
5272.81,1.137515e-15,3.4162850e-17
5274.28,1.160853e-15,3.4357280e-17
5275.75,1.142177e-15,3.4229901e-17
5277.22,1.081954e-15,3.3661695e-17
5278.69,1.139723e-15,3.4034883e-17
5280.16,1.208003e-15,3.4501629e-17
5281.63,1.148439e-15,3.4031481e-17
5283.10,1.14548e-15,3.3990094e-17
5284.57,1.180096e-15,3.4341913e-17
5286.04,1.163206e-15,3.4286326e-17
5287.51,1.105277e-15,3.3807861e-17
5288.98,1.1259239e-15,3.3953207e-17
5290.45,1.162441e-15,3.4214794e-17
5291.92,1.1590089e-15,3.4201919e-17
5293.39,1.159016e-15,3.4041799e-17
5294.86,1.133467e-15,3.3800918e-17
5296.33,1.12744e-15,3.3834574e-17
5297.80,1.1479239e-15,3.3995624e-17
5299.27,1.126634e-15,3.3911294e-17
5300.74,1.061731e-15,3.3177292e-17
5302.21,1.12152e-15,3.3556365e-17
5303.68,1.197961e-15,3.4295511e-17
5305.15,1.122205e-15,3.3597961e-17
5306.62,1.1010129e-15,3.3490467e-17
5308.09,1.120179e-15,3.3733781e-17
5309.56,1.1383961e-15,3.3699844e-17
5311.03,1.1237201e-15,3.3691340e-17
5312.50,1.108582e-15,3.3902739e-17
5313.97,1.107371e-15,3.3837147e-17
5315.44,1.119961e-15,3.3685988e-17
5316.91,1.0926091e-15,3.3265836e-17
5318.38,1.09427e-15,3.3637690e-17
5319.85,1.0955439e-15,3.3626346e-17
5321.32,1.127103e-15,3.3554562e-17
5322.79,1.186637e-15,3.4101663e-17
5324.26,1.194389e-15,3.4199688e-17
5325.73,1.133244e-15,3.3608862e-17
5327.20,1.124655e-15,3.3615171e-17
5328.67,1.152946e-15,3.3832451e-17
5330.14,1.124254e-15,3.3496528e-17
5331.61,1.129671e-15,3.3728663e-17
5333.08,1.183416e-15,3.4208629e-17
5334.55,1.1676119e-15,3.3883242e-17
5336.02,1.090464e-15,3.3275552e-17
5337.49,1.118874e-15,3.3829271e-17
5338.96,1.096158e-15,3.3527623e-17
5340.43,1.13963e-15,3.3943853e-17
5341.90,1.129347e-15,3.3783913e-17
5343.37,1.137836e-15,3.3656554e-17
5344.84,1.122229e-15,3.3694779e-17
5346.31,1.1553399e-15,3.3996422e-17
5347.78,1.125626e-15,3.3906547e-17
5349.25,1.11349e-15,3.3706933e-17
5350.72,1.0867091e-15,3.3480648e-17
5352.19,1.104947e-15,3.3733321e-17
5353.66,1.1231641e-15,3.3962790e-17
5355.13,1.1758619e-15,3.4226759e-17
5356.60,1.15292e-15,3.4137373e-17
5358.07,1.141548e-15,3.3828881e-17
5359.54,1.1795719e-15,3.4057142e-17
5361.01,1.147418e-15,3.3699375e-17
5362.48,1.1450811e-15,3.3530354e-17
5363.95,1.1617499e-15,3.3587784e-17
5365.42,1.146719e-15,3.3354359e-17
5366.89,1.122901e-15,3.3251365e-17
5368.36,1.118016e-15,3.3248947e-17
5369.83,1.160519e-15,3.3588800e-17
5371.30,1.172819e-15,3.3764975e-17
5372.77,1.216055e-15,3.4311081e-17
5374.24,1.167793e-15,3.4085760e-17
5375.71,1.143412e-15,3.3945457e-17
5377.18,1.238404e-15,3.4525007e-17
5378.65,1.2006341e-15,3.4117441e-17
5380.12,1.1456841e-15,3.3611359e-17
5381.59,1.1740721e-15,3.3642748e-17
5383.06,1.210354e-15,3.3890640e-17
5384.53,1.248414e-15,3.4205085e-17
5386.00,1.2513271e-15,3.4286120e-17
5387.47,1.20296e-15,3.3984001e-17
5388.94,1.1879769e-15,3.3904121e-17
5390.41,1.214198e-15,3.3945368e-17
5391.88,1.194285e-15,3.3883499e-17
5393.35,1.19013e-15,3.3952526e-17
5394.82,1.1913319e-15,3.3831080e-17
5396.29,1.250965e-15,3.4131026e-17
5397.76,1.242102e-15,3.4144193e-17
5399.23,1.2518899e-15,3.4211667e-17
5400.70,1.291121e-15,3.4515315e-17
5402.17,1.275369e-15,3.4333408e-17
5403.64,1.325918e-15,3.4772045e-17
5405.11,1.3059191e-15,3.4530166e-17
5406.58,1.2698309e-15,3.4046610e-17
5408.05,1.259326e-15,3.4102419e-17
5409.52,1.2655621e-15,3.4218911e-17
5410.99,1.2953741e-15,3.4527790e-17
5412.46,1.257867e-15,3.4258634e-17
5413.93,1.205856e-15,3.3956800e-17
5415.40,1.284958e-15,3.4575036e-17
5416.87,1.3013361e-15,3.4604079e-17
5418.34,1.270805e-15,3.4372933e-17
5419.81,1.260097e-15,3.4179948e-17
5421.28,1.2556879e-15,3.4090255e-17
5422.75,1.212669e-15,3.3865681e-17
5424.22,1.219141e-15,3.3954353e-17
5425.69,1.255806e-15,3.4143468e-17
5427.16,1.2208821e-15,3.3793095e-17
5428.63,1.2435921e-15,3.3935622e-17
5430.10,1.242944e-15,3.3843486e-17
5431.57,1.2248481e-15,3.3742977e-17
5433.04,1.1754889e-15,3.3480357e-17
5434.51,1.206047e-15,3.3627240e-17
5435.98,1.259588e-15,3.3962907e-17
5437.45,1.219592e-15,3.3606136e-17
5438.92,1.2480249e-15,3.3850144e-17
5440.39,1.247448e-15,3.3994502e-17
5441.86,1.257907e-15,3.3969205e-17
5443.33,1.244923e-15,3.3693524e-17
5444.80,1.237535e-15,3.3759608e-17
5446.27,1.242922e-15,3.3755599e-17
5447.74,1.252176e-15,3.3627573e-17
5449.21,1.236528e-15,3.3560598e-17
5450.68,1.225074e-15,3.3603165e-17
5452.15,1.219312e-15,3.3371109e-17
5453.62,1.231116e-15,3.3561524e-17
5455.09,1.1846469e-15,3.3401484e-17
5456.56,1.263272e-15,3.4981525e-17
5458.03,1.329855e-15,3.7313329e-17
5459.50,1.2484179e-15,3.8317588e-17
5460.97,1.170819e-15,3.8234110e-17
5462.44,1.171319e-15,3.7670638e-17
5463.91,1.1744071e-15,3.5911161e-17
5465.38,1.205863e-15,3.4352384e-17
5466.85,1.23727e-15,3.3655401e-17
5468.32,1.192132e-15,3.3145674e-17
5469.79,1.151959e-15,3.2699778e-17
5471.26,1.2003911e-15,3.2842990e-17
5472.73,1.1873811e-15,3.2794404e-17
5474.20,1.2175241e-15,3.2832943e-17
5475.67,1.215323e-15,3.2653556e-17
5477.14,1.225441e-15,3.2577688e-17
5478.61,1.205552e-15,3.2654735e-17
5480.08,1.22422e-15,3.2891523e-17
5481.55,1.23025e-15,3.2993531e-17
5483.02,1.224215e-15,3.3120175e-17
5484.49,1.220227e-15,3.2934066e-17
5485.96,1.176163e-15,3.2373320e-17
5487.43,1.1709871e-15,3.2216453e-17
5488.90,1.1482249e-15,3.1871066e-17
5490.37,1.1843321e-15,3.2002996e-17
5491.84,1.229495e-15,3.2263677e-17
5493.31,1.151745e-15,3.1731134e-17
5494.78,1.1674549e-15,3.1856572e-17
5496.25,1.224985e-15,3.2289571e-17
5497.72,1.209119e-15,3.2066064e-17
5499.19,1.144868e-15,3.1575666e-17
5500.66,1.134344e-15,3.1642061e-17
5502.13,1.166888e-15,3.1772183e-17
5503.60,1.225425e-15,3.2009208e-17
5505.07,1.219583e-15,3.1958132e-17
5506.54,1.177423e-15,3.1625364e-17
5508.01,1.180131e-15,3.1669173e-17
5509.48,1.203225e-15,3.1773498e-17
5510.95,1.216821e-15,3.1929855e-17
5512.42,1.209357e-15,3.1991944e-17
5513.89,1.17475e-15,3.1844132e-17
5515.36,1.2005281e-15,3.2006878e-17
5516.83,1.1984939e-15,3.2139931e-17
5518.30,1.1826921e-15,3.2176186e-17
5519.77,1.189606e-15,3.2077656e-17
5521.24,1.1753221e-15,3.1752909e-17
5522.71,1.181115e-15,3.1722955e-17
5524.18,1.204966e-15,3.1703612e-17
5525.65,1.240181e-15,3.1976237e-17
5527.12,1.170958e-15,3.1435987e-17
5528.59,1.1313111e-15,3.1011059e-17
5530.06,1.156665e-15,3.1211133e-17
5531.53,1.152624e-15,3.1213960e-17
5533.00,1.17072e-15,3.1269901e-17
5534.47,1.196947e-15,3.1439336e-17
5535.94,1.201202e-15,3.1406414e-17
5537.41,1.1999951e-15,3.1529740e-17
5538.88,1.1792211e-15,3.1619927e-17
5540.35,1.1812331e-15,3.1556003e-17
5541.82,1.151662e-15,3.1425411e-17
5543.29,1.146578e-15,3.1548461e-17
5544.76,1.120839e-15,3.1247680e-17
5546.23,1.1259429e-15,3.1143531e-17
5547.70,1.116851e-15,3.0964582e-17
5549.17,1.118286e-15,3.0894603e-17
5550.64,1.14984e-15,3.1199975e-17
5552.11,1.138443e-15,3.1012330e-17
5553.58,1.0924279e-15,3.0755485e-17
5555.05,1.1075849e-15,3.0832521e-17
5556.52,1.193841e-15,3.1294786e-17
5557.99,1.150381e-15,3.0999407e-17
5559.46,1.123719e-15,3.0863163e-17
5560.93,1.135378e-15,3.1129774e-17
5562.40,1.1333359e-15,3.1236612e-17
5563.87,1.1613949e-15,3.1550472e-17
5565.34,1.1649789e-15,3.1627879e-17
5566.81,1.175481e-15,3.1572401e-17
5568.28,1.122483e-15,3.1082493e-17
5569.75,1.062346e-15,3.0674161e-17
5571.22,1.1044509e-15,3.1546790e-17
5572.69,1.127311e-15,3.7118420e-17
5574.16,1.110412e-15,4.7995490e-17
5575.63,1.148568e-15,5.6386518e-17
5577.10,1.140983e-15,5.8741244e-17
5578.57,1.150093e-15,5.7495223e-17
5580.04,1.194441e-15,5.0397944e-17
5581.51,1.2032699e-15,3.9391240e-17
5582.98,1.18485e-15,3.2626702e-17
5584.45,1.118626e-15,3.0844310e-17
5585.92,1.142588e-15,3.1055796e-17
5587.39,1.182285e-15,3.1380959e-17
5588.86,1.227777e-15,3.1720928e-17
5590.33,1.218328e-15,3.1704603e-17
5591.80,1.1624741e-15,3.1173327e-17
5593.27,1.1937961e-15,3.1197868e-17
5594.74,1.205577e-15,3.1224402e-17
5596.21,1.1971579e-15,3.1204660e-17
5597.68,1.187266e-15,3.1095485e-17
5599.15,1.170199e-15,3.0895456e-17
5600.62,1.168092e-15,3.0806454e-17
5602.09,1.185722e-15,3.1072011e-17
5603.56,1.1514471e-15,3.1043103e-17
5605.03,1.105824e-15,3.0858255e-17
5606.50,1.157072e-15,3.1358805e-17
5607.97,1.217284e-15,3.1581208e-17
5609.44,1.1777509e-15,3.0981592e-17
5610.91,1.152836e-15,3.0806573e-17
5612.38,1.192898e-15,3.1136806e-17
5613.85,1.2523751e-15,3.1376824e-17
5615.32,1.2771451e-15,3.1483006e-17
5616.79,1.211907e-15,3.1039573e-17
5618.26,1.1964471e-15,3.0973288e-17
5619.73,1.2196439e-15,3.1248938e-17
5621.20,1.1896091e-15,3.1138458e-17
5622.67,1.172827e-15,3.1027671e-17
5624.14,1.2028579e-15,3.1313433e-17
5625.61,1.245341e-15,3.1616795e-17
5627.08,1.218938e-15,3.1207183e-17
5628.55,1.186473e-15,3.0906461e-17
5630.02,1.213429e-15,3.1034060e-17
5631.49,1.20337e-15,3.0908049e-17
5632.96,1.139722e-15,3.0586190e-17
5634.43,1.154509e-15,3.0810208e-17
5635.90,1.1573339e-15,3.0773552e-17
5637.37,1.2090841e-15,3.1055737e-17
5638.84,1.205429e-15,3.0978248e-17
5640.31,1.196803e-15,3.1001569e-17
5641.78,1.1712479e-15,3.0881925e-17
5643.25,1.167128e-15,3.0698888e-17
5644.72,1.174201e-15,3.0746498e-17
5646.19,1.2155171e-15,3.1111551e-17
5647.66,1.2139389e-15,3.1106497e-17
5649.13,1.169523e-15,3.0872832e-17
5650.60,1.139792e-15,3.0613110e-17
5652.07,1.1715731e-15,3.0733280e-17
5653.54,1.174994e-15,3.0761244e-17
5655.01,1.142131e-15,3.0488756e-17
5656.48,1.125631e-15,3.0290013e-17
5657.95,1.103399e-15,3.0083265e-17
5659.42,1.12698e-15,3.0312240e-17
5660.89,1.185194e-15,3.0807331e-17
5662.36,1.154734e-15,3.0716800e-17
5663.83,1.1375019e-15,3.0726323e-17
5665.30,1.148849e-15,3.1030327e-17
5666.77,1.108155e-15,3.0837010e-17
5668.24,1.031793e-15,3.0494482e-17
5669.71,1.045419e-15,3.0938289e-17
5671.18,1.098528e-15,3.1469836e-17
5672.65,1.114296e-15,3.1482806e-17
5674.12,1.080621e-15,3.1136893e-17
5675.59,1.079413e-15,3.0888346e-17
5677.06,1.1391949e-15,3.1318233e-17
5678.53,1.154043e-15,3.1786903e-17
5680.00,1.14047e-15,3.2117225e-17
5681.47,1.0776591e-15,3.2192454e-17
5682.94,1.059687e-15,3.2699860e-17
5684.41,1.063613e-15,3.3341269e-17
5685.88,1.094603e-15,3.4039055e-17
5687.35,1.0420261e-15,3.3852420e-17
5688.82,9.9833347e-16,3.3594906e-17
5690.29,1.034091e-15,3.3477915e-17
5691.76,1.113372e-15,3.3436505e-17
5693.23,1.120856e-15,3.2774134e-17
5694.70,1.0800461e-15,3.1893877e-17
5696.17,1.023248e-15,3.1129665e-17
5697.64,9.9721252e-16,3.0746374e-17
5699.11,9.9391577e-16,3.0447162e-17
5700.58,1.0256439e-15,3.0475782e-17
5702.05,1.099864e-15,3.0783281e-17
5703.52,1.084846e-15,3.0438097e-17
5704.99,1.058395e-15,3.0020933e-17
5706.46,1.049288e-15,2.9946736e-17
5707.93,1.052728e-15,3.0088930e-17
5709.40,1.100165e-15,3.0438552e-17
5710.87,1.156048e-15,3.0816217e-17
5712.34,1.1607179e-15,3.0657449e-17
5713.81,1.101557e-15,3.0044485e-17
5715.28,1.044904e-15,2.9812733e-17
5716.75,1.0329289e-15,2.9771186e-17
5718.22,1.0466221e-15,2.9740470e-17
5719.69,1.053794e-15,2.9713899e-17
5721.16,1.04788e-15,2.9725554e-17
5722.63,1.069809e-15,2.9948601e-17
5724.10,1.075563e-15,2.9876318e-17
5725.57,1.078541e-15,2.9866907e-17
5727.04,1.0678509e-15,2.9574564e-17
5728.51,1.039374e-15,2.9239241e-17
5729.98,1.0342081e-15,2.9270714e-17
5731.45,1.0818301e-15,2.9658428e-17
5732.92,1.0816479e-15,2.9545105e-17
5734.39,1.056162e-15,2.9443361e-17
5735.86,1.104799e-15,2.9702388e-17
5737.33,1.110752e-15,2.9707709e-17
5738.80,1.0698529e-15,2.9420646e-17
5740.27,1.061515e-15,2.9310841e-17
5741.74,1.102718e-15,2.9623674e-17
5743.21,1.147801e-15,2.9957879e-17
5744.68,1.117314e-15,2.9714798e-17
5746.15,1.0998389e-15,2.9648742e-17
5747.62,1.088247e-15,2.9542414e-17
5749.09,1.126959e-15,2.9821255e-17
5750.56,1.1027959e-15,2.9720515e-17
5752.03,1.0961289e-15,2.9615547e-17
5753.50,1.097682e-15,2.9478513e-17
5754.97,1.099068e-15,2.9497767e-17
5756.44,1.119108e-15,2.9635633e-17
5757.91,1.0809149e-15,2.9476078e-17
5759.38,1.026288e-15,2.9052700e-17
5760.85,1.0139399e-15,2.9011204e-17
5762.32,1.0501301e-15,2.9372976e-17
5763.79,1.085028e-15,2.9756762e-17
5765.26,1.1154979e-15,3.0209381e-17
5766.73,1.100757e-15,3.0616567e-17
5768.20,1.0764471e-15,3.0796501e-17
5769.67,1.109375e-15,3.0971669e-17
5771.14,1.076471e-15,3.0664312e-17
5772.61,1.076177e-15,3.0260688e-17
5774.08,1.1091389e-15,2.9942816e-17
5775.55,1.0651211e-15,2.9339369e-17
5777.02,1.055388e-15,2.9453062e-17
5778.49,1.061815e-15,2.9476346e-17
5779.96,1.097579e-15,2.9538644e-17
5781.43,1.0703489e-15,2.9353619e-17
5782.90,1.0592299e-15,2.9356436e-17
5784.37,1.0875661e-15,2.9574399e-17
5785.84,1.054981e-15,2.9473442e-17
5787.31,1.0456391e-15,2.9855621e-17
5788.78,1.087595e-15,3.0675215e-17
5790.25,1.063975e-15,3.0829507e-17
5791.72,1.061966e-15,3.0673444e-17
5793.19,1.0794781e-15,3.0411062e-17
5794.66,1.0755921e-15,2.9918368e-17
5796.13,1.070745e-15,2.9606872e-17
5797.60,1.0475399e-15,2.9339652e-17
5799.07,1.0206389e-15,2.9174021e-17
5800.54,1.0375921e-15,2.9385487e-17
5802.01,1.062755e-15,2.9562984e-17
5803.48,1.067937e-15,2.9554777e-17
5804.95,1.0675139e-15,2.9489697e-17
5806.42,1.039361e-15,2.9248597e-17
5807.89,1.0598e-15,2.9348047e-17
5809.36,1.042585e-15,2.9221310e-17
5810.83,1.0187361e-15,2.9011049e-17
5812.30,1.029218e-15,2.9096222e-17
5813.77,9.8232221e-16,2.8860324e-17
5815.24,9.8674246e-16,2.8907757e-17
5816.71,1.041553e-15,2.9244066e-17
5818.18,1.068826e-15,2.9438515e-17
5819.65,1.082284e-15,2.9564916e-17
5821.12,1.089621e-15,2.9575078e-17
5822.59,1.0619239e-15,2.9440659e-17
5824.06,1.013632e-15,2.9358529e-17
5825.53,1.02203e-15,2.9411021e-17
5827.00,1.0792789e-15,2.9606823e-17
5828.47,1.0497771e-15,2.9405901e-17
5829.94,1.030658e-15,2.9360099e-17
5831.41,1.043494e-15,2.9554052e-17
5832.88,1.0320991e-15,2.9541968e-17
5834.35,1.007195e-15,2.9245787e-17
5835.82,1.011996e-15,2.9236995e-17
5837.29,1.0550881e-15,2.9617788e-17
5838.76,1.080965e-15,2.9842649e-17
5840.23,1.023643e-15,2.9540385e-17
5841.70,1.019585e-15,2.9432547e-17
5843.17,1.044443e-15,2.9642159e-17
5844.64,1.038464e-15,2.9680378e-17
5846.11,1.03827e-15,2.9656952e-17
5847.58,1.030917e-15,2.9569289e-17
5849.05,1.054455e-15,2.9722658e-17
5850.52,1.047544e-15,2.9794388e-17
5851.99,9.7916193e-16,2.9384069e-17
5853.46,9.6132331e-16,2.9232885e-17
5854.93,1.0385031e-15,2.9752339e-17
5856.40,9.9283188e-16,2.9344447e-17
5857.87,9.4474106e-16,2.8948803e-17
5859.34,1.0005e-15,2.9369480e-17
5860.81,1.03964e-15,2.9901648e-17
5862.28,1.0092421e-15,3.0041969e-17
5863.75,9.9869843e-16,3.0469223e-17
5865.22,1.011284e-15,3.1063545e-17
5866.69,9.676479e-16,3.0913419e-17
5868.16,9.5940764e-16,3.0677749e-17
5869.63,1.007607e-15,3.0573839e-17
5871.10,1.006552e-15,3.0116970e-17
5872.57,9.5674436e-16,2.9579948e-17
5874.04,9.8967711e-16,2.9539058e-17
5875.51,9.9522104e-16,2.9299404e-17
5876.98,9.9633182e-16,2.9163560e-17
5878.45,9.8089634e-16,2.8951849e-17
5879.92,9.3192418e-16,2.8416524e-17
5881.39,9.6093707e-16,2.8630386e-17
5882.86,9.7830548e-16,2.8832144e-17
5884.33,8.9864838e-16,2.9049602e-17
5885.80,8.8740963e-16,3.2210734e-17
5887.27,8.9462254e-16,3.6787823e-17
5888.74,8.8266011e-16,3.8818786e-17
5890.21,8.7681918e-16,3.9098278e-17
5891.68,8.9390013e-16,3.8933593e-17
5893.15,9.3337324e-16,3.7829778e-17
5894.62,8.6883769e-16,3.5930877e-17
5896.09,8.6175311e-16,3.5341497e-17
5897.56,9.2884881e-16,3.4675544e-17
5899.03,9.6404028e-16,3.2157842e-17
5900.50,9.4533493e-16,2.9673034e-17
5901.97,9.2485145e-16,2.8830573e-17
5903.44,9.6642489e-16,2.9148033e-17
5904.91,9.5878264e-16,2.9010137e-17
5906.38,9.1484376e-16,2.8761861e-17
5907.85,9.0044864e-16,2.8682250e-17
5909.32,9.1718633e-16,2.8642777e-17
5910.79,9.2580458e-16,2.8753073e-17
5912.26,8.3915448e-16,2.8744684e-17
5913.73,8.112178e-16,2.9021779e-17
5915.20,8.9119915e-16,2.9476532e-17
5916.67,9.5807463e-16,2.9893046e-17
5918.14,9.0817888e-16,2.9262964e-17
5919.61,9.4366977e-16,2.9078981e-17
5921.08,9.2223889e-16,2.9066457e-17
5922.55,8.8511968e-16,2.9988322e-17
5924.02,8.7273034e-16,2.9659915e-17
5925.49,9.0656263e-16,2.9242664e-17
5926.96,9.4713721e-16,2.9441741e-17
5928.43,9.3776203e-16,2.9378453e-17
5929.90,8.8974765e-16,2.9664714e-17
5931.37,8.5582324e-16,2.9861715e-17
5932.84,9.1060605e-16,3.0067859e-17
5934.31,9.2392215e-16,3.0130486e-17
5935.78,8.7165392e-16,2.9960651e-17
5937.25,8.7635585e-16,2.9200962e-17
5938.72,8.7477513e-16,2.8412691e-17
5940.19,8.9426054e-16,2.8385615e-17
5941.66,8.6690259e-16,2.8299636e-17
5943.13,8.1391814e-16,2.8045507e-17
5944.60,7.7574401e-16,2.7917624e-17
5946.07,7.974452e-16,2.7993267e-17
5947.54,8.2155171e-16,2.8131449e-17
5949.01,8.3663398e-16,2.8344496e-17
5950.48,8.4039761e-16,2.8454305e-17
5951.95,8.0825011e-16,2.8638448e-17
5953.42,8.5608011e-16,2.9200433e-17
5954.89,9.5689058e-16,2.9712037e-17
5956.36,9.598913e-16,2.9249449e-17
5957.83,9.8867337e-16,2.9016870e-17
5959.30,1.073687e-15,2.9506259e-17
5960.77,1.120411e-15,2.9911392e-17
5962.24,1.1552171e-15,3.0169567e-17
5963.71,1.239538e-15,3.0713656e-17
5965.18,1.293476e-15,3.1041518e-17
5966.65,1.250053e-15,3.0942069e-17
5968.12,1.295917e-15,3.1347360e-17
5969.59,1.3355989e-15,3.1466548e-17
5971.06,1.3351689e-15,3.1371425e-17
5972.53,1.349232e-15,3.1533086e-17
5974.00,1.372548e-15,3.1830154e-17
5975.47,1.393214e-15,3.1996263e-17
5976.94,1.453535e-15,3.2354142e-17
5978.41,1.474048e-15,3.2494154e-17
5979.88,1.4591281e-15,3.2251119e-17
5981.35,1.428102e-15,3.1740459e-17
5982.82,1.385607e-15,3.1268391e-17
5984.29,1.411586e-15,3.1446470e-17
5985.76,1.425423e-15,3.1520684e-17
5987.23,1.363304e-15,3.1050533e-17
5988.70,1.310366e-15,3.0678623e-17
5990.17,1.279306e-15,3.0423528e-17
5991.64,1.216326e-15,2.9946984e-17
5993.11,1.126704e-15,2.9354039e-17
5994.58,1.1557861e-15,2.9505651e-17
5996.05,1.216046e-15,2.9848414e-17
5997.52,1.1499241e-15,2.9461469e-17
5998.99,1.115605e-15,2.9455749e-17
6000.46,1.172747e-15,2.9857615e-17
6001.93,1.1594811e-15,2.9693068e-17
6003.40,1.178251e-15,2.9835759e-17
6004.87,1.2475819e-15,3.0203176e-17
6006.34,1.2547801e-15,3.0126626e-17
6007.81,1.1945719e-15,2.9549199e-17
6009.28,1.1661591e-15,2.9296817e-17
6010.75,1.158913e-15,2.9296385e-17
6012.22,1.1681021e-15,2.9332326e-17
6013.69,1.2015719e-15,2.9518302e-17
6015.16,1.182559e-15,2.9337555e-17
6016.63,1.1846691e-15,2.9303487e-17
6018.10,1.19923e-15,2.9349934e-17
6019.57,1.1681221e-15,2.9125018e-17
6021.04,1.128344e-15,2.8870286e-17
6022.51,1.110254e-15,2.8631271e-17
6023.98,1.106545e-15,2.8605326e-17
6025.45,1.1230391e-15,2.8876816e-17
6026.92,1.1213091e-15,2.8848330e-17
6028.39,1.094648e-15,2.8600204e-17
6029.86,1.137959e-15,2.8887999e-17
6031.33,1.174515e-15,2.9145117e-17
6032.80,1.10875e-15,2.8695672e-17
6034.27,1.0623689e-15,2.8358320e-17
6035.74,1.0969381e-15,2.8553585e-17
6037.21,1.137833e-15,2.8744644e-17
6038.68,1.161794e-15,2.8795709e-17
6040.15,1.168461e-15,2.8772618e-17
6041.62,1.156704e-15,2.8616834e-17
6043.09,1.142607e-15,2.8484440e-17
6044.56,1.1424219e-15,2.8523208e-17
6046.03,1.166795e-15,2.8701462e-17
6047.50,1.167861e-15,2.8590136e-17
6048.97,1.144577e-15,2.8392163e-17
6050.44,1.1336369e-15,2.8405017e-17
6051.91,1.0996091e-15,2.8137443e-17
6053.38,1.104738e-15,2.8122189e-17
6054.85,1.135506e-15,2.8344465e-17
6056.32,1.1373e-15,2.8550598e-17
6057.79,1.101527e-15,2.8331260e-17
6059.26,1.067297e-15,2.7951941e-17
6060.73,1.084347e-15,2.8059996e-17
6062.20,1.09644e-15,2.8138055e-17
6063.67,1.150142e-15,2.8476768e-17
6065.14,1.177016e-15,2.8627318e-17
6066.61,1.119036e-15,2.8199293e-17
6068.08,1.090611e-15,2.7978908e-17
6069.55,1.122257e-15,2.8196790e-17
6071.02,1.183764e-15,2.8545747e-17
6072.49,1.2075821e-15,2.8815356e-17
6073.96,1.1240551e-15,2.8320399e-17
6075.43,1.079736e-15,2.7801297e-17
6076.90,1.103779e-15,2.7994561e-17
6078.37,1.119917e-15,2.8171646e-17
6079.84,1.102757e-15,2.7893109e-17
6081.31,1.125791e-15,2.7927598e-17
6082.78,1.140181e-15,2.8013676e-17
6084.25,1.127006e-15,2.8026492e-17
6085.72,1.0835741e-15,2.7626850e-17
6087.19,1.053625e-15,2.7375506e-17
6088.66,1.1105661e-15,2.7796409e-17
6090.13,1.116023e-15,2.7803724e-17
6091.60,1.072988e-15,2.7582498e-17
6093.07,1.05514e-15,2.7657708e-17
6094.54,1.081257e-15,2.7842850e-17
6096.01,1.049443e-15,2.7687878e-17
6097.48,1.0515669e-15,2.7865080e-17
6098.95,1.0492559e-15,2.7831079e-17
6100.42,1.0218709e-15,2.7595251e-17
6101.89,1.061092e-15,2.7810866e-17
6103.36,1.088028e-15,2.8152570e-17
6104.83,1.0361511e-15,2.7823266e-17
6106.30,1.039669e-15,2.7792013e-17
6107.77,1.070235e-15,2.8264994e-17
6109.24,1.043853e-15,2.8400369e-17
6110.71,1.0635851e-15,2.8629964e-17
6112.18,1.060292e-15,2.8611191e-17
6113.65,1.053473e-15,2.8584170e-17
6115.12,1.005313e-15,2.8226665e-17
6116.59,1.01308e-15,2.8078413e-17
6118.06,1.047426e-15,2.8032918e-17
6119.53,1.01387e-15,2.7595843e-17
6121.00,1.004097e-15,2.7400487e-17
6122.47,1.0256341e-15,2.7430958e-17
6123.94,1.0523421e-15,2.7489929e-17
6125.41,1.048256e-15,2.7406229e-17
6126.88,1.002332e-15,2.7028673e-17
6128.35,9.96978e-16,2.7057338e-17
6129.82,1.0309941e-15,2.7306061e-17
6131.29,1.0231971e-15,2.7258946e-17
6132.76,9.9441435e-16,2.7162946e-17
6134.23,1.007286e-15,2.7328118e-17
6135.70,1.0221899e-15,2.7394135e-17
6137.17,1.00984e-15,2.7445478e-17
6138.64,1.008191e-15,2.7561723e-17
6140.11,1.0492019e-15,2.7807903e-17
6141.58,1.0400501e-15,2.7786667e-17
6143.05,1.025318e-15,2.7584485e-17
6144.52,9.7589482e-16,2.7203381e-17
6145.99,9.639488e-16,2.7109906e-17
6147.46,1.025289e-15,2.7321411e-17
6148.93,1.021906e-15,2.7147772e-17
6150.40,9.6231254e-16,2.6867541e-17
6151.87,9.5103684e-16,2.6991739e-17
6153.34,9.9012169e-16,2.7363561e-17
6154.81,1.0150011e-15,2.7475043e-17
6156.28,1.0027159e-15,2.7411964e-17
6157.75,9.8406266e-16,2.7478976e-17
6159.22,9.6452584e-16,2.7251481e-17
6160.69,9.8356905e-16,2.7365433e-17
6162.16,1.0054081e-15,2.7567796e-17
6163.63,9.8128216e-16,2.6968244e-17
6165.10,9.8192676e-16,2.6569649e-17
6166.57,9.6412424e-16,2.6546057e-17
6168.04,9.6071938e-16,2.6837198e-17
6169.51,9.6298943e-16,2.6962975e-17
6170.98,9.6600762e-16,2.6979085e-17
6172.45,9.7684657e-16,2.6918396e-17
6173.92,9.8017255e-16,2.6765483e-17
6175.39,9.8819236e-16,2.6644179e-17
6176.86,1.00325e-15,2.6481447e-17
6178.33,9.4063898e-16,2.7061146e-17
6179.80,9.0380904e-16,2.6999272e-17
6181.27,9.4496425e-16,2.6150344e-17
6182.74,9.6026294e-16,2.5841408e-17
6184.21,9.4836244e-16,2.5971160e-17
6185.68,9.7012261e-16,2.6226350e-17
6187.15,9.7237064e-16,2.6048273e-17
6188.62,9.5271248e-16,2.5792515e-17
6190.09,9.6171549e-16,2.5999935e-17
6191.56,9.7991632e-16,2.6161187e-17
6193.03,9.9955679e-16,2.6249080e-17
6194.50,1.001354e-15,2.6330146e-17
6195.97,9.9862463e-16,2.6332965e-17
6197.44,9.8277802e-16,2.6104301e-17
6198.91,1.0138021e-15,2.6404410e-17
6200.38,1.036227e-15,2.6815317e-17
6201.85,9.9339008e-16,2.6536631e-17
6203.32,9.7304699e-16,2.6361220e-17
6204.79,1.0158469e-15,2.6596841e-17
6206.26,1.038683e-15,2.6573628e-17
6207.73,9.8633037e-16,2.6129405e-17
6209.20,9.9442515e-16,2.6268987e-17
6210.67,1.0050531e-15,2.6433922e-17
6212.14,9.679108e-16,2.6162603e-17
6213.61,9.961693e-16,2.6274088e-17
6215.08,1.044916e-15,2.6487150e-17
6216.55,1.0629049e-15,2.6517413e-17
6218.02,1.0660909e-15,2.6639789e-17
6219.49,1.030078e-15,2.6626963e-17
6220.96,1.006258e-15,2.6667919e-17
6222.43,1.047141e-15,2.6969201e-17
6223.90,1.066924e-15,2.6823052e-17
6225.37,1.068043e-15,2.6458096e-17
6226.84,1.044091e-15,2.6100349e-17
6228.31,1.002615e-15,2.5826740e-17
6229.78,1.006952e-15,2.6024035e-17
6231.25,1.0381549e-15,2.6781508e-17
6232.72,1.075535e-15,2.8002188e-17
6234.19,1.095281e-15,2.9009427e-17
6235.66,1.0912159e-15,2.9269835e-17
6237.13,1.069438e-15,2.9042976e-17
6238.60,1.064618e-15,2.8596208e-17
6240.07,1.043668e-15,2.7859868e-17
6241.54,1.024141e-15,2.7363084e-17
6243.01,1.030752e-15,2.7069492e-17
6244.48,1.048867e-15,2.6935807e-17
6245.95,1.083251e-15,2.6913919e-17
6247.42,1.063303e-15,2.6497089e-17
6248.89,1.022528e-15,2.6038991e-17
6250.36,1.032493e-15,2.6070549e-17
6251.83,9.9092045e-16,2.5830484e-17
6253.30,9.662901e-16,2.6105530e-17
6254.77,1.013669e-15,2.7320892e-17
6256.24,1.015463e-15,2.7960659e-17
6257.71,9.9788496e-16,2.8086738e-17
6259.18,1.0558129e-15,2.8394827e-17
6260.65,1.1059869e-15,2.8238284e-17
6262.12,1.0907119e-15,2.7596427e-17
6263.59,1.035495e-15,2.7124232e-17
6265.06,1.0151711e-15,2.7096675e-17
6266.53,1.044099e-15,2.7108431e-17
6268.00,1.0431e-15,2.6686061e-17
6269.47,1.008099e-15,2.6050959e-17
6270.94,9.8373094e-16,2.5959464e-17
6272.41,9.7432548e-16,2.6251448e-17
6273.88,1.0101399e-15,2.6353992e-17
6275.35,1.0212589e-15,2.7021839e-17
6276.82,9.9884931e-16,3.0417778e-17
6278.29,1.0544339e-15,3.1399197e-17
6279.76,1.0416171e-15,2.8069976e-17
6281.23,1.016234e-15,2.6135077e-17
6282.70,9.9547632e-16,2.6100905e-17
6284.17,9.8100635e-16,2.6756924e-17
6285.64,1.013227e-15,2.7812473e-17
6287.11,1.012411e-15,2.7901890e-17
6288.58,1.0109921e-15,2.7603547e-17
6290.05,1.001568e-15,2.6948801e-17
6291.52,1.012651e-15,2.6310340e-17
6292.99,1.026694e-15,2.6359834e-17
6294.46,1.0399911e-15,2.7027009e-17
6295.93,1.0147261e-15,3.0117405e-17
6297.40,9.8701065e-16,3.6506914e-17
6298.87,1.009125e-15,4.0431129e-17
6300.34,1.00412e-15,4.1008471e-17
6301.81,1.058475e-15,4.0295280e-17
6303.28,9.9464983e-16,3.5546119e-17
6304.75,9.5007239e-16,3.0173821e-17
6306.22,1.019077e-15,2.8965441e-17
6307.69,1.0240651e-15,2.8882714e-17
6309.16,1.069801e-15,2.8522804e-17
6310.63,1.065027e-15,2.7215836e-17
6312.10,1.080185e-15,2.6350952e-17
6313.57,1.0499659e-15,2.5882807e-17
6315.04,1.0005271e-15,2.5466433e-17
6316.51,1.040176e-15,2.5835039e-17
6317.98,1.0856231e-15,2.6405224e-17
6319.45,1.061019e-15,2.6454789e-17
6320.92,1.027124e-15,2.6396322e-17
6322.39,1.020484e-15,2.6354702e-17
6323.86,1.038651e-15,2.6299010e-17
6325.33,1.066706e-15,2.6531101e-17
6326.80,1.021351e-15,2.6766813e-17
6328.27,1.015785e-15,2.7315874e-17
6329.74,1.038059e-15,2.7555158e-17
6331.21,1.010195e-15,2.7198151e-17
6332.68,1.007677e-15,2.6698960e-17
6334.15,1.047523e-15,2.6225110e-17
6335.62,1.021398e-15,2.5557275e-17
6337.09,9.7804332e-16,2.5243751e-17
6338.56,9.80249e-16,2.5317189e-17
6340.03,9.7602294e-16,2.5294741e-17
6341.50,1.001451e-15,2.5546270e-17
6342.97,1.0437489e-15,2.5917842e-17
6344.44,1.024261e-15,2.5874572e-17
6345.91,9.9058873e-16,2.5747614e-17
6347.38,1.006608e-15,2.5892166e-17
6348.85,1.048728e-15,2.6101148e-17
6350.32,1.068646e-15,2.6171278e-17
6351.79,1.059617e-15,2.6136863e-17
6353.26,1.009311e-15,2.6066910e-17
6354.73,9.7328003e-16,2.6160328e-17
6356.20,1.0052831e-15,2.6458944e-17
6357.67,9.9437083e-16,2.6347141e-17
6359.14,9.7772463e-16,2.6814364e-17
6360.61,9.8675336e-16,2.8683413e-17
6362.08,9.7779302e-16,3.0319443e-17
6363.55,9.9512586e-16,3.0939754e-17
6365.02,1.01279e-15,3.0699835e-17
6366.49,9.9139425e-16,2.8802181e-17
6367.96,9.2673441e-16,2.5978677e-17
6369.43,9.1882005e-16,2.4779662e-17
6370.90,9.6148372e-16,2.4948253e-17
6372.37,9.3816702e-16,2.4759060e-17
6373.84,8.987208e-16,2.4429668e-17
6375.31,9.2391845e-16,2.4664603e-17
6376.78,9.3653606e-16,2.4960093e-17
6378.25,9.1964072e-16,2.4948058e-17
6379.72,8.912666e-16,2.4672746e-17
6381.19,8.76969e-16,2.4523468e-17
6382.66,8.6532436e-16,2.4580546e-17
6384.13,8.7025737e-16,2.4722174e-17
6385.60,8.6939621e-16,2.4690414e-17
6387.07,8.6392866e-16,2.4572239e-17
6388.54,8.853028e-16,2.4578298e-17
6390.01,8.80362e-16,2.4265246e-17
6391.48,8.4863537e-16,2.3721691e-17
6392.95,8.2154663e-16,2.3531640e-17
6394.42,8.2698828e-16,2.3677046e-17
6395.89,8.5328077e-16,2.3777046e-17
6397.36,8.1786971e-16,2.3507799e-17
6398.83,8.1063282e-16,2.3486674e-17
6400.30,8.5353408e-16,2.3791419e-17
6401.77,8.5116642e-16,2.3841292e-17
6403.24,8.2430711e-16,2.3714974e-17
6404.71,8.1605039e-16,2.3662798e-17
6406.18,8.107361e-16,2.3603774e-17
6407.65,8.2450129e-16,2.3581548e-17
6409.12,8.633477e-16,2.3810857e-17
6410.59,8.6678808e-16,2.3970932e-17
6412.06,8.4866296e-16,2.3907249e-17
6413.53,8.3401691e-16,2.3819830e-17
6415.00,8.5593039e-16,2.3959239e-17
6416.47,8.7622954e-16,2.3966039e-17
6417.94,8.5110051e-16,2.3703916e-17
6419.41,8.559396e-16,2.3789133e-17
6420.88,8.6186868e-16,2.3874809e-17
6422.35,8.3250527e-16,2.3586958e-17
6423.82,8.1828301e-16,2.3370751e-17
6425.29,8.287761e-16,2.3422754e-17
6426.76,8.6147454e-16,2.3633050e-17
6428.23,8.8174526e-16,2.3760700e-17
6429.70,8.785322e-16,2.3723069e-17
6431.17,8.693384e-16,2.3504745e-17
6432.64,8.4465257e-16,2.3236997e-17
6434.11,8.5219132e-16,2.3391553e-17
6435.58,8.9064996e-16,2.3794224e-17
6437.05,9.1284296e-16,2.3974319e-17
6438.52,9.0901289e-16,2.3829996e-17
6439.99,8.8341714e-16,2.3673214e-17
6441.46,8.8798207e-16,2.3772011e-17
6442.93,8.9279263e-16,2.3743466e-17
6444.40,8.9604439e-16,2.3743528e-17
6445.87,9.2276405e-16,2.3985950e-17
6447.34,9.2956297e-16,2.4019279e-17
6448.81,9.4784099e-16,2.4084200e-17
6450.28,9.6986289e-16,2.4245285e-17
6451.75,9.5647162e-16,2.4154435e-17
6453.22,9.7434316e-16,2.4298875e-17
6454.69,9.6754308e-16,2.4339287e-17
6456.16,9.1348808e-16,2.4076150e-17
6457.63,9.5169626e-16,2.4359799e-17
6459.10,9.7862883e-16,2.4523291e-17
6460.57,9.4214384e-16,2.4526101e-17
6462.04,9.5765016e-16,2.5137568e-17
6463.51,9.9267613e-16,2.5822712e-17
6464.98,9.9902274e-16,2.6053954e-17
6466.45,1.0173641e-15,2.6288638e-17
6467.92,1.034168e-15,2.6474283e-17
6469.39,9.7801706e-16,2.5935993e-17
6470.86,9.6934376e-16,2.5589898e-17
6472.33,1.01693e-15,2.5658173e-17
6473.80,1.0326541e-15,2.5439068e-17
6475.27,1.0233479e-15,2.5088693e-17
6476.74,1.003158e-15,2.4906001e-17
6478.21,1.0410821e-15,2.5176754e-17
6479.68,1.08425e-15,2.5375123e-17
6481.15,1.055806e-15,2.4997068e-17
6482.62,1.022267e-15,2.4581787e-17
6484.09,1.0257731e-15,2.4597892e-17
6485.56,1.039775e-15,2.4745786e-17
6487.03,1.0509309e-15,2.4756540e-17
6488.50,1.0692851e-15,2.4882959e-17
6489.97,1.0365489e-15,2.4661317e-17
6491.44,1.019897e-15,2.4526963e-17
6492.91,1.014152e-15,2.4551264e-17
6494.38,1.00059e-15,2.5070909e-17
6495.85,9.9578549e-16,2.6189017e-17
6497.32,1.008512e-15,2.6975513e-17
6498.79,1.021168e-15,2.7254020e-17
6500.26,1.033981e-15,2.7207827e-17
6501.73,1.037829e-15,2.6641249e-17
6503.20,1.063929e-15,2.6166492e-17
6504.67,1.0838781e-15,2.6080831e-17
6506.14,1.048746e-15,2.5709223e-17
6507.61,1.0206241e-15,2.5297642e-17
6509.08,1.006969e-15,2.4960400e-17
6510.55,9.8832313e-16,2.4693607e-17
6512.02,9.7287886e-16,2.4555096e-17
6513.49,9.7732546e-16,2.4544920e-17
6514.96,1.003616e-15,2.4735544e-17
6516.43,1.021521e-15,2.4778103e-17
6517.90,1.020003e-15,2.4702121e-17
6519.37,1.011777e-15,2.4871335e-17
6520.84,9.9622795e-16,2.5089623e-17
6522.31,9.8638744e-16,2.5118163e-17
6523.78,1.019467e-15,2.5315094e-17
6525.25,1.048249e-15,2.6120094e-17
6526.72,1.05517e-15,2.6933307e-17
6528.19,1.05645e-15,2.6322188e-17
6529.66,1.010501e-15,2.5715703e-17
6531.13,1.003634e-15,2.6311520e-17
6532.60,1.031641e-15,2.6690121e-17
6534.07,1.033305e-15,2.6763681e-17
6535.54,9.9661039e-16,2.6038747e-17
6537.01,1.004882e-15,2.5187961e-17
6538.48,1.037049e-15,2.4994343e-17
6539.95,9.9710982e-16,2.4981411e-17
6541.42,1.022506e-15,2.5526421e-17
6542.89,1.077892e-15,2.6046051e-17
6544.36,1.0327539e-15,2.5780271e-17
6545.83,9.9271234e-16,2.5356517e-17
6547.30,1.0094629e-15,2.5160298e-17
6548.77,1.016672e-15,2.5145324e-17
6550.24,9.7522281e-16,2.5698312e-17
6551.71,9.6526159e-16,2.6516694e-17
6553.18,9.9528976e-16,2.7036451e-17
6554.65,9.8947636e-16,2.6877011e-17
6556.12,1.03111e-15,2.6429128e-17
6557.59,1.0400589e-15,2.5528136e-17
6559.06,1.010691e-15,2.5203721e-17
6560.53,1.024527e-15,2.6127136e-17
6562.00,9.6181946e-16,2.6213576e-17
6563.47,9.5222375e-16,2.6223899e-17
6564.94,1.031119e-15,2.6686649e-17
6566.41,1.022481e-15,2.6137980e-17
6567.88,1.031138e-15,2.5602871e-17
6569.35,1.068365e-15,2.5762961e-17
6570.82,1.07215e-15,2.5796644e-17
6572.29,1.038409e-15,2.5380702e-17
6573.76,9.8397986e-16,2.5421723e-17
6575.23,9.788353e-16,2.6152109e-17
6576.70,1.002305e-15,2.6532971e-17
6578.17,1.0002461e-15,2.6479103e-17
6579.64,1.0291359e-15,2.6329408e-17
6581.11,1.041266e-15,2.5840750e-17
6582.58,9.9976696e-16,2.5248487e-17
6584.05,9.9293977e-16,2.5113464e-17
6585.52,1.0197411e-15,2.5290448e-17
6586.99,1.0428949e-15,2.5315650e-17
6588.46,1.030069e-15,2.5069314e-17
6589.93,1.032547e-15,2.5064772e-17
6591.40,1.03413e-15,2.5078118e-17
6592.87,1.01212e-15,2.5071136e-17
6594.34,1.0465651e-15,2.5450496e-17
6595.81,1.04635e-15,2.5515098e-17
6597.28,1.0116399e-15,2.5334191e-17
6598.75,1.0181511e-15,2.5285880e-17
6600.22,9.8559653e-16,2.5145231e-17
6601.69,9.784194e-16,2.5293108e-17
6603.16,1.0142569e-15,2.5605234e-17
6604.63,1.0134429e-15,2.5716147e-17
6606.10,9.8987034e-16,2.5428182e-17
6607.57,9.5087283e-16,2.4725840e-17
6609.04,9.3140442e-16,2.4261739e-17
6610.51,9.5838295e-16,2.4322174e-17
6611.98,9.5007154e-16,2.4267871e-17
6613.45,9.3731353e-16,2.4233780e-17
6614.92,9.6214907e-16,2.4463520e-17
6616.39,9.5627532e-16,2.4498831e-17
6617.86,9.56122e-16,2.4495921e-17
6619.33,9.7038487e-16,2.4513171e-17
6620.80,9.7170116e-16,2.4372595e-17
6622.27,9.5424032e-16,2.4188260e-17
6623.74,9.4849966e-16,2.4371700e-17
6625.21,9.7800626e-16,2.4764880e-17
6626.68,9.7027804e-16,2.4727770e-17
6628.15,9.2096791e-16,2.4395733e-17
6629.62,8.9318004e-16,2.4211839e-17
6631.09,9.184158e-16,2.4443185e-17
6632.56,9.3424897e-16,2.4575219e-17
6634.03,8.9641571e-16,2.4304014e-17
6635.50,8.5540804e-16,2.4018988e-17
6636.97,8.4462102e-16,2.3791884e-17
6638.44,8.2849595e-16,2.3463994e-17
6639.91,8.2140051e-16,2.3254821e-17
6641.38,8.3226609e-16,2.3278963e-17
6642.85,8.2013393e-16,2.3207276e-17
6644.32,8.3031321e-16,2.3272177e-17
6645.79,8.228644e-16,2.3218907e-17
6647.26,8.152645e-16,2.3107890e-17
6648.73,8.3457055e-16,2.3244787e-17
6650.20,8.625985e-16,2.3445397e-17
6651.67,9.0161596e-16,2.3725905e-17
6653.14,8.9338767e-16,2.3697941e-17
6654.61,8.8529861e-16,2.3612250e-17
6656.08,9.1366014e-16,2.3816486e-17
6657.55,9.2111297e-16,2.4008551e-17
6659.02,9.1906569e-16,2.4078546e-17
6660.49,9.6739643e-16,2.4342639e-17
6661.96,1.056998e-15,2.5178950e-17
6663.43,1.100867e-15,2.5705354e-17
6664.90,1.069392e-15,2.5277789e-17
6666.37,1.072844e-15,2.5134643e-17
6667.84,1.064572e-15,2.5082562e-17
6669.31,1.001409e-15,2.4563973e-17
6670.78,9.4545881e-16,2.4404062e-17
6672.25,8.7255892e-16,2.4322297e-17
6673.72,9.230964e-16,2.4802311e-17
6675.19,1.29659e-15,2.8385209e-17
6676.66,1.7790881e-15,3.3215145e-17
6678.13,1.971566e-15,3.6289546e-17
6679.60,1.8677981e-15,3.7729600e-17
6681.07,1.657105e-15,3.5568712e-17
6682.54,1.404211e-15,2.9993571e-17
6684.01,1.1704331e-15,2.5720782e-17
6685.48,1.049459e-15,2.4473090e-17
6686.95,1.0288139e-15,2.4411755e-17
6688.42,1.0100569e-15,2.4216672e-17
6689.89,9.8386625e-16,2.4040974e-17
6691.36,9.6508361e-16,2.3952564e-17
6692.83,9.5777012e-16,2.4002260e-17
6694.30,9.9314878e-16,2.4346032e-17
6695.77,1.039824e-15,2.4821400e-17
6697.24,1.198247e-15,2.6184488e-17
6698.71,1.3712371e-15,2.7525528e-17
6700.18,1.377362e-15,2.7543161e-17
6701.65,1.305524e-15,2.7031710e-17
6703.12,1.1607471e-15,2.5763855e-17
6704.59,1.005747e-15,2.4346885e-17
6706.06,9.7604559e-16,2.4200012e-17
6707.53,9.5512706e-16,2.4077214e-17
6709.00,9.2004189e-16,2.3768540e-17
6710.47,9.3512152e-16,2.3830921e-17
6711.94,9.354652e-16,2.3730541e-17
6713.41,9.6516048e-16,2.3863056e-17
6714.88,9.6673141e-16,2.4039978e-17
6716.35,9.5538011e-16,2.4078498e-17
6717.82,9.3448402e-16,2.3834431e-17
6719.29,8.9846373e-16,2.3511838e-17
6720.76,9.2404571e-16,2.3600532e-17
6722.23,9.246578e-16,2.3530298e-17
6723.70,8.9610612e-16,2.3223822e-17
6725.17,8.8827848e-16,2.3119448e-17
6726.64,9.0228893e-16,2.3348040e-17
6728.11,9.2195428e-16,2.3626604e-17
6729.58,8.803025e-16,2.3434558e-17
6731.05,8.6335898e-16,2.3332742e-17
6732.52,8.6118539e-16,2.3282467e-17
6733.99,8.3235535e-16,2.2960596e-17
6735.46,8.4283002e-16,2.2961555e-17
6736.93,8.708558e-16,2.3278477e-17
6738.40,8.6678734e-16,2.3337233e-17
6739.87,8.6882848e-16,2.3319267e-17
6741.34,8.6080967e-16,2.3219181e-17
6742.81,8.3517322e-16,2.2942579e-17
6744.28,8.5119071e-16,2.2999359e-17
6745.75,8.388144e-16,2.2904690e-17
6747.22,8.1116777e-16,2.2648637e-17
6748.69,8.134509e-16,2.2736536e-17
6750.16,8.0455859e-16,2.2634424e-17
6751.63,7.9592721e-16,2.2398102e-17
6753.10,8.0717465e-16,2.2448180e-17
6754.57,8.2331931e-16,2.2608925e-17
6756.04,8.0692017e-16,2.2557345e-17
6757.51,7.505884e-16,2.2095750e-17
6758.98,7.2896598e-16,2.1922498e-17
6760.45,7.3346743e-16,2.2007415e-17
6761.92,7.5633695e-16,2.2171563e-17
6763.39,7.6871967e-16,2.2293967e-17
6764.86,7.5004958e-16,2.2188371e-17
6766.33,7.7956407e-16,2.2305215e-17
6767.80,8.3045461e-16,2.2587846e-17
6769.27,8.3821708e-16,2.2656272e-17
6770.74,8.6077987e-16,2.2895821e-17
6772.21,8.7624224e-16,2.3137842e-17
6773.68,8.9123271e-16,2.3293203e-17
6775.15,9.6943238e-16,2.3781914e-17
6776.62,1.0106501e-15,2.4116113e-17
6778.09,9.6659493e-16,2.3841219e-17
6779.56,9.5484542e-16,2.3628718e-17
6781.03,1.011078e-15,2.4036858e-17
6782.50,1.0353709e-15,2.4390713e-17
6783.97,1.047764e-15,2.4475554e-17
6785.44,1.047917e-15,2.4323463e-17
6786.91,1.0490981e-15,2.4317661e-17
6788.38,1.092105e-15,2.4609787e-17
6789.85,1.108485e-15,2.4726897e-17
6791.32,1.09952e-15,2.4678288e-17
6792.79,1.0843411e-15,2.4505663e-17
6794.26,1.0737719e-15,2.4443752e-17
6795.73,1.069404e-15,2.4444363e-17
6797.20,1.095898e-15,2.4654895e-17
6798.67,1.103231e-15,2.4672779e-17
6800.14,1.056007e-15,2.4381429e-17
6801.61,1.088696e-15,2.4571475e-17
6803.08,1.133402e-15,2.4836346e-17
6804.55,1.084417e-15,2.4624837e-17
6806.02,1.0718129e-15,2.4466211e-17
6807.49,1.095358e-15,2.4502326e-17
6808.96,1.101929e-15,2.4606472e-17
6810.43,1.097692e-15,2.4588274e-17
6811.90,1.086043e-15,2.4489224e-17
6813.37,1.0402631e-15,2.4210334e-17
6814.84,1.005088e-15,2.4030918e-17
6816.31,1.0380829e-15,2.4271031e-17
6817.78,1.03071e-15,2.4206120e-17
6819.25,9.9777008e-16,2.4026603e-17
6820.72,9.8961623e-16,2.4007162e-17
6822.19,1.017902e-15,2.4128322e-17
6823.66,1.054144e-15,2.4690477e-17
6825.13,1.017876e-15,2.5574588e-17
6826.60,9.4313032e-16,2.6581234e-17
6828.07,9.2566323e-16,2.7442949e-17
6829.54,9.3522041e-16,2.7978085e-17
6831.01,9.8925105e-16,2.8670406e-17
6832.48,1.0841e-15,2.9273879e-17
6833.95,1.1410871e-15,2.9080140e-17
6835.42,1.151781e-15,2.8352436e-17
6836.89,1.1092481e-15,2.7111631e-17
6838.36,1.055123e-15,2.5556546e-17
6839.83,9.9668345e-16,2.4786920e-17
6841.30,9.3848117e-16,2.4754583e-17
6842.77,9.1882831e-16,2.4546414e-17
6844.24,9.1452506e-16,2.4033088e-17
6845.71,9.402575e-16,2.3920414e-17
6847.18,1.031212e-15,2.4514711e-17
6848.65,1.108627e-15,2.5050082e-17
6850.12,1.096733e-15,2.4899559e-17
6851.59,1.040341e-15,2.4544438e-17
6853.06,9.5890567e-16,2.4040665e-17
6854.53,9.1131311e-16,2.3618314e-17
6856.00,9.4612405e-16,2.3726156e-17
6857.47,9.4538692e-16,2.3449132e-17
6858.94,8.9374639e-16,2.3625151e-17
6860.41,8.8049631e-16,2.5773253e-17
6861.88,9.201321e-16,2.8387078e-17
6863.35,9.2055382e-16,2.9324386e-17
6864.82,9.04934e-16,2.9887980e-17
6866.29,9.0891061e-16,3.0536691e-17
6867.76,8.6547487e-16,2.9692405e-17
6869.23,8.3194808e-16,2.8806833e-17
6870.70,8.4890849e-16,2.8813775e-17
6872.17,8.9028488e-16,2.8397006e-17
6873.64,9.1356495e-16,2.7408006e-17
6875.11,8.9744485e-16,2.6535970e-17
6876.58,8.4728833e-16,2.5919950e-17
6878.05,8.6222422e-16,2.5673592e-17
6879.52,8.9893161e-16,2.5508241e-17
6880.99,8.9940923e-16,2.5162649e-17
6882.46,9.4743589e-16,2.5259566e-17
6883.93,9.6983631e-16,2.5563185e-17
6885.40,9.0922581e-16,2.5616211e-17
6886.87,8.7024615e-16,2.6117821e-17
6888.34,8.7644177e-16,2.6430638e-17
6889.81,8.8270341e-16,2.6304538e-17
6891.28,9.2297411e-16,2.6459806e-17
6892.75,9.118099e-16,2.5430855e-17
6894.22,8.8691502e-16,2.4769176e-17
6895.69,8.9786297e-16,2.5274883e-17
6897.16,9.089698e-16,2.5522386e-17
6898.63,8.9317358e-16,2.5890025e-17
6900.10,8.6909657e-16,2.6107956e-17
6901.57,8.8578984e-16,2.6149563e-17
6903.04,9.0190459e-16,2.5713706e-17
6904.51,9.1894139e-16,2.4925111e-17
6905.98,9.2853943e-16,2.4647654e-17
6907.45,9.0928489e-16,2.4503635e-17
6908.92,8.8834359e-16,2.4660638e-17
6910.39,9.0917573e-16,2.5846107e-17
6911.86,9.3587432e-16,2.6425778e-17
6913.33,9.1831363e-16,2.6136789e-17
6914.80,8.8683344e-16,2.5857170e-17
6916.27,8.6205423e-16,2.4972847e-17
6917.74,8.7517117e-16,2.4139776e-17
6919.21,9.2270147e-16,2.4791255e-17
6920.68,9.2834133e-16,2.6603454e-17
6922.15,9.1722011e-16,2.7813858e-17
6923.62,9.5281815e-16,2.8069993e-17
6925.09,9.5208155e-16,2.7625616e-17
6926.56,9.2667141e-16,2.5883282e-17
6928.03,9.3371406e-16,2.4594449e-17
6929.50,9.1895197e-16,2.5139453e-17
6930.97,9.2570748e-16,2.5275098e-17
6932.44,9.528929e-16,2.4397061e-17
6933.91,9.5732585e-16,2.4177924e-17
6935.38,9.6730072e-16,2.4751838e-17
6936.85,9.4328427e-16,2.5199616e-17
6938.32,9.2783364e-16,2.5642116e-17
6939.79,9.3050497e-16,2.6272110e-17
6941.26,8.9726147e-16,2.5934483e-17
6942.73,9.0803023e-16,2.5058103e-17
6944.20,9.4993422e-16,2.4903625e-17
6945.67,9.5279475e-16,2.6055804e-17
6947.14,9.5122202e-16,2.7727999e-17
6948.61,9.6072076e-16,2.8551894e-17
6950.08,9.4860109e-16,2.8505299e-17
6951.55,9.4602304e-16,2.7444361e-17
6953.02,9.1563118e-16,2.5272161e-17
6954.49,9.1131057e-16,2.4194693e-17
6955.96,9.2812725e-16,2.4419906e-17
6957.43,8.9735285e-16,2.4361588e-17
6958.90,8.8853756e-16,2.4225648e-17
6960.37,8.921384e-16,2.4123409e-17
6961.84,8.8368142e-16,2.3938327e-17
6963.31,8.9470206e-16,2.4010599e-17
6964.78,8.6908137e-16,2.3896521e-17
6966.25,8.5874371e-16,2.3807305e-17
6967.72,8.9038113e-16,2.4467677e-17
6969.19,9.0894936e-16,2.4815809e-17
6970.66,9.0084146e-16,2.4566606e-17
6972.13,8.8863338e-16,2.4425814e-17
6973.60,8.3527301e-16,2.4129812e-17
6975.07,8.4506677e-16,2.4443393e-17
6976.54,8.6985461e-16,2.5311460e-17
6978.01,8.7696423e-16,2.5738773e-17
6979.48,9.1059218e-16,2.6121194e-17
6980.95,9.1215993e-16,2.5640611e-17
6982.42,8.9043904e-16,2.4324550e-17
6983.89,8.739074e-16,2.3671041e-17
6985.36,8.6464769e-16,2.3798438e-17
6986.83,8.6853318e-16,2.4218919e-17
6988.30,9.1656662e-16,2.4600875e-17
6989.77,9.5327078e-16,2.4446381e-17
6991.24,9.3569676e-16,2.4025746e-17
6992.71,9.2142722e-16,2.3991253e-17
6994.18,8.8309405e-16,2.3596050e-17
6995.65,8.9637653e-16,2.3597737e-17
6997.12,9.234385e-16,2.3924994e-17
6998.59,9.1763283e-16,2.3856462e-17
7000.06,9.2038674e-16,2.3750172e-17
7001.53,9.0859509e-16,2.3863594e-17
7003.00,8.9331419e-16,2.4171896e-17
7004.47,9.1630362e-16,2.4490015e-17
7005.94,9.0734582e-16,2.4425784e-17
7007.41,9.3767955e-16,2.4718183e-17
7008.88,9.6518706e-16,2.4931486e-17
7010.35,9.20168e-16,2.5076439e-17
7011.82,9.5337931e-16,2.5654831e-17
7013.29,9.7904039e-16,2.5348305e-17
7014.76,9.0900156e-16,2.4277022e-17
7016.23,8.809032e-16,2.3988990e-17
7017.70,9.0592694e-16,2.3992652e-17
7019.17,8.9628611e-16,2.3611594e-17
7020.64,8.7966759e-16,2.3362198e-17
7022.11,9.039921e-16,2.3574197e-17
7023.58,9.0215616e-16,2.3260672e-17
7025.05,8.7705307e-16,2.3166799e-17
7026.52,8.8911767e-16,2.3583185e-17
7027.99,9.2030225e-16,2.3810158e-17
7029.46,8.8500141e-16,2.3744181e-17
7030.93,8.580439e-16,2.3427423e-17
7032.40,8.5152794e-16,2.3060623e-17
7033.87,8.607804e-16,2.2974087e-17
7035.34,8.7293897e-16,2.3096540e-17
7036.81,8.6429458e-16,2.3383529e-17
7038.28,8.579152e-16,2.3644987e-17
7039.75,8.9837288e-16,2.4023261e-17
7041.22,9.3081435e-16,2.4302738e-17
7042.69,8.9265382e-16,2.3758556e-17
7044.16,8.9961305e-16,2.3619180e-17
7045.63,8.9709005e-16,2.4122054e-17
7047.10,8.5335488e-16,2.4465608e-17
7048.57,8.7179622e-16,2.4867711e-17
7050.04,8.423344e-16,2.4436033e-17
7051.51,7.9889945e-16,2.3425381e-17
7052.98,8.3214804e-16,2.2960178e-17
7054.45,8.6754179e-16,2.4862223e-17
7055.92,8.4886651e-16,2.6378240e-17
7057.39,8.6415371e-16,2.4256463e-17
7058.86,8.646813e-16,2.3248712e-17
7060.33,8.4453981e-16,2.3225880e-17
7061.80,7.9459706e-16,2.2904746e-17
7063.27,8.1195392e-16,2.3163191e-17
7064.74,8.3877348e-16,2.3613136e-17
7066.21,8.0973295e-16,2.3184105e-17
7067.68,8.1812827e-16,2.2971067e-17
7069.15,8.3238319e-16,2.3126569e-17
7070.62,8.2511729e-16,2.3060013e-17
7072.09,8.4591328e-16,2.3082990e-17
7073.56,8.498649e-16,2.3064710e-17
7075.03,8.3148402e-16,2.3011210e-17
7076.50,8.1657862e-16,2.2878457e-17
7077.97,8.0851291e-16,2.2884741e-17
7079.44,8.149529e-16,2.3109773e-17
7080.91,8.2759672e-16,2.3229920e-17
7082.38,8.4071334e-16,2.3278971e-17
7083.85,8.2720354e-16,2.3325287e-17
7085.32,8.3509306e-16,2.3385971e-17
7086.79,8.2915939e-16,2.4393174e-17
7088.26,7.9735335e-16,2.5519325e-17
7089.73,8.1918621e-16,2.4114265e-17
7091.20,8.5334276e-16,2.3396710e-17
7092.67,8.3952368e-16,2.3310330e-17
7094.14,8.1540633e-16,2.2875736e-17
7095.61,8.2239212e-16,2.2843007e-17
7097.08,8.4632022e-16,2.2884051e-17
7098.55,8.5086604e-16,2.2900577e-17
7100.02,8.3800601e-16,2.2892680e-17
7101.49,7.8949056e-16,2.2653893e-17
7102.96,7.6383753e-16,2.2561068e-17
7104.43,8.107289e-16,2.2885416e-17
7105.90,8.282546e-16,2.2919500e-17
7107.37,8.1475596e-16,2.2854677e-17
7108.84,8.1016552e-16,2.2870171e-17
7110.31,8.3240654e-16,2.3021189e-17
7111.78,8.526897e-16,2.3128938e-17
7113.25,8.5345351e-16,2.3075058e-17
7114.72,8.5847657e-16,2.3131280e-17
7116.19,8.569274e-16,2.3142037e-17
7117.66,8.1403429e-16,2.2905436e-17
7119.13,7.9117901e-16,2.2721385e-17
7120.60,8.2647032e-16,2.2963668e-17
7122.07,8.4795616e-16,2.3156657e-17
7123.54,8.3499349e-16,2.3075090e-17
7125.01,8.2130718e-16,2.3066363e-17
7126.48,8.074962e-16,2.3138332e-17
7127.95,8.5307923e-16,2.3798517e-17
7129.42,8.6732976e-16,2.4167226e-17
7130.89,8.40411e-16,2.3922615e-17
7132.36,8.8716839e-16,2.4129383e-17
7133.83,8.697329e-16,2.4037348e-17
7135.30,8.4497895e-16,2.3817706e-17
7136.77,8.6792983e-16,2.3925144e-17
7138.24,8.4882527e-16,2.3877833e-17
7139.71,8.5007978e-16,2.3989774e-17
7141.18,8.5588502e-16,2.4089754e-17
7142.65,8.6347163e-16,2.4269743e-17
7144.12,8.3011939e-16,2.4151159e-17
7145.59,7.6435734e-16,2.3714121e-17
7147.06,7.7533388e-16,2.3769259e-17
7148.53,8.2803882e-16,2.3920749e-17
7150.00,8.34602e-16,2.3820051e-17
7151.47,8.0110597e-16,2.3543233e-17
7152.94,8.1077618e-16,2.3527086e-17
7154.41,8.276874e-16,2.3604426e-17
7155.88,8.3850592e-16,2.3743955e-17
7157.35,8.7351691e-16,2.4051055e-17
7158.82,8.8136219e-16,2.4187766e-17
7160.29,8.488492e-16,2.4140493e-17
7161.76,8.393006e-16,2.4072788e-17
7163.23,8.9643551e-16,2.4409532e-17
7164.70,9.3740268e-16,2.4779917e-17
7166.17,9.2686051e-16,2.5075772e-17
7167.64,9.3680203e-16,2.5602982e-17
7169.11,9.8714014e-16,2.6130582e-17
7170.58,1.023836e-15,2.6567582e-17
7172.05,1.048175e-15,2.7024755e-17
7173.52,1.0915889e-15,2.7809765e-17
7174.99,1.129952e-15,2.8657861e-17
7176.46,1.128301e-15,2.8757344e-17
7177.93,1.1136989e-15,2.8283273e-17
7179.40,1.144194e-15,2.7916160e-17
7180.87,1.1633821e-15,2.7937692e-17
7182.34,1.1499229e-15,2.8691670e-17
7183.81,1.136832e-15,2.9724520e-17
7185.28,1.12843e-15,2.9949775e-17
7186.75,1.168056e-15,2.9192765e-17
7188.22,1.2226699e-15,2.8537515e-17
7189.69,1.183231e-15,2.8563011e-17
7191.16,1.119084e-15,2.8508303e-17
7192.63,1.159287e-15,2.8296205e-17
7194.10,1.169327e-15,2.9033929e-17
7195.57,1.075922e-15,3.0443232e-17
7197.04,1.055743e-15,2.9226790e-17
7198.51,1.086216e-15,2.7072778e-17
7199.98,1.115939e-15,2.7973034e-17
7201.45,1.140289e-15,2.8604795e-17
7202.92,1.120998e-15,2.8257333e-17
7204.39,1.1084909e-15,2.7405415e-17
7205.86,1.098708e-15,2.6904899e-17
7207.33,1.105726e-15,2.6735733e-17
7208.80,1.072716e-15,2.6046088e-17
7210.27,1.0536719e-15,2.5565581e-17
7211.74,1.041989e-15,2.5357268e-17
7213.21,9.6789227e-16,2.4968606e-17
7214.68,9.4041261e-16,2.4891330e-17
7216.15,9.6620381e-16,2.4874400e-17
7217.62,9.8874495e-16,2.5005778e-17
7219.09,9.778287e-16,2.5128628e-17
7220.56,9.3144253e-16,2.4803846e-17
7222.03,9.1891248e-16,2.4786004e-17
7223.50,9.271954e-16,2.4985208e-17
7224.97,9.2604672e-16,2.5024341e-17
7226.44,9.2943274e-16,2.5040242e-17
7227.91,9.3962657e-16,2.5227696e-17
7229.38,9.5540742e-16,2.5548526e-17
7230.85,9.4417206e-16,2.5957614e-17
7232.32,9.3471928e-16,2.6472785e-17
7233.79,9.6219586e-16,2.7293763e-17
7235.26,1.0209779e-15,2.9036466e-17
7236.73,9.9876556e-16,3.1390772e-17
7238.20,9.621371e-16,3.3901327e-17
7239.67,9.188678e-16,3.5676962e-17
7241.14,9.5550028e-16,3.8117205e-17
7242.61,1.012429e-15,3.9797924e-17
7244.08,9.6805056e-16,3.8229297e-17
7245.55,9.3393281e-16,3.5410035e-17
7247.02,9.5026721e-16,3.3286556e-17
7248.49,9.5494198e-16,3.0654955e-17
7249.96,9.411346e-16,2.8561218e-17
7251.43,9.1130295e-16,2.8684521e-17
7252.90,9.2040464e-16,2.9114573e-17
7254.37,9.515494e-16,2.9477695e-17
7255.84,9.0918113e-16,2.8456597e-17
7257.31,8.343616e-16,2.6188651e-17
7258.78,8.5571953e-16,2.5464930e-17
7260.25,9.0449767e-16,2.5816335e-17
7261.72,9.4121168e-16,2.6318747e-17
7263.19,9.5167762e-16,2.6589209e-17
7264.66,9.2957684e-16,2.6401832e-17
7266.13,9.1365431e-16,2.6239188e-17
7267.60,8.6784809e-16,2.5615387e-17
7269.07,8.8557734e-16,2.5324384e-17
7270.54,8.8656731e-16,2.5487991e-17
7272.01,8.5221938e-16,2.7897963e-17
7273.48,9.5305373e-16,3.4655551e-17
7274.95,9.6408877e-16,3.9794481e-17
7276.42,9.4988382e-16,4.0616272e-17
7277.89,9.8127623e-16,3.9281214e-17
7279.36,9.0266194e-16,3.4152461e-17
7280.83,8.5938962e-16,2.8872928e-17
7282.30,8.5422897e-16,2.8883423e-17
7283.77,9.1161381e-16,3.0101834e-17
7285.24,8.7767987e-16,3.0057281e-17
7286.71,8.9882891e-16,3.0027783e-17
7288.18,9.1218143e-16,2.8746303e-17
7289.65,8.8353271e-16,2.6940378e-17
7291.12,9.1283237e-16,2.6842137e-17
7292.59,8.7370686e-16,2.6951452e-17
7294.06,8.677014e-16,2.7120907e-17
7295.53,8.1457385e-16,2.6546598e-17
7297.00,7.7697401e-16,2.6080033e-17
7298.47,8.3570049e-16,2.6196660e-17
7299.94,8.807771e-16,2.6772787e-17
7301.41,9.2290952e-16,2.8424168e-17
7302.88,9.369924e-16,2.9418435e-17
7304.35,8.7977453e-16,2.8794416e-17
7305.82,8.1944191e-16,2.7488758e-17
7307.29,8.3518968e-16,2.6173082e-17
7308.76,8.5611648e-16,2.5788624e-17
7310.23,8.5439568e-16,2.5907370e-17
7311.70,8.6592136e-16,2.6830207e-17
7313.17,9.1827954e-16,3.0440335e-17
7314.64,9.5037573e-16,3.4022121e-17
7316.11,9.2019563e-16,3.4680116e-17
7317.58,9.1053808e-16,3.4384563e-17
7319.05,8.4423488e-16,3.1760347e-17
7320.52,8.454193e-16,2.7180007e-17
7321.99,8.8491988e-16,2.5094343e-17
7323.46,8.3357635e-16,2.4671041e-17
7324.93,8.5682894e-16,2.5572728e-17
7326.40,8.7417194e-16,2.7517149e-17
7327.87,8.540872e-16,2.8909700e-17
7329.34,8.700048e-16,2.9361764e-17
7330.81,8.754895e-16,2.9096582e-17
7332.28,8.720254e-16,2.7693303e-17
7333.75,8.8594421e-16,2.5895992e-17
7335.22,8.5686022e-16,2.5292434e-17
7336.69,8.1453817e-16,2.7228068e-17
7338.16,8.2443792e-16,3.2017149e-17
7339.63,8.6431983e-16,3.5365098e-17
7341.10,8.8665064e-16,3.5980482e-17
7342.57,9.2177715e-16,3.5513851e-17
7344.04,8.7020184e-16,3.1793818e-17
7345.51,8.2838615e-16,2.6708745e-17
7346.98,8.3557561e-16,2.5327320e-17
7348.45,8.7414843e-16,2.5428317e-17
7349.92,8.5832231e-16,2.5421681e-17
7351.39,8.0832084e-16,2.5147691e-17
7352.86,8.1388627e-16,2.5012820e-17
7354.33,8.4634415e-16,2.5864693e-17
7355.80,8.263196e-16,2.7325335e-17
7357.27,9.0378818e-16,2.9127575e-17
7358.74,8.7824706e-16,2.9187638e-17
7360.21,8.835425e-16,2.8898309e-17
7361.68,8.9272085e-16,2.7739771e-17
7363.15,8.501675e-16,2.5900618e-17
7364.62,8.38719e-16,2.6066872e-17
7366.09,8.6973264e-16,2.9233329e-17
7367.56,8.5729941e-16,3.2606468e-17
7369.03,8.4617226e-16,3.3407845e-17
7370.50,8.952342e-16,3.3541989e-17
7371.97,8.8225041e-16,3.1712919e-17
7373.44,8.4670038e-16,2.7711264e-17
7374.91,8.7138393e-16,2.5724723e-17
7376.38,8.5753732e-16,2.5321106e-17
7377.85,8.3845489e-16,2.5042878e-17
7379.32,8.825213e-16,2.5227054e-17
7380.79,8.9271375e-16,2.5356460e-17
7382.26,8.7835781e-16,2.5149403e-17
7383.73,8.8352577e-16,2.5174078e-17
7385.20,9.6538706e-16,2.5864958e-17
7386.67,9.8995112e-16,2.6224389e-17
7388.14,9.151777e-16,2.6487141e-17
7389.61,8.4561051e-16,2.7213363e-17
7391.08,9.2475553e-16,2.8528021e-17
7392.55,9.9655279e-16,2.9170681e-17
7394.02,1.0161099e-15,2.9011447e-17
7395.49,9.7990828e-16,2.7703895e-17
7396.96,9.7417905e-16,2.6897346e-17
7398.43,9.8036843e-16,2.8418319e-17
7399.90,9.5784868e-16,3.0789511e-17
7401.37,9.733064e-16,3.1715330e-17
7402.84,1.03779e-15,3.2139333e-17
7404.31,1.029303e-15,3.0828243e-17
7405.78,9.9172439e-16,2.8100007e-17
7407.25,1.007622e-15,2.6648772e-17
7408.72,9.9776182e-16,2.6450084e-17
7410.19,1.0140459e-15,2.6621537e-17
7411.66,1.042259e-15,2.6874761e-17
7413.13,1.016131e-15,2.6724588e-17
7414.60,9.832837e-16,2.6441816e-17
7416.07,9.6318043e-16,2.6408299e-17
7417.54,1.0025961e-15,2.6647046e-17
