3358.03129148     1.44589e-16     
3362.11825882     1.81767e-16     
3366.20522617     2.71991e-16     
3370.29219351     2.62785e-16     
3374.37916085     1.98841e-16     
3378.46612819     2.4391e-16      
3382.55309554     1.52758e-16     
3386.64006288     2.56907e-16     
3390.72703022     2.37711e-16     
3394.81399756     2.24466e-16     
3398.90096491     1.50758e-16     
3402.98793225     2.19671e-16     
3407.07489959     1.92546e-16     
3411.16186693     1.51379e-16     
3415.24883428     7.02728e-17     
3419.33580162     1.68793e-16     
3423.42276896     1.46828e-16     
3427.50973631     1.82975e-16     
3431.59670365     1.88711e-16     
3435.68367099     1.9855e-16      
3439.77063833     9.60016e-17     
3443.85760568     1.73008e-16     
3447.94457302     1.61212e-16     
3452.03154036     2.01082e-16     
3456.1185077      2.12454e-16     
3460.20547505     1.46296e-16     
3464.29244239     1.9298e-16      
3468.37940973     1.72651e-16     
3472.46637708     1.75353e-16     
3476.55334442     1.88685e-16     
3480.64031176     1.47701e-16     
3484.7272791      1.94798e-16     
3488.81424645     1.63925e-16     
3492.90121379     2.26748e-16     
3496.98818113     1.28195e-16     
3501.07514847     1.72929e-16     
3505.16211582     1.92561e-16     
3509.24908316     2.1386e-16      
3513.3360505      2.07071e-16     
3517.42301784     1.12244e-16     
3521.50998519     1.76129e-16     
3525.59695253     1.9933e-16      
3529.68391987     1.47813e-16     
3533.77088722     1.66698e-16     
3537.85785456     1.28459e-16     
3541.9448219      1.43904e-16     
3546.03178924     1.88592e-16     
3550.11875659     2.13479e-16     
3554.20572393     1.86416e-16     
3558.29269127     1.71972e-16     
3562.37965861     1.42478e-16     
3566.46662596     1.6593e-16      
3570.5535933      2.0601e-16      
3574.64056064     1.91726e-16     
3578.72752798     1.38568e-16     
3582.81449533     1.85315e-16     
3586.90146267     1.98485e-16     
3590.98843001     1.71753e-16     
3595.07539736     1.66399e-16     
3599.1623647      1.04874e-16     
3603.24933204     1.53392e-16     
3607.33629938     1.81672e-16     
3611.42326673     2.06499e-16     
3615.51023407     1.8978e-16      
3619.59720141     1.82262e-16     
3623.68416875     1.77437e-16     
3627.7711361      2.22519e-16     
3631.85810344     2.23421e-16     
3635.94507078     1.80187e-16     
3640.03203813     2.01039e-16     
3644.11900547     2.11431e-16     
3648.20597281     1.84538e-16     
3652.29294015     2.40455e-16     
3656.3799075      2.25029e-16     
3660.46687484     1.57472e-16     
3664.55384218     1.75229e-16     
3668.64080952     2.02761e-16     
3672.72777687     2.39779e-16     
3676.81474421     1.99949e-16     
3680.90171155     1.84593e-16     
3684.98867889     2.10575e-16     
3689.07564624     2.20524e-16     
3693.16261358     2.15202e-16     
3697.24958092     2.24367e-16     
3701.33654827     2.36457e-16     
3705.42351561     2.04397e-16     
3709.51048295     2.20928e-16     
3713.59745029     2.30191e-16     
3717.68441764     2.03483e-16     
3721.77138498     2.33499e-16     
3725.85835232     2.01628e-16     
3729.94531966     1.98314e-16     
3734.03228701     2.27777e-16     
3738.11925435     2.04048e-16     
3742.20622169     2.02243e-16     
3746.29318903     2.13744e-16     
3750.38015638     2.25029e-16     
3754.46712372     1.99554e-16     
3758.55409106     2.12635e-16     
3762.64105841     2.35456e-16     
3766.72802575     2.0246e-16      
3770.81499309     2.38526e-16     
3774.90196043     2.10648e-16     
3778.98892778     2.3883e-16      
3783.07589512     2.27121e-16     
3787.16286246     2.15107e-16     
3791.2498298      2.03238e-16     
3795.33679715     2.1915e-16      
3799.42376449     2.05642e-16     
3803.51073183     2.27553e-16     
3807.59769918     2.19005e-16     
3811.68466652     2.21768e-16     
3815.77163386     2.34503e-16     
3819.8586012      2.18931e-16     
3823.94556855     2.3077e-16      
3828.03253589     2.29804e-16     
3832.11950323     2.30489e-16     
3836.20647057     2.20304e-16     
3840.29343792     2.10956e-16     
3844.38040526     2.17924e-16     
3848.4673726      2.13573e-16     
3852.55433994     2.00113e-16     
3856.64130729     2.20868e-16     
3860.72827463     2.17274e-16     
3864.81524197     2.08485e-16     
3868.90220932     2.0281e-16      
3872.98917666     2.18428e-16     
3877.076144       2.10033e-16     
3881.16311134     2.10443e-16     
3885.25007869     2.31469e-16     
3889.33704603     2.29516e-16     
3893.42401337     2.29154e-16     
3897.51098071     2.21284e-16     
3901.59794806     2.15373e-16     
3905.6849154      2.09904e-16     
3909.77188274     2.13292e-16     
3913.85885008     2.46528e-16     
3917.94581743     2.371e-16       
3922.03278477     2.09555e-16     
3926.11975211     2.26208e-16     
3930.20671946     2.34053e-16     
3934.2936868      2.37151e-16     
3938.38065414     2.13095e-16     
3942.46762148     2.4283e-16      
3946.55458883     2.3927e-16      
3950.64155617     2.37641e-16     
3954.72852351     2.12571e-16     
3958.81549085     2.38023e-16     
3962.9024582      2.21867e-16     
3966.98942554     2.07949e-16     
3971.07639288     2.14698e-16     
3975.16336023     2.07522e-16     
3979.25032757     2.21779e-16     
3983.33729491     2.26259e-16     
3987.42426225     2.2387e-16      
3991.5112296      2.44119e-16     
3995.59819694     2.44351e-16     
3999.68516428     2.31659e-16     
4003.77213162     2.13169e-16     
4007.85909897     2.2043e-16      
4011.94606631     2.18363e-16     
4016.03303365     2.24896e-16     
4020.12000099     2.14001e-16     
4024.20696834     2.28052e-16     
4028.29393568     2.42675e-16     
4032.38090302     2.26565e-16     
4036.46787037     2.30793e-16     
4040.55483771     2.26913e-16     
4044.64180505     2.09119e-16     
4048.72877239     2.2119e-16      
4052.81573974     2.10842e-16     
4056.90270708     2.01481e-16     
4060.98967442     1.99811e-16     
4065.07664176     2.15802e-16     
4069.16360911     2.30173e-16     
4073.25057645     2.24789e-16     
4077.33754379     2.11926e-16     
4081.42451113     2.07813e-16     
4085.51147848     2.18604e-16     
4089.59844582     2.30955e-16     
4093.68541316     2.03784e-16     
4097.77238051     2.17469e-16     
4101.85934785     2.103e-16       
4105.94631519     2.14464e-16     
4110.03328253     2.0265e-16      
4114.12024988     2.05609e-16     
4118.20721722     2.30803e-16     
4122.29418456     2.32493e-16     
4126.3811519      2.41611e-16     
4130.46811925     2.13536e-16     
4134.55508659     2.3019e-16      
4138.64205393     2.2505e-16      
4142.72902128     2.22593e-16     
4146.81598862     2.28805e-16     
4150.90295596     2.38909e-16     
4154.9899233      2.3782e-16      
4159.07689065     2.21864e-16     
4163.16385799     2.07227e-16     
4167.25082533     2.11035e-16     
4171.33779267     2.24442e-16     
4175.42476002     2.4062e-16      
4179.51172736     2.3183e-16      
4183.5986947      2.36544e-16     
4187.68566204     2.24509e-16     
4191.77262939     2.26853e-16     
4195.85959673     2.18252e-16     
4199.94656407     2.13333e-16     
4204.03353142     2.20272e-16     
4208.12049876     2.27357e-16     
4212.2074661      2.18679e-16     
4216.29443344     2.26512e-16     
4220.38140079     2.51515e-16     
4224.46836813     2.34121e-16     
4228.55533547     2.34082e-16     
4232.64230281     2.42783e-16     
4236.72927016     2.42762e-16     
4240.8162375      2.48732e-16     
4244.90320484     2.46249e-16     
4248.99017218     2.5377e-16      
4253.07713953     2.44457e-16     
4257.16410687     2.40994e-16     
4261.25107421     2.45281e-16     
4265.33804156     2.40983e-16     
4269.4250089      2.41615e-16     
4273.51197624     2.38935e-16     
4277.59894358     2.44392e-16     
4281.68591093     2.4697e-16      
4285.77287827     2.43885e-16     
4289.85984561     2.40535e-16     
4293.94681295     2.32453e-16     
4298.0337803      2.35374e-16     
4302.12074764     2.39009e-16     
4306.20771498     2.39238e-16     
4310.29468233     2.42311e-16     
4314.38164967     2.48348e-16     
4318.46861701     2.37985e-16     
4322.55558435     2.3675e-16      
4326.6425517      2.31543e-16     
4330.72951904     2.27495e-16     
4334.81648638     2.26053e-16     
4338.90345372     2.4842e-16      
4342.99042107     2.38876e-16     
4347.07738841     2.24009e-16     
4351.16435575     2.2372e-16      
4355.25132309     2.42887e-16     
4359.33829044     2.49931e-16     
4363.42525778     2.39558e-16     
4367.51222512     2.55811e-16     
4371.59919247     2.42724e-16     
4375.68615981     2.37346e-16     
4379.77312715     2.33855e-16     
4383.86009449     2.30461e-16     
4387.94706184     2.47509e-16     
4392.03402918     2.29279e-16     
4396.12099652     2.45094e-16     
4400.20796386     2.20956e-16     
4404.29493121     2.40124e-16     
4408.38189855     2.44322e-16     
4412.46886589     2.2899e-16      
4416.55583323     2.25775e-16     
4420.64280058     2.29736e-16     
4424.72976792     2.37554e-16     
4428.81673526     2.48494e-16     
4432.90370261     2.4469e-16      
4436.99066995     2.36791e-16     
4441.07763729     2.39059e-16     
4445.16460463     2.30238e-16     
4449.25157198     2.26213e-16     
4453.33853932     2.34524e-16     
4457.42550666     2.37539e-16     
4461.512474       2.42706e-16     
4465.59944135     2.26573e-16     
4469.68640869     2.33447e-16     
4473.77337603     2.46048e-16     
4477.86034338     2.40664e-16     
4481.94731072     2.39746e-16     
4486.03427806     2.22877e-16     
4490.1212454      2.26084e-16     
4494.20821275     2.5973e-16      
4498.29518009     2.31816e-16     
4502.38214743     2.28841e-16     
4506.46911477     2.42713e-16     
4510.55608212     2.41546e-16     
4514.64304946     2.30437e-16     
4518.7300168      2.32131e-16     
4522.81698414     2.42999e-16     
4526.90395149     2.41091e-16     
4530.99091883     2.33105e-16     
4535.07788617     2.28977e-16     
4539.16485352     2.17659e-16     
4543.25182086     2.25068e-16     
4547.3387882      2.36113e-16     
4551.42575554     2.23261e-16     
4555.51272289     2.34266e-16     
4559.59969023     2.36711e-16     
4563.68665757     2.34766e-16     
4567.77362491     2.20923e-16     
4571.86059226     2.21683e-16     
4575.9475596      2.15829e-16     
4580.03452694     2.15967e-16     
4584.12149428     2.22384e-16     
4588.20846163     2.10026e-16     
4592.29542897     2.25751e-16     
4596.38239631     2.32557e-16     
4600.46936366     2.18792e-16     
4604.556331       2.2462e-16      
4608.64329834     2.16477e-16     
4612.73026568     2.18812e-16     
4616.81723303     2.29837e-16     
4620.90420037     2.25222e-16     
4624.99116771     2.16627e-16     
4629.07813505     2.14823e-16     
4633.1651024      2.14304e-16     
4637.25206974     2.09882e-16     
4641.33903708     2.18586e-16     
4645.42600443     1.94532e-16     
4649.51297177     2.12221e-16     
4653.59993911     2.18758e-16     
4657.68690645     2.14734e-16     
4661.7738738      2.12291e-16     
4665.86084114     2.27167e-16     
4669.94780848     2.16652e-16     
4674.03477582     2.29591e-16     
4678.12174317     2.14983e-16     
4682.20871051     2.19196e-16     
4686.29567785     2.36565e-16     
4690.38264519     2.05651e-16     
4694.46961254     2.13254e-16     
4698.55657988     2.15339e-16     
4702.64354722     2.33697e-16     
4706.73051457     2.32384e-16     
4710.81748191     2.12855e-16     
4714.90444925     2.12008e-16     
4718.99141659     2.11056e-16     
4723.07838394     2.08838e-16     
4727.16535128     2.08608e-16     
4731.25231862     2.22945e-16     
4735.33928596     2.21568e-16     
4739.42625331     2.45294e-16     
4743.51322065     2.4209e-16      
4747.60018799     2.32177e-16     
4751.68715533     2.47175e-16     
4755.77412268     2.36645e-16     
4759.86109002     2.39528e-16     
4763.94805736     2.48642e-16     
4768.03502471     2.55934e-16     
4772.12199205     2.42908e-16     
4776.20895939     2.4614e-16      
4780.29592673     2.47312e-16     
4784.38289408     2.45394e-16     
4788.46986142     2.50906e-16     
4792.55682876     2.4553e-16      
4796.6437961      2.49556e-16     
4800.73076345     2.3808e-16      
4804.81773079     2.48935e-16     
4808.90469813     2.36215e-16     
4812.99166548     2.4946e-16      
4817.07863282     2.46113e-16     
4821.16560016     2.38555e-16     
4825.2525675      2.57957e-16     
4829.33953485     2.52671e-16     
4833.42650219     2.48188e-16     
4837.51346953     2.50105e-16     
4841.60043687     2.65351e-16     
4845.68740422     2.50861e-16     
4849.77437156     2.37158e-16     
4853.8613389      2.46752e-16     
4857.94830624     2.5388e-16      
4862.03527359     2.38002e-16     
4866.12224093     2.46504e-16     
4870.20920827     2.51089e-16     
4874.29617562     2.65413e-16     
4878.38314296     2.58644e-16     
4882.4701103      2.48212e-16     
4886.55707764     2.41464e-16     
4890.64404499     2.54122e-16     
4894.73101233     2.514e-16       
4898.81797967     2.50546e-16     
4902.90494701     2.44992e-16     
4906.99191436     2.32866e-16     
4911.0788817      2.47664e-16     
4915.16584904     2.36655e-16     
4919.25281638     2.43107e-16     
4923.33978373     2.6713e-16      
4927.42675107     2.29864e-16     
4931.51371841     2.26462e-16     
4935.60068576     2.36662e-16     
4939.6876531      2.18247e-16     
4943.77462044     2.39381e-16     
4947.86158778     2.42428e-16     
4951.94855513     2.3076e-16      
4956.03552247     2.30344e-16     
4960.12248981     2.4476e-16      
4964.20945715     2.06708e-16     
4968.2964245      2.24629e-16     
4972.38339184     2.12829e-16     
4976.47035918     2.14279e-16     
4980.55732653     2.05829e-16     
4984.64429387     2.17744e-16     
4988.73126121     2.2204e-16      
4992.81822855     2.30369e-16     
4996.9051959      2.19685e-16     
5000.99216324     2.16238e-16     
5005.07913058     2.06355e-16     
5009.16609792     1.97423e-16     
5013.25306527     2.052e-16       
5017.34003261     2.23495e-16     
5021.42699995     2.09859e-16     
5025.51396729     2.13248e-16     
5029.60093464     2.00671e-16     
5033.68790198     2.10539e-16     
5037.77486932     2.1749e-16      
5041.86183667     2.1542e-16      
5045.94880401     2.12094e-16     
5050.03577135     2.20939e-16     
5054.12273869     2.15794e-16     
5058.20970604     2.12776e-16     
5062.29667338     2.0095e-16      
5066.38364072     2.17301e-16     
5070.47060806     2.29479e-16     
5074.55757541     2.10961e-16     
5078.64454275     2.08986e-16     
5082.73151009     1.96674e-16     
5086.81847743     2.059e-16       
5090.90544478     2.0454e-16      
5094.99241212     2.15338e-16     
5099.07937946     2.11314e-16     
5103.16634681     2.04979e-16     
5107.25331415     2.12554e-16     
5111.34028149     2.31685e-16     
5115.42724883     2.28482e-16     
5119.51421618     1.99256e-16     
5123.60118352     2.0045e-16      
5127.68815086     2.07849e-16     
5131.7751182      1.96841e-16     
5135.86208555     2.18077e-16     
5139.94905289     2.18454e-16     
5144.03602023     2.07398e-16     
5148.12298758     2.15813e-16     
5152.20995492     1.96134e-16     
5156.29692226     1.96459e-16     
5160.3838896      2.09196e-16     
5164.47085695     2.30543e-16     
5168.55782429     2.08589e-16     
5172.64479163     2.04163e-16     
5176.73175897     1.96525e-16     
5180.81872632     1.97556e-16     
5184.90569366     2.1577e-16      
5188.992661       1.93745e-16     
5193.07962834     2.09911e-16     
5197.16659569     2.13539e-16     
5201.25356303     1.9646e-16      
5205.34053037     2.08901e-16     
5209.42749772     1.96063e-16     
5213.51446506     1.92721e-16     
5217.6014324      2.20773e-16     
5221.68839974     2.02297e-16     
5225.77536709     2.06471e-16     
5229.86233443     2.16048e-16     
5233.94930177     1.98875e-16     
5238.03626911     2.02741e-16     
5242.12323646     2.23625e-16     
5246.2102038      2.2182e-16      
5250.29717114     2.04965e-16     
5254.38413848     2.03507e-16     
5258.47110583     2.0904e-16      
5262.55807317     1.98105e-16     
5266.64504051     2.15601e-16     
5270.73200786     2.04842e-16     
5274.8189752      1.94369e-16     
5278.90594254     2.15358e-16     
5282.99290988     2.0294e-16      
5287.07987723     2.10187e-16     
5291.16684457     1.95702e-16     
5295.25381191     2.04772e-16     
5299.34077925     2.07877e-16     
5303.4277466      2.03852e-16     
5307.51471394     2.01466e-16     
5311.60168128     2.04148e-16     
5315.68864863     2.09286e-16     
5319.77561597     2.07543e-16     
5323.86258331     2.14931e-16     
5327.94955065     2.00598e-16     
5332.036518       1.96617e-16     
5336.12348534     2.04839e-16     
5340.21045268     2.11954e-16     
5344.29742002     2.08948e-16     
5348.38438737     2.11874e-16     
5352.47135471     2.02904e-16     
5356.55832205     1.96039e-16     
5360.64528939     1.92456e-16     
5364.73225674     1.91646e-16     
5368.81922408     1.95693e-16     
5372.90619142     1.91166e-16     
5376.99315877     2.02842e-16     
5381.08012611     2.1122e-16      
5385.16709345     2.11438e-16     
5389.25406079     2.01698e-16     
5393.34102814     1.97874e-16     
5397.42799548     2.04903e-16     
5401.51496282     1.83025e-16     
5405.60193016     1.94654e-16     
5409.68889751     2.0316e-16      
5413.77586485     2.18193e-16     
5417.86283219     1.9992e-16      
5421.94979953     1.9492e-16      
5426.03676688     1.9672e-16      
5430.12373422     2.14926e-16     
5434.21070156     1.97428e-16     
5438.29766891     2.09551e-16     
5442.38463625     2.16856e-16     
5446.47160359     2.10313e-16     
5450.55857093     2.08617e-16     
5454.64553828     2.09458e-16     
5458.73250562     2.13987e-16     
5462.81947296     2.0449e-16      
5466.9064403      2.06558e-16     
5470.99340765     2.08923e-16     
5475.08037499     1.96258e-16     
5479.16734233     2.04905e-16     
5483.25430968     2.07726e-16     
5487.34127702     1.91094e-16     
5491.42824436     2.0905e-16      
5495.5152117      2.13719e-16     
5499.60217905     2.00931e-16     
5503.68914639     2.19383e-16     
5507.77611373     2.17983e-16     
5511.86308107     2.09835e-16     
5515.95004842     2.10194e-16     
5520.03701576     2.14431e-16     
5524.1239831      1.93501e-16     
5528.21095044     2.18159e-16     
5532.29791779     2.16904e-16     
5536.38488513     2.09611e-16     
5540.47185247     2.10715e-16     
5544.55881982     2.08334e-16     
5548.64578716     2.0341e-16      
5552.7327545      2.12359e-16     
5556.81972184     2.28414e-16     
5560.90668919     2.13203e-16     
5564.99365653     1.94995e-16     
5569.08062387     2.05795e-16     
5573.16759121     2.3684e-16      
5577.25455856     2.40655e-16     
5581.3415259      2.01346e-16     
5585.42849324     1.88849e-16     
5589.51546059     1.97482e-16     
5593.60242793     2.10842e-16     
5597.68939527     2.10927e-16     
5601.77636261     2.19212e-16     
5605.86332996     1.99661e-16     
5609.9502973      1.95674e-16     
5614.03726464     2.12328e-16     
5618.12423198     2.16309e-16     
5622.21119933     2.28999e-16     
5626.29816667     2.12261e-16     
5630.38513401     2.08118e-16     
5634.47210135     2.12336e-16     
5638.5590687      2.04417e-16     
5642.64603604     1.90103e-16     
5646.73300338     1.97008e-16     
5650.81997073     2.01416e-16     
5654.90693807     1.99604e-16     
5658.99390541     2.07256e-16     
5663.08087275     2.0436e-16      
5667.1678401      1.91943e-16     
5671.25480744     1.94022e-16     
5675.34177478     2.10254e-16     
5679.42874212     1.98959e-16     
5683.51570947     2.0815e-16      
5687.60267681     2.12621e-16     
5691.68964415     1.8483e-16      
5695.77661149     2.01423e-16     
5699.86357884     2.02055e-16     
5703.95054618     2.02176e-16     
5708.03751352     1.92578e-16     
5712.12448087     1.88921e-16     
5716.21144821     1.94879e-16     
5720.29841555     1.84936e-16     
5724.38538289     1.91093e-16     
5728.47235024     1.94003e-16     
5732.55931758     1.86573e-16     
5736.64628492     1.9151e-16      
5740.73325226     1.92185e-16     
5744.82021961     1.90038e-16     
5748.90718695     1.80704e-16     
5752.99415429     1.73497e-16     
5757.08112164     2.00248e-16     
5761.16808898     1.87805e-16     
5765.25505632     1.86272e-16     
5769.34202366     1.7659e-16      
5773.42899101     1.78532e-16     
5777.51595835     1.68993e-16     
5781.60292569     1.91198e-16     
5785.68989303     1.77782e-16     
5789.77686038     1.80869e-16     
5793.86382772     1.8317e-16      
5797.95079506     1.71125e-16     
5802.0377624      1.79278e-16     
5806.12472975     1.88585e-16     
5810.21169709     1.82344e-16     
5814.29866443     1.67793e-16     
5818.38563178     1.56856e-16     
5822.47259912     1.81239e-16     
5826.55956646     1.73353e-16     
5830.6465338      1.6481e-16      
5834.73350115     1.72676e-16     
5838.82046849     1.71943e-16     
5842.90743583     1.74044e-16     
5846.99440317     1.59712e-16     
5851.08137052     1.66677e-16     
5855.16833786     1.60932e-16     
5859.2553052      1.536e-16       
5863.34227254     1.55598e-16     
5867.42923989     1.61612e-16     
5871.51620723     1.63707e-16     
5875.60317457     1.64998e-16     
5879.69014192     1.53329e-16     
5883.77710926     1.68413e-16     
5887.8640766      1.80046e-16     
5891.95104394     1.55835e-16     
5896.03801129     1.70463e-16     
5900.12497863     1.42058e-16     
5904.21194597     1.66505e-16     
5908.29891331     1.55402e-16     
5912.38588066     1.67181e-16     
5916.472848       1.63737e-16     
5920.55981534     1.53169e-16     
5924.64678269     1.64201e-16     
5928.73375003     1.6456e-16      
5932.82071737     1.58734e-16     
5936.90768471     1.67707e-16     
5940.99465206     1.62295e-16     
5945.0816194      1.55234e-16     
5949.16858674     1.58173e-16     
5953.25555408     1.50185e-16     
5957.34252143     1.57404e-16     
5961.42948877     1.63163e-16     
5965.51645611     1.58688e-16     
5969.60342345     1.3853e-16      
5973.6903908      1.63974e-16     
5977.77735814     1.52462e-16     
5981.86432548     1.61517e-16     
5985.95129283     1.63634e-16     
5990.03826017     1.41051e-16     
5994.12522751     1.46396e-16     
5998.21219485     1.46657e-16     
6002.2991622      1.38062e-16     
6006.38612954     1.35453e-16     
6010.47309688     1.41368e-16     
6014.56006422     1.51967e-16     
6018.64703157     1.33411e-16     
6022.73399891     1.26775e-16     
6026.82096625     1.49862e-16     
6030.90793359     1.45816e-16     
6034.99490094     1.39183e-16     
6039.08186828     1.37868e-16     
6043.16883562     1.30269e-16     
6047.25580297     1.39666e-16     
6051.34277031     1.41671e-16     
6055.42973765     1.44865e-16     
6059.51670499     1.35667e-16     
6063.60367234     1.46545e-16     
6067.69063968     1.4631e-16      
6071.77760702     1.38122e-16     
6075.86457436     1.52885e-16     
6079.95154171     1.51228e-16     
6084.03850905     1.328e-16       
6088.12547639     1.39522e-16     
6092.21244374     1.29334e-16     
6096.29941108     1.3405e-16      
6100.38637842     1.5907e-16      
6104.47334576     1.45908e-16     
6108.56031311     1.38903e-16     
6112.64728045     1.3786e-16      
6116.73424779     1.42412e-16     
6120.82121513     1.37202e-16     
6124.90818248     1.43335e-16     
6128.99514982     1.46712e-16     
6133.08211716     1.33809e-16     
6137.1690845      1.38993e-16     
6141.25605185     1.45676e-16     
6145.34301919     1.45528e-16     
6149.42998653     1.46349e-16     
6153.51695388     1.45696e-16     
6157.60392122     1.50866e-16     
6161.69088856     1.581e-16       
6165.7778559      1.53881e-16     
6169.86482325     1.61103e-16     
6173.95179059     1.54289e-16     
6178.03875793     1.58734e-16     
6182.12572527     1.6239e-16      
6186.21269262     1.50791e-16     
6190.29965996     1.59994e-16     
6194.3866273      1.44396e-16     
6198.47359464     1.38891e-16     
6202.56056199     1.59335e-16     
6206.64752933     1.56329e-16     
6210.73449667     1.64457e-16     
6214.82146402     1.52049e-16     
6218.90843136     1.41869e-16     
6222.9953987      1.60086e-16     
6227.08236604     1.6572e-16      
6231.16933339     1.34929e-16     
6235.25630073     1.43635e-16     
6239.34326807     1.55873e-16     
6243.43023541     1.47656e-16     
6247.51720276     1.48885e-16     
6251.6041701      1.58399e-16     
6255.69113744     1.58631e-16     
6259.77810479     1.62181e-16     
6263.86507213     1.55248e-16     
6267.95203947     1.57265e-16     
6272.03900681     1.77305e-16     
6276.12597416     1.51869e-16     
6280.2129415      1.56972e-16     
6284.29990884     1.55751e-16     
6288.38687618     1.65459e-16     
6292.47384353     1.5281e-16      
6296.56081087     1.52072e-16     
6300.64777821     1.46078e-16     
6304.73474555     1.61515e-16     
6308.8217129      1.55195e-16     
6312.90868024     1.29052e-16     
6316.99564758     1.34672e-16     
6321.08261493     1.4456e-16      
6325.16958227     1.59465e-16     
6329.25654961     1.50333e-16     
6333.34351695     1.3125e-16      
6337.4304843      1.55463e-16     
6341.51745164     1.49308e-16     
6345.60441898     1.41287e-16     
6349.69138632     1.28617e-16     
6353.77835367     1.48955e-16     
6357.86532101     1.48736e-16     
6361.95228835     1.40109e-16     
6366.03925569     1.46307e-16     
6370.12622304     1.43905e-16     
6374.21319038     1.48048e-16     
6378.30015772     1.42579e-16     
6382.38712507     1.48631e-16     
6386.47409241     1.37636e-16     
6390.56105975     1.5891e-16      
6394.64802709     1.71988e-16     
6398.73499444     1.52183e-16     
6402.82196178     1.42687e-16     
6406.90892912     1.45062e-16     
6410.99589646     1.42625e-16     
6415.08286381     1.42039e-16     
6419.16983115     1.55166e-16     
6423.25679849     1.64263e-16     
6427.34376584     1.41689e-16     
6431.43073318     1.18105e-16     
6435.51770052     1.28548e-16     
6439.60466786     1.37394e-16     
6443.69163521     1.55087e-16     
6447.77860255     1.37086e-16     
6451.86556989     1.38722e-16     
6455.95253723     1.44617e-16     
6460.03950458     1.52173e-16     
6464.12647192     1.57511e-16     
6468.21343926     1.35003e-16     
6472.3004066      1.42584e-16     
6476.38737395     1.50283e-16     
6480.47434129     1.40595e-16     
6484.56130863     1.4062e-16      
6488.64827598     1.42538e-16     
6492.73524332     1.37787e-16     
6496.82221066     1.34514e-16     
6500.909178       1.4546e-16      
6504.99614535     1.31778e-16     
6509.08311269     1.3344e-16      
6513.17008003     1.27487e-16     
6517.25704737     1.37688e-16     
6521.34401472     1.32649e-16     
6525.43098206     1.35547e-16     
6529.5179494      1.27023e-16     
6533.60491674     1.29399e-16     
6537.69188409     1.40608e-16     
6541.77885143     1.34502e-16     
6545.86581877     1.20834e-16     
6549.95278612     1.35568e-16     
6554.03975346     1.4087e-16      
6558.1267208      1.51389e-16     
6562.21368814     1.26163e-16     
6566.30065549     1.18563e-16     
6570.38762283     1.39711e-16     
6574.47459017     1.39211e-16     
6578.56155751     1.33584e-16     
6582.64852486     1.26283e-16     
6586.7354922      1.24459e-16     
6590.82245954     1.38135e-16     
6594.90942689     1.50746e-16     
6598.99639423     1.47812e-16     
6603.08336157     1.33157e-16     
6607.17032891     1.27311e-16     
6611.25729626     1.51543e-16     
6615.3442636      1.4675e-16      
6619.43123094     1.36817e-16     
6623.51819828     1.36706e-16     
6627.60516563     1.33804e-16     
6631.69213297     1.52284e-16     
6635.77910031     1.4228e-16      
6639.86606765     1.3382e-16      
6643.953035       1.40267e-16     
6648.04000234     1.2679e-16      
6652.12696968     1.44165e-16     
6656.21393703     1.52899e-16     
6660.30090437     1.52067e-16     
6664.38787171     1.58151e-16     
6668.47483905     1.64876e-16     
6672.5618064      1.40317e-16     
6676.64877374     1.55408e-16     
6680.73574108     1.50858e-16     
6684.82270842     1.48392e-16     
6688.90967577     1.53363e-16     
6692.99664311     1.39422e-16     
6697.08361045     1.33623e-16     
6701.17057779     1.38653e-16     
6705.25754514     1.55335e-16     
6709.34451248     1.48285e-16     
6713.43147982     1.52039e-16     
6717.51844717     1.73669e-16     
6721.60541451     1.57098e-16     
6725.69238185     1.62806e-16     
6729.77934919     1.41898e-16     
6733.86631654     1.46861e-16     
6737.95328388     1.5362e-16      
6742.04025122     1.55449e-16     
6746.12721856     1.50514e-16     
6750.21418591     1.54726e-16     
6754.30115325     1.63677e-16     
6758.38812059     1.67915e-16     
6762.47508794     1.58313e-16     
6766.56205528     1.49913e-16     
6770.64902262     1.55361e-16     
6774.73598996     1.40147e-16     
6778.82295731     1.50898e-16     
6782.90992465     1.58154e-16     
6786.99689199     1.50418e-16     
6791.08385933     1.47402e-16     
6795.17082668     1.56249e-16     
6799.25779402     1.54106e-16     
6803.34476136     1.53687e-16     
6807.4317287      1.56924e-16     
6811.51869605     1.5035e-16      
6815.60566339     1.57474e-16     
6819.69263073     1.60572e-16     
6823.77959808     1.58124e-16     
6827.86656542     1.48729e-16     
6831.95353276     1.46592e-16     
6836.0405001      1.61477e-16     
6840.12746745     1.48439e-16     
6844.21443479     1.58589e-16     
6848.30140213     1.69311e-16     
6852.38836947     1.65757e-16     
6856.47533682     1.62804e-16     
6860.56230416     1.74182e-16     
6864.6492715      1.53363e-16     
6868.73623884     1.42026e-16     
6872.82320619     1.55786e-16     
6876.91017353     1.60167e-16     
6880.99714087     1.31273e-16     
6885.08410822     1.40088e-16     
6889.17107556     1.39415e-16     
6893.2580429      1.39829e-16     
6897.34501024     1.46444e-16     
6901.43197759     1.44464e-16     
6905.51894493     1.63369e-16     
6909.60591227     1.49652e-16     
6913.69287961     1.38765e-16     
6917.77984696     1.63843e-16     
6921.8668143      1.58387e-16     
6925.95378164     1.61551e-16     
6930.04074899     1.52871e-16     
6934.12771633     1.6082e-16      
6938.21468367     1.94805e-16     
6942.30165101     2.22878e-16     
6946.38861836     2.04228e-16     
6950.4755857      1.8626e-16      
6954.56255304     1.53393e-16     
6958.64952038     1.58977e-16     
6962.73648773     1.7698e-16      
6966.82345507     1.59928e-16     
6970.91042241     1.56744e-16     
6974.99738975     1.592e-16       
6979.0843571      1.47496e-16     
6983.17132444     1.45186e-16     
6987.25829178     1.28648e-16     
6991.34525913     1.37715e-16     
6995.43222647     1.4474e-16      
6999.51919381     1.31621e-16     
7003.60616115     1.30053e-16     
7007.6931285      1.40919e-16     
7011.78009584     1.47222e-16     
7015.86706318     1.36817e-16     
7019.95403052     1.4727e-16      
7024.04099787     1.52281e-16     
7028.12796521     1.35957e-16     
7032.21493255     1.5065e-16      
7036.30189989     1.33427e-16     
7040.38886724     1.40004e-16     
7044.47583458     1.31484e-16     
7048.56280192     1.24639e-16     
7052.64976927     1.2244e-16      
7056.73673661     1.41682e-16     
7060.82370395     1.39158e-16     
7064.91067129     1.37515e-16     
7068.99763864     1.48395e-16     
7073.08460598     1.35062e-16     
7077.17157332     1.37602e-16     
7081.25854066     1.48889e-16     
7085.34550801     1.43234e-16     
7089.43247535     1.27322e-16     
7093.51944269     1.21265e-16     
7097.60641004     1.28791e-16     
7101.69337738     1.43448e-16     
7105.78034472     1.59247e-16     
7109.86731206     1.5626e-16      
7113.95427941     1.41498e-16     
7118.04124675     1.43009e-16     
7122.12821409     1.53615e-16     
7126.21518143     1.43539e-16     
7130.30214878     1.16753e-16     
7134.38911612     1.1987e-16      
7138.47608346     1.17334e-16     
7142.5630508      1.28584e-16     
7146.65001815     1.34045e-16     
7150.73698549     1.35364e-16     
7154.82395283     1.2627e-16      
7158.91092018     1.14484e-16     
7162.99788752     1.16229e-16     
7167.08485486     1.34298e-16     
7171.1718222      1.33832e-16     
7175.25878955     1.21921e-16     
7179.34575689     1.13166e-16     
7183.43272423     1.22606e-16     
7187.51969157     1.26906e-16     
7191.60665892     1.12255e-16     
7195.69362626     1.30366e-16     
7199.7805936      8.94027e-17     
7203.86756094     1.28825e-16     
7207.95452829     1.14695e-16     
7212.04149563     1.34101e-16     
7216.12846297     1.12443e-16     
7220.21543032     1.09578e-16     
7224.30239766     1.06012e-16     
7228.389365       1.10864e-16     
7232.47633234     1.30119e-16     
7236.56329969     1.34266e-16     
7240.65026703     1.08431e-16     
7244.73723437     1.00134e-16     
7248.82420171     1.20341e-16     
7252.91116906     1.1468e-16      
7256.9981364      1.31749e-16     
7261.08510374     1.05496e-16     
7265.17207109     1.06208e-16     
7269.25903843     1.17859e-16     
7273.34600577     1.21135e-16     
7277.43297311     1.17839e-16     
7281.51994046     1.07766e-16     
7285.6069078      1.03028e-16     
7289.69387514     1.21321e-16     
7293.78084248     1.16136e-16     
7297.86780983     1.07515e-16     
7301.95477717     1.17947e-16     
7306.04174451     1.15115e-16     
7310.12871185     1.17268e-16     
7314.2156792      1.08456e-16     
7318.30264654     1.23744e-16     
7322.38961388     1.21357e-16     
7326.47658123     1.1189e-16      
7330.56354857     1.17973e-16     
7334.65051591     1.23394e-16     
7338.73748325     1.10532e-16     
7342.8244506      1.16573e-16     
7346.91141794     1.28067e-16     
7350.99838528     1.15149e-16     
7355.08535262     1.0929e-16      
7359.17231997     1.06277e-16     
7363.25928731     9.37581e-17     
7367.34625465     1.28144e-16     
7371.43322199     1.29601e-16     
7375.52018934     1.04091e-16     
7379.60715668     9.95076e-17     
7383.69412402     1.03203e-16     
7387.78109137     1.36595e-16     
7391.86805871     1.32921e-16     
7395.95502605     1.22555e-16     
7400.04199339     1.14713e-16     
7404.12896074     1.19869e-16     
7408.21592808     1.34756e-16     
7412.30289542     1.00012e-16     
7416.38986276     1.03368e-16     
7420.47683011     1.22875e-16     
7424.56379745     1.16733e-16     
7428.65076479     1.22728e-16     
7432.73773214     9.64521e-17     
7436.82469948     1.00291e-16     
7440.91166682     1.18315e-16     
7444.99863416     1.07918e-16     
7449.08560151     1.02723e-16     
7453.17256885     1.08715e-16     
7457.25953619     1.23254e-16     
7461.34650353     1.24564e-16     
7465.43347088     1.17512e-16     
7469.52043822     1.04352e-16     
7473.60740556     1.02305e-16     
7477.6943729      1.00013e-16     
7481.78134025     1.09352e-16     
7485.86830759     1.19056e-16     
