6008.69004035     6.25533e-17     
6012.90521699     5.57113e-17     
6017.12039363     5.59599e-17     
6021.33557027     5.33473e-17     
6025.55074691     5.59402e-17     
6029.76592355     6.1191e-17      
6033.98110019     5.95395e-17     
6038.19627683     5.75401e-17     
6042.41145347     5.67853e-17     
6046.62663012     5.29718e-17     
6050.84180676     5.55451e-17     
6055.0569834      5.47646e-17     
6059.27216004     5.76536e-17     
6063.48733668     5.78675e-17     
6067.70251332     5.8931e-17      
6071.91768996     5.13174e-17     
6076.1328666      5.51577e-17     
6080.34804324     5.68854e-17     
6084.56321988     5.45141e-17     
6088.77839652     5.96862e-17     
6092.99357316     5.6276e-17      
6097.2087498      6.17308e-17     
6101.42392644     5.76343e-17     
6105.63910308     5.46504e-17     
6109.85427972     5.69544e-17     
6114.06945637     5.4627e-17      
6118.28463301     5.54446e-17     
6122.49980965     5.75816e-17     
6126.71498629     5.73518e-17     
6130.93016293     5.94535e-17     
6135.14533957     5.72255e-17     
6139.36051621     5.91049e-17     
6143.57569285     5.72968e-17     
6147.79086949     5.96883e-17     
6152.00604613     6.14519e-17     
6156.22122277     5.97224e-17     
6160.43639941     5.60761e-17     
6164.65157605     6.36812e-17     
6168.86675269     6.27684e-17     
6173.08192933     6.11579e-17     
6177.29710597     5.93748e-17     
6181.51228262     5.93023e-17     
6185.72745926     6.29959e-17     
6189.9426359      6.02542e-17     
6194.15781254     6.31431e-17     
6198.37298918     6.25417e-17     
6202.58816582     6.2857e-17      
6206.80334246     6.21909e-17     
6211.0185191      6.2824e-17      
6215.23369574     6.41087e-17     
6219.44887238     6.45719e-17     
6223.66404902     6.00543e-17     
6227.87922566     6.25392e-17     
6232.0944023      6.08856e-17     
6236.30957894     5.68635e-17     
6240.52475558     6.29184e-17     
6244.73993222     6.33939e-17     
6248.95510887     6.65139e-17     
6253.17028551     5.99616e-17     
6257.38546215     6.42794e-17     
6261.60063879     5.93789e-17     
6265.81581543     6.19188e-17     
6270.03099207     5.82526e-17     
6274.24616871     6.01034e-17     
6278.46134535     5.91402e-17     
6282.67652199     5.96891e-17     
6286.89169863     5.81781e-17     
6291.10687527     5.98054e-17     
6295.32205191     5.89574e-17     
6299.53722855     6.33579e-17     
6303.75240519     5.69347e-17     
6307.96758183     6.01064e-17     
6312.18275847     5.83694e-17     
6316.39793512     5.56614e-17     
6320.61311176     5.40135e-17     
6324.8282884      5.628e-17       
6329.04346504     5.95195e-17     
6333.25864168     5.55966e-17     
6337.47381832     5.95511e-17     
6341.68899496     5.56531e-17     
6345.9041716      5.87931e-17     
6350.11934824     5.59116e-17     
6354.33452488     5.818e-17       
6358.54970152     5.59624e-17     
6362.76487816     6.20513e-17     
6366.9800548      5.44353e-17     
6371.19523144     5.85295e-17     
6375.41040808     6.12227e-17     
6379.62558472     5.84655e-17     
6383.84076137     5.99855e-17     
6388.05593801     5.74267e-17     
6392.27111465     5.57855e-17     
6396.48629129     5.53217e-17     
6400.70146793     5.65062e-17     
6404.91664457     5.9293e-17      
6409.13182121     6.02404e-17     
6413.34699785     6.13498e-17     
6417.56217449     6.14187e-17     
6421.77735113     6.02566e-17     
6425.99252777     6.32256e-17     
6430.20770441     5.86191e-17     
6434.42288105     5.9224e-17      
6438.63805769     5.96812e-17     
6442.85323433     5.65736e-17     
6447.06841097     6.02659e-17     
6451.28358762     5.91329e-17     
6455.49876426     5.94169e-17     
6459.7139409      5.74057e-17     
6463.92911754     5.81344e-17     
6468.14429418     5.79215e-17     
6472.35947082     5.51494e-17     
6476.57464746     5.56918e-17     
6480.7898241      5.77646e-17     
6485.00500074     6.03801e-17     
6489.22017738     5.51203e-17     
6493.43535402     5.67509e-17     
6497.65053066     6.03157e-17     
6501.8657073      5.92692e-17     
6506.08088394     5.35529e-17     
6510.29606058     5.97498e-17     
6514.51123722     5.32213e-17     
6518.72641387     5.28436e-17     
6522.94159051     5.30731e-17     
6527.15676715     5.88541e-17     
6531.37194379     5.37534e-17     
6535.58712043     5.87852e-17     
6539.80229707     6.02357e-17     
6544.01747371     5.79111e-17     
6548.23265035     5.87273e-17     
6552.44782699     5.39092e-17     
6556.66300363     5.70001e-17     
6560.87818027     5.82804e-17     
6565.09335691     5.30651e-17     
6569.30853355     5.4099e-17      
6573.52371019     5.75857e-17     
6577.73888683     5.22858e-17     
6581.95406347     5.51266e-17     
6586.16924012     5.79232e-17     
6590.38441676     5.20214e-17     
6594.5995934      5.1138e-17      
6598.81477004     5.64677e-17     
6603.02994668     5.75512e-17     
6607.24512332     5.19075e-17     
6611.46029996     5.29971e-17     
6615.6754766      5.95896e-17     
6619.89065324     5.58163e-17     
6624.10582988     5.41203e-17     
6628.32100652     5.39466e-17     
6632.53618316     5.26957e-17     
6636.7513598      6.13123e-17     
6640.96653644     5.39226e-17     
6645.18171308     5.52002e-17     
6649.39688972     5.48334e-17     
6653.61206637     5.68788e-17     
6657.82724301     5.67266e-17     
6662.04241965     5.87466e-17     
6666.25759629     6.13153e-17     
6670.47277293     5.65197e-17     
6674.68794957     5.68104e-17     
6678.90312621     5.77485e-17     
6683.11830285     5.9729e-17      
6687.33347949     6.46298e-17     
6691.54865613     6.02961e-17     
6695.76383277     5.85599e-17     
6699.97900941     5.82267e-17     
6704.19418605     5.98607e-17     
6708.40936269     6.0625e-17      
6712.62453933     6.04219e-17     
6716.83971597     6.17198e-17     
6721.05489262     6.21585e-17     
6725.27006926     6.26662e-17     
6729.4852459      6.07057e-17     
6733.70042254     6.21707e-17     
6737.91559918     6.68113e-17     
6742.13077582     6.16664e-17     
6746.34595246     6.43293e-17     
6750.5611291      6.54809e-17     
6754.77630574     6.1227e-17      
6758.99148238     6.54359e-17     
6763.20665902     6.13293e-17     
6767.42183566     6.22554e-17     
6771.6370123      6.17902e-17     
6775.85218894     6.12449e-17     
6780.06736558     6.17761e-17     
6784.28254222     6.07873e-17     
6788.49771887     6.09169e-17     
6792.71289551     6.53809e-17     
6796.92807215     6.55682e-17     
6801.14324879     6.51091e-17     
6805.35842543     5.92245e-17     
6809.57360207     5.96293e-17     
6813.78877871     5.9905e-17      
6818.00395535     5.98608e-17     
6822.21913199     6.21736e-17     
6826.43430863     6.11428e-17     
6830.64948527     6.10741e-17     
6834.86466191     5.89723e-17     
6839.07983855     6.04874e-17     
6843.29501519     6.48747e-17     
6847.51019183     5.89708e-17     
6851.72536847     6.31455e-17     
6855.94054511     6.12567e-17     
6860.15572176     5.85005e-17     
6864.3708984      5.90469e-17     
6868.58607504     6.12659e-17     
6872.80125168     5.58402e-17     
6877.01642832     6.58349e-17     
6881.23160496     6.61905e-17     
6885.4467816      6.24587e-17     
6889.66195824     5.98128e-17     
6893.87713488     5.99783e-17     
6898.09231152     6.14895e-17     
6902.30748816     5.7017e-17      
6906.5226648      5.97165e-17     
6910.73784144     5.98337e-17     
6914.95301808     5.66751e-17     
6919.16819472     6.26412e-17     
6923.38337136     6.42225e-17     
6927.59854801     6.5771e-17      
6931.81372465     7.1507e-17      
6936.02890129     7.73104e-17     
6940.24407793     7.55605e-17     
6944.45925457     6.79641e-17     
6948.67443121     5.95538e-17     
6952.88960785     6.63951e-17     
6957.10478449     6.85518e-17     
6961.31996113     6.53727e-17     
6965.53513777     5.83558e-17     
6969.75031441     5.6737e-17      
6973.96549105     5.70479e-17     
6978.18066769     6.09973e-17     
6982.39584433     6.09321e-17     
6986.61102097     5.74428e-17     
6990.82619761     5.69453e-17     
6995.04137426     5.62484e-17     
6999.2565509      5.98282e-17     
7003.47172754     5.38007e-17     
7007.68690418     5.41621e-17     
7011.90208082     6.0482e-17      
7016.11725746     5.49076e-17     
7020.3324341      5.35109e-17     
7024.54761074     5.89414e-17     
7028.76278738     5.4515e-17      
7032.97796402     5.37473e-17     
7037.19314066     5.63633e-17     
7041.4083173      5.82358e-17     
7045.62349394     5.5185e-17      
7049.83867058     5.3515e-17      
7054.05384722     5.10011e-17     
7058.26902386     5.20999e-17     
7062.48420051     5.59457e-17     
7066.69937715     5.7246e-17      
7070.91455379     5.56928e-17     
7075.12973043     5.6639e-17      
7079.34490707     5.44759e-17     
7083.56008371     5.18701e-17     
7087.77526035     5.31018e-17     
7091.99043699     5.80125e-17     
7096.20561363     6.42133e-17     
7100.42079027     5.9659e-17      
7104.63596691     5.9761e-17      
7108.85114355     5.58383e-17     
7113.06632019     5.49697e-17     
7117.28149683     5.35565e-17     
7121.49667347     5.593e-17       
7125.71185011     5.41563e-17     
7129.92702676     5.02789e-17     
7134.1422034      4.92792e-17     
7138.35738004     5.00495e-17     
7142.57255668     4.76305e-17     
7146.78773332     4.57839e-17     
7151.00290996     4.84636e-17     
7155.2180866      5.08464e-17     
7159.43326324     4.57256e-17     
7163.64843988     4.31615e-17     
7167.86361652     4.42074e-17     
7172.07879316     4.56264e-17     
7176.2939698      4.87072e-17     
7180.50914644     5.21124e-17     
7184.72432308     4.74044e-17     
7188.93949972     4.37984e-17     
7193.15467636     4.7717e-17      
7197.36985301     5.39783e-17     
7201.58502965     5.65417e-17     
7205.80020629     5.2736e-17      
7210.01538293     5.43198e-17     
7214.23055957     4.90835e-17     
7218.44573621     4.83472e-17     
7222.66091285     4.46018e-17     
7226.87608949     4.03481e-17     
7231.09126613     4.62448e-17     
7235.30644277     5.52587e-17     
7239.52161941     5.75772e-17     
7243.73679605     4.76128e-17     
7247.95197269     4.41336e-17     
7252.16714933     4.48731e-17     
7256.38232597     4.42555e-17     
7260.59750261     4.5249e-17      
7264.81267926     5.22417e-17     
7269.0278559      5.4606e-17      
7273.24303254     6.02006e-17     
7277.45820918     4.75574e-17     
7281.67338582     4.24454e-17     
7285.88856246     3.96203e-17     
7290.1037391      4.38236e-17     
7294.31891574     4.91511e-17     
7298.53409238     5.14435e-17     
7302.74926902     4.50238e-17     
7306.96444566     4.90276e-17     
7311.1796223      4.00641e-17     
7315.39479894     4.26082e-17     
7319.60997558     4.30041e-17     
7323.82515222     4.82774e-17     
7328.04032886     5.38397e-17     
7332.25550551     5.32614e-17     
7336.47068215     5.0783e-17      
7340.68585879     4.74865e-17     
7344.90103543     4.16841e-17     
7349.11621207     4.11041e-17     
7353.33138871     4.16629e-17     
7357.54656535     4.6408e-17      
7361.76174199     5.5548e-17      
7365.97691863     5.12542e-17     
7370.19209527     4.83281e-17     
7374.40727191     4.29547e-17     
7378.62244855     4.02591e-17     
7382.83762519     4.00458e-17     
7387.05280183     4.79353e-17     
7391.26797847     5.39389e-17     
7395.48315511     5.26063e-17     
7399.69833176     4.548e-17       
7403.9135084      4.23532e-17     
7408.12868504     4.17916e-17     
7412.34386168     4.47852e-17     
7416.55903832     4.53198e-17     
7420.77421496     4.94411e-17     
7424.9893916      4.95638e-17     
7429.20456824     4.37242e-17     
7433.41974488     4.01676e-17     
7437.63492152     4.57496e-17     
7441.85009816     4.44347e-17     
7446.0652748      4.71906e-17     
7450.28045144     4.41123e-17     
7454.49562808     4.86766e-17     
7458.71080472     4.31986e-17     
7462.92598136     4.28846e-17     
7467.14115801     4.5741e-17      
7471.35633465     4.77987e-17     
7475.57151129     4.89052e-17     
7479.78668793     4.41931e-17     
7484.00186457     3.99784e-17     
7488.21704121     4.01793e-17     
7492.43221785     3.95447e-17     
7496.64739449     4.65708e-17     
7500.86257113     4.98597e-17     
7505.07774777     5.03765e-17     
7509.29292441     4.49201e-17     
7513.50810105     3.8358e-17      
7517.72327769     2.96623e-17     
7521.93845433     3.20287e-17     
7526.15363097     4.21877e-17     
7530.36880761     4.6352e-17      
7534.58398426     4.66388e-17     
7538.7991609      4.83968e-17     
7543.01433754     4.36923e-17     
7547.22951418     3.81447e-17     
7551.44469082     4.12634e-17     
7555.65986746     3.76559e-17     
7559.8750441      4.24745e-17     
7564.09022074     4.95924e-17     
7568.30539738     4.893e-17       
7572.52057402     4.50843e-17     
7576.73575066     4.59261e-17     
7580.9509273      4.33679e-17     
7585.16610394     4.01105e-17     
7589.38128058     3.87219e-17     
7593.59645722     3.46675e-17     
7597.81163386     3.18175e-17     
7602.02681051     3.73732e-17     
7606.24198715     4.82193e-17     
7610.45716379     6.05368e-17     
7614.67234043     6.24623e-17     
7618.88751707     5.5664e-17      
7623.10269371     4.45608e-17     
7627.31787035     4.16373e-17     
7631.53304699     4.00679e-17     
7635.74822363     4.08857e-17     
7639.96340027     4.66979e-17     
7644.17857691     5.55015e-17     
7648.39375355     5.21152e-17     
7652.60893019     4.77801e-17     
7656.82410683     4.09069e-17     
7661.03928347     4.249e-17       
7665.25446011     3.59667e-17     
7669.46963675     4.01783e-17     
7673.6848134      4.81486e-17     
7677.89999004     4.90924e-17     
7682.11516668     5.19892e-17     
7686.33034332     4.85484e-17     
7690.54551996     4.95188e-17     
7694.7606966      4.15178e-17     
7698.97587324     3.2097e-17      
7703.19104988     2.87385e-17     
7707.40622652     3.41981e-17     
7711.62140316     4.52696e-17     
7715.8365798      5.75539e-17     
7720.05175644     5.68248e-17     
7724.26693308     5.20989e-17     
7728.48210972     4.24559e-17     
7732.69728636     3.50107e-17     
7736.912463       2.81693e-17     
7741.12763965     3.5831e-17      
7745.34281629     5.31125e-17     
7749.55799293     6.28246e-17     
7753.77316957     5.65219e-17     
7757.98834621     4.65764e-17     
7762.20352285     2.76785e-17     
7766.41869949     1.48111e-17     
7770.63387613     1.84368e-17     
7774.84905277     3.58676e-17     
7779.06422941     4.63091e-17     
7783.27940605     6.31987e-17     
7787.49458269     6.32757e-17     
7791.70975933     5.46411e-17     
7795.92493597     4.29218e-17     
7800.14011261     3.52506e-17     
7804.35528925     2.99558e-17     
7808.5704659      3.73528e-17     
7812.78564254     5.5705e-17      
7817.00081918     5.23025e-17     
7821.21599582     5.23728e-17     
7825.43117246     4.43892e-17     
7829.6463491      3.96534e-17     
7833.86152574     3.36461e-17     
7838.07670238     3.12816e-17     
7842.29187902     3.69051e-17     
7846.50705566     4.62296e-17     
7850.7222323      6.22593e-17     
7854.93740894     5.98499e-17     
7859.15258558     4.65815e-17     
7863.36776222     4.1209e-17      
7867.58293886     2.73219e-17     
7871.7981155      3.14121e-17     
7876.01329215     3.56112e-17     
7880.22846879     4.35775e-17     
7884.44364543     5.39016e-17     
7888.65882207     5.08971e-17     
7892.87399871     4.13624e-17     
7897.08917535     3.55499e-17     
7901.30435199     2.61318e-17     
7905.51952863     3.23301e-17     
7909.73470527     4.62414e-17     
7913.94988191     5.06348e-17     
7918.16505855     4.91146e-17     
7922.38023519     4.25289e-17     
7926.59541183     3.2598e-17      
7930.81058847     3.33592e-17     
7935.02576511     4.30853e-17     
7939.24094175     4.78319e-17     
7943.4561184      4.60924e-17     
7947.67129504     3.60057e-17     
7951.88647168     3.70647e-17     
7956.10164832     3.48242e-17     
7960.31682496     3.57652e-17     
7964.5320016      3.87412e-17     
7968.74717824     4.11926e-17     
7972.96235488     4.4194e-17      
7977.17753152     4.32421e-17     
7981.39270816     3.66036e-17     
7985.6078848      3.13301e-17     
7989.82306144     3.51113e-17     
7994.03823808     4.32711e-17     
7998.25341472     4.06617e-17     
8002.46859136     4.05883e-17     
8006.683768       4.101e-17       
8010.89894465     4.12825e-17     
8015.11412129     4.27679e-17     
8019.32929793     4.37426e-17     
8023.54447457     4.4241e-17      
8027.75965121     4.16332e-17     
8031.97482785     3.79338e-17     
8036.19000449     3.39294e-17     
8040.40518113     3.79151e-17     
8044.62035777     3.85576e-17     
8048.83553441     3.76319e-17     
8053.05071105     3.85522e-17     
8057.26588769     3.50787e-17     
8061.48106433     4.20991e-17     
8065.69624097     4.07653e-17     
8069.91141761     3.66661e-17     
8074.12659425     3.44373e-17     
8078.3417709      3.82569e-17     
8082.55694754     3.97831e-17     
8086.77212418     4.30315e-17     
8090.98730082     4.50578e-17     
8095.20247746     4.8304e-17      
8099.4176541      4.63114e-17     
8103.63283074     4.23475e-17     
8107.84800738     4.01626e-17     
8112.06318402     3.29965e-17     
8116.27836066     3.28648e-17     
8120.4935373      2.85127e-17     
8124.70871394     3.30388e-17     
8128.92389058     4.05658e-17     
8133.13906722     4.93274e-17     
8137.35424386     4.79714e-17     
8141.5694205      4.39442e-17     
8145.78459715     4.24229e-17     
8149.99977379     3.6622e-17      
8154.21495043     3.48514e-17     
8158.43012707     2.95558e-17     
8162.64530371     3.54262e-17     
8166.86048035     3.9937e-17      
8171.07565699     4.14335e-17     
8175.29083363     4.66674e-17     
8179.50601027     5.04155e-17     
8183.72118691     4.53776e-17     
8187.93636355     4.38311e-17     
8192.15154019     4.19712e-17     
8196.36671683     3.37851e-17     
8200.58189347     3.46111e-17     
8204.79707011     4.38761e-17     
8209.01224675     4.73346e-17     
8213.2274234      4.09623e-17     
8217.44260004     4.29795e-17     
8221.65777668     4.73296e-17     
8225.87295332     4.72912e-17     
8230.08812996     4.5027e-17      
8234.3033066      4.10496e-17     
8238.51848324     4.64893e-17     
8242.73365988     4.41489e-17     
8246.94883652     4.4844e-17      
8251.16401316     4.64761e-17     
8255.3791898      5.10117e-17     
8259.59436644     5.1114e-17      
8263.80954308     4.38092e-17     
8268.02471972     4.48025e-17     
8272.23989636     3.90892e-17     
8276.455073       3.70313e-17     
8280.67024965     3.95107e-17     
8284.88542629     4.38012e-17     
8289.10060293     4.71473e-17     
8293.31577957     4.49326e-17     
8297.53095621     4.83187e-17     
8301.74613285     4.97253e-17     
8305.96130949     4.44816e-17     
8310.17648613     4.4084e-17      
8314.39166277     4.78392e-17     
8318.60683941     4.07536e-17     
8322.82201605     4.08888e-17     
8327.03719269     4.00512e-17     
8331.25236933     4.23318e-17     
8335.46754597     3.44977e-17     
8339.68272261     3.19738e-17     
8343.89789925     4.34568e-17     
8348.1130759      4.79826e-17     
8352.32825254     4.88104e-17     
8356.54342918     4.74407e-17     
8360.75860582     4.46914e-17     
8364.97378246     4.58031e-17     
8369.1889591      3.90775e-17     
8373.40413574     4.3937e-17      
8377.61931238     4.20252e-17     
8381.83448902     4.98993e-17     
8386.04966566     4.29817e-17     
8390.2648423      3.84904e-17     
8394.48001894     4.66285e-17     
8398.69519558     4.60895e-17     
8402.91037222     4.50861e-17     
8407.12554886     4.43099e-17     
8411.3407255      3.88654e-17     
8415.55590214     3.87647e-17     
8419.77107879     3.82382e-17     
8423.98625543     3.1331e-17      
8428.20143207     3.67702e-17     
8432.41660871     4.32403e-17     
8436.63178535     4.50639e-17     
8440.84696199     4.47818e-17     
8445.06213863     4.72027e-17     
8449.27731527     4.40056e-17     
8453.49249191     4.11455e-17     
8457.70766855     3.43527e-17     
8461.92284519     2.59522e-17     
8466.13802183     3.64664e-17     
8470.35319847     4.31192e-17     
8474.56837511     4.26663e-17     
8478.78355175     4.42165e-17     
8482.99872839     4.97089e-17     
8487.21390504     4.52581e-17     
8491.42908168     4.28549e-17     
8495.64425832     4.31408e-17     
8499.85943496     3.37592e-17     
8504.0746116      3.3361e-17      
8508.28978824     3.41164e-17     
8512.50496488     3.44948e-17     
8516.72014152     3.45248e-17     
8520.93531816     4.14296e-17     
8525.1504948      4.54323e-17     
8529.36567144     4.24979e-17     
8533.58084808     5.08728e-17     
8537.79602472     4.61453e-17     
8542.01120136     4.04536e-17     
8546.226378       3.40437e-17     
8550.44155464     3.61413e-17     
8554.65673129     3.26193e-17     
8558.87190793     3.50381e-17     
8563.08708457     3.78207e-17     
8567.30226121     4.43286e-17     
8571.51743785     4.57264e-17     
8575.73261449     4.78535e-17     
8579.94779113     4.6337e-17      
8584.16296777     4.01189e-17     
8588.37814441     3.99401e-17     
8592.59332105     3.46102e-17     
8596.80849769     2.73444e-17     
8601.02367433     3.22762e-17     
8605.23885097     3.20845e-17     
8609.45402761     3.23923e-17     
8613.66920425     5.6338e-17      
8617.88438089     6.84755e-17     
8622.09955754     7.29404e-17     
8626.31473418     6.47936e-17     
8630.52991082     4.94307e-17     
8634.74508746     3.84729e-17     
8638.9602641      3.00259e-17     
8643.17544074     1.97958e-17     
8647.39061738     1.88021e-17     
8651.60579402     2.39769e-17     
8655.82097066     4.44944e-17     
8660.0361473      6.51239e-17     
8664.25132394     6.54111e-17     
8668.46650058     6.01262e-17     
8672.68167722     4.94782e-17     
8676.89685386     3.72695e-17     
8681.1120305      2.56399e-17     
8685.32720714     2.81128e-17     
8689.54238379     3.36152e-17     
8693.75756043     3.26714e-17     
8697.97273707     4.43736e-17     
8702.18791371     5.22687e-17     
8706.40309035     4.47283e-17     
8710.61826699     5.09161e-17     
8714.83344363     4.78253e-17     
8719.04862027     3.82156e-17     
8723.26379691     3.27606e-17     
8727.47897355     2.58099e-17     
8731.69415019     3.04204e-17     
8735.90932683     3.58378e-17     
8740.12450347     4.37352e-17     
8744.33968011     4.85832e-17     
8748.55485675     5.24194e-17     
8752.77003339     6.79595e-17     
8756.98521004     6.40635e-17     
8761.20038668     3.96502e-17     
8765.41556332     2.1804e-17      
8769.63073996     8.00516e-18     
8773.8459166      1.35514e-17     
8778.06109324     2.84558e-17     
8782.27626988     3.75264e-17     
8786.49144652     4.91639e-17     
8790.70662316     4.80577e-17     
8794.9217998      4.22651e-17     
8799.13697644     4.09911e-17     
8803.35215308     3.80352e-17     
8807.56732972     3.62844e-17     
8811.78250636     2.94185e-17     
8815.997683       1.51153e-17     
8820.21285964     -1.80538e-18    
8824.42803629     1.38133e-17     
8828.64321293     5.10732e-17     
8832.85838957     5.80874e-17     
8837.07356621     4.74947e-17     
8841.28874285     5.00094e-17     
8845.50391949     4.87244e-17     
8849.71909613     3.85919e-17     
8853.93427277     3.27413e-17     
8858.14944941     3.06034e-17     
8862.36462605     2.96025e-17     
8866.57980269     3.20987e-17     
8870.79497933     3.86626e-17     
8875.01015597     6.10782e-17     
8879.22533261     6.06494e-17     
8883.44050925     6.12771e-17     
8887.65568589     4.70925e-17     
8891.87086254     4.11585e-17     
8896.08603918     4.29089e-17     
8900.30121582     3.83925e-17     
8904.51639246     4.15554e-17     
8908.7315691      1.56288e-17     
8912.94674574     5.89796e-18     
8917.16192238     2.04927e-17     
8921.37709902     3.25223e-17     
8925.59227566     4.25517e-17     
8929.8074523      5.41391e-17     
8934.02262894     6.30047e-17     
8938.23780558     5.79931e-17     
8942.45298222     5.34664e-17     
8946.66815886     3.68845e-17     
8950.8833355      2.08351e-17     
8955.09851214     2.8176e-17      
8959.31368879     3.89095e-17     
8963.52886543     4.16154e-17     
8967.74404207     3.90976e-17     
8971.95921871     3.94433e-17     
8976.17439535     4.60419e-17     
8980.38957199     4.89383e-17     
8984.60474863     4.92754e-17     
8988.81992527     5.13005e-17     
8993.03510191     5.66246e-17     
8997.25027855     5.97612e-17     
9001.46545519     5.25829e-17     
9005.68063183     4.33116e-17     
9009.89580847     4.1257e-17      
9014.11098511     3.64545e-17     
9018.32616175     3.91515e-17     
9022.54133839     2.71777e-17     
9026.75651504     3.54676e-17     
9030.97169168     4.50397e-17     
9035.18686832     4.99999e-17     
9039.40204496     6.27966e-17     
9043.6172216      6.20483e-17     
9047.83239824     5.81272e-17     
9052.04757488     4.63682e-17     
9056.26275152     4.25053e-17     
9060.47792816     3.79571e-17     
9064.6931048      3.67857e-17     
9068.90828144     3.57495e-17     
9073.12345808     3.26248e-17     
9077.33863472     3.62496e-17     
9081.55381136     4.74894e-17     
9085.768988       4.63353e-17     
9089.98416464     4.86347e-17     
9094.19934129     5.54413e-17     
9098.41451793     5.95724e-17     
9102.62969457     5.65437e-17     
9106.84487121     4.87512e-17     
9111.06004785     4.5741e-17      
9115.27522449     4.118e-17       
9119.49040113     3.75904e-17     
9123.70557777     3.95119e-17     
9127.92075441     3.95686e-17     
9132.13593105     4.06693e-17     
9136.35110769     4.6506e-17      
9140.56628433     4.7259e-17      
9144.78146097     5.27231e-17     
9148.99663761     5.93068e-17     
9153.21181425     4.89011e-17     
9157.42699089     4.0011e-17      
9161.64216754     4.12548e-17     
9165.85734418     4.13082e-17     
9170.07252082     3.49043e-17     
9174.28769746     3.35731e-17     
9178.5028741      4.42373e-17     
9182.71805074     4.16979e-17     
9186.93322738     4.47495e-17     
9191.14840402     4.40314e-17     
9195.36358066     4.33714e-17     
9199.5787573      4.84172e-17     
9203.79393394     5.10507e-17     
9208.00911058     4.5921e-17      
9212.22428722     4.82183e-17     
9216.43946386     4.1704e-17      
9220.6546405      4.50265e-17     
9224.86981714     3.86283e-17     
9229.08499378     4.38346e-17     
9233.30017043     4.23098e-17     
9237.51534707     3.58642e-17     
9241.73052371     4.21133e-17     
9245.94570035     5.01308e-17     
9250.16087699     5.20992e-17     
9254.37605363     5.86354e-17     
9258.59123027     6.07948e-17     
9262.80640691     5.012e-17       
9267.02158355     4.56517e-17     
9271.23676019     4.43273e-17     
9275.45193683     4.01456e-17     
9279.66711347     3.74595e-17     
9283.88229011     3.29634e-17     
9288.09746675     4.23362e-17     
9292.31264339     3.27122e-17     
9296.52782003     6.88757e-17     
9300.74299668     8.68266e-17     
9304.95817332     1.23404e-16     
9309.17334996     1.04855e-16     
9313.3885266      5.59021e-17     
9317.60370324     4.87966e-17     
9321.81887988     4.53854e-17     
9326.03405652     2.80059e-17     
9330.24923316     5.20322e-17     
9334.4644098      5.36389e-17     
9338.67958644     4.91241e-17     
9342.89476308     4.95539e-17     
9347.10993972     3.11458e-17     
9351.32511636     5.74907e-17     
9355.540293       5.19212e-17     
9359.75546964     3.82404e-17     
9363.97064628     5.90422e-17     
9368.18582293     7.44107e-17     
9372.40099957     4.16314e-17     
9376.61617621     2.97455e-17     
9380.83135285     6.63356e-17     
9385.04652949     4.74244e-17     
9389.26170613     4.29604e-17     
9393.47688277     4.85943e-17     
9397.69205941     5.41871e-17     
9401.90723605     5.54313e-17     
9406.12241269     4.41776e-17     
9410.33758933     6.29899e-17     
9414.55276597     5.84344e-17     
9418.76794261     4.32406e-17     
9422.98311925     5.00301e-17     
9427.19829589     3.94675e-17     
9431.41347253     5.20311e-18     
9435.62864918     3.2539e-17      
9439.84382582     -5.06982e-18    
9444.05900246     2.73151e-17     
9448.2741791      3.80092e-17     
9452.48935574     5.11662e-17     
9456.70453238     4.78403e-17     
9460.91970902     5.24834e-17     
9465.13488566     3.51066e-17     
9469.3500623      5.69263e-17     
9473.56523894     2.96363e-17     
9477.78041558     3.15242e-17     
9481.99559222     5.61038e-17     
9486.21076886     4.32077e-17     
9490.4259455      2.9606e-17      
9494.64112214     4.4931e-17      
9498.85629878     4.08746e-17     
9503.07147543     4.11292e-17     
9507.28665207     7.32409e-17     
9511.50182871     6.93097e-17     
9515.71700535     4.28324e-17     
9519.93218199     6.48901e-17     
9524.14735863     4.72233e-17     
9528.36253527     2.32398e-17     
9532.57771191     3.67813e-17     
9536.79288855     3.54162e-17     
9541.00806519     2.60186e-17     
9545.22324183     4.49591e-17     
9549.43841847     1.82824e-17     
9553.65359511     3.96154e-17     
9557.86877175     6.98298e-17     
9562.08394839     6.19219e-17     
9566.29912503     4.7748e-17      
9570.51430168     4.899e-17       
9574.72947832     5.79473e-17     
9578.94465496     3.96453e-17     
9583.1598316      3.34164e-17     
9587.37500824     4.02232e-17     
9591.59018488     5.00487e-17     
9595.80536152     4.03397e-17     
9600.02053816     3.64124e-17     
9604.2357148      3.84818e-17     
9608.45089144     2.89519e-17     
9612.66606808     4.90736e-17     
9616.88124472     5.0388e-17      
9621.09642136     3.03345e-17     
9625.311598       2.89632e-17     
9629.52677464     3.04623e-17     
9633.74195128     3.71029e-17     
9637.95712793     3.75804e-17     
9642.17230457     4.14999e-17     
9646.38748121     4.1443e-17      
9650.60265785     4.11805e-17     
9654.81783449     3.27296e-17     
9659.03301113     3.54435e-17     
9663.24818777     4.90264e-17     
9667.46336441     5.01352e-17     
9671.67854105     4.49874e-17     
9675.89371769     3.80696e-17     
9680.10889433     3.47559e-17     
9684.32407097     3.80776e-17     
9688.53924761     4.5116e-17      
9692.75442425     3.34788e-17     
9696.96960089     4.32868e-17     
9701.18477753     3.71879e-17     
9705.39995418     4.30688e-17     
9709.61513082     4.64993e-17     
9713.83030746     3.1539e-17      
9718.0454841      3.86782e-17     
9722.26066074     4.0254e-17      
9726.47583738     3.53454e-17     
9730.69101402     4.07894e-17     
9734.90619066     3.51571e-17     
9739.1213673      3.33006e-17     
9743.33654394     4.43148e-17     
9747.55172058     5.10304e-17     
9751.76689722     2.57883e-17     
9755.98207386     1.70731e-17     
9760.1972505      2.87761e-17     
9764.41242714     2.96367e-17     
9768.62760378     1.70129e-17     
9772.84278043     2.98247e-17     
9777.05795707     3.10069e-17     
9781.27313371     3.18955e-17     
9785.48831035     2.51628e-17     
9789.70348699     4.05052e-17     
9793.91866363     4.89033e-17     
9798.13384027     4.00986e-17     
9802.34901691     5.26148e-17     
9806.56419355     3.67304e-17     
9810.77937019     1.33879e-17     
9814.99454683     3.84697e-17     
9819.20972347     2.86291e-17     
9823.42490011     3.73585e-17     
9827.64007675     2.14639e-17     
9831.85525339     2.75184e-17     
9836.07043003     2.81876e-17     
9840.28560668     2.50239e-17     
9844.50078332     4.51839e-17     
9848.71595996     4.30512e-17     
9852.9311366      3.61257e-17     
9857.14631324     3.26709e-17     
9861.36148988     3.25775e-17     
9865.57666652     3.57158e-17     
9869.79184316     1.32574e-17     
9874.0070198      1.21261e-17     
9878.22219644     3.10028e-17     
9882.43737308     2.93125e-17     
9886.65254972     1.47333e-17     
9890.86772636     2.21236e-17     
9895.082903       3.03305e-17     
9899.29807964     1.56381e-17     
9903.51325628     2.97693e-17     
9907.72843293     4.8479e-17      
9911.94360957     4.87214e-17     
9916.15878621     4.69783e-17     
9920.37396285     2.19053e-17     
9924.58913949     2.61623e-17     
9928.80431613     3.4039e-17      
9933.01949277     4.8478e-17      
9937.23466941     3.33846e-17     
9941.44984605     4.76603e-17     
9945.66502269     3.64414e-17     
9949.88019933     3.9521e-17      
9954.09537597     1.56537e-17     
9958.31055261     4.49708e-17     
9962.52572925     3.96594e-17     
9966.74090589     2.71418e-17     
9970.95608253     1.84919e-17     
9975.17125918     1.49573e-17     
9979.38643582     3.97875e-17     
9983.60161246     3.53234e-17     
9987.8167891      2.4411e-17      
9992.03196574     3.0336e-17      
9996.24714238     2.94215e-17     
10000.462319      1.37082e-17     
10004.6774957     6.30209e-18     
10008.8926723     6.14307e-18     
