wavelength,flux
3238.,8.116355E-16
3242.683496,1.977793E-17
3247.366992,9.44762e-17
3252.050488,-2.718226E-16
3256.733984,6.249044E-16
3261.41748,1.108799E-16
3266.100976,-1.165085E-16
3270.784472,8.756479E-16
3275.467968,9.265483E-16
3280.151464,6.842507E-16
3284.83496,4.571709E-17
3289.518456,-1.002523E-16
3294.201952,-3.387431E-16
3298.885448,2.419053E-16
3303.568944,1.231511E-15
3308.25244,9.014821E-16
3312.935936,1.068632E-15
3317.619432,1.095571E-15
3322.302928,4.479748E-16
3326.986424,-5.447834E-17
3331.66992,7.337966E-16
3336.353416,9.580159E-16
3341.036912,9.021432E-16
3345.720408,3.46868e-16
3350.403904,5.461579E-16
3355.0874,5.76467e-16
3359.770896,3.673294E-16
3364.454392,2.673453E-16
3369.137888,4.902387E-16
3373.821384,3.918436E-16
3378.50488,5.549674E-16
3383.188376,6.201032E-16
3387.871872,5.323094E-16
3392.555368,6.87111e-16
3397.238864,5.777418E-16
3401.92236,3.688775E-16
3406.605856,4.798387E-16
3411.289352,3.498998E-16
3415.972848,4.141836E-16
3420.656344,5.789697E-16
3425.33984,5.665757E-16
3430.023337,4.83611e-16
3434.706833,5.507448E-16
3439.390329,5.268647E-16
3444.073825,6.206702E-16
3448.757321,7.321924E-16
3453.440817,6.524247E-16
3458.124313,7.088519E-16
3462.807809,7.543022E-16
3467.491305,7.533562E-16
3472.174801,6.551075E-16
3476.858297,7.779682E-16
3481.541793,8.281219E-16
3486.225289,7.607173E-16
3490.908785,5.822554E-16
3495.592281,5.783803E-16
3500.275777,6.573213E-16
3504.959273,6.465532E-16
3509.642769,5.551451E-16
3514.326265,5.275902E-16
3519.009761,5.595873E-16
3523.693257,4.737361E-16
3528.376753,4.56251e-16
3533.060249,4.554151E-16
3537.743745,5.160966E-16
3542.427241,5.102507E-16
3547.110737,5.293701E-16
3551.794233,5.114475E-16
3556.477729,5.105016E-16
3561.161225,5.368496E-16
3565.844721,6.463064E-16
3570.528217,6.729703E-16
3575.211713,6.536852E-16
3579.895209,7.333656E-16
3584.578705,8.037617E-16
3589.262201,8.000488E-16
3593.945697,7.475401E-16
3598.629193,6.91078e-16
3603.312689,6.506993E-16
3607.996185,6.05429e-16
3612.679681,5.793845E-16
3617.363177,5.420165E-16
3622.046673,5.139891E-16
3626.730169,4.858877E-16
3631.413665,6.024841E-16
3636.097161,6.660693E-16
3640.780657,6.67862e-16
3645.464153,7.052167E-16
3650.147649,8.257913E-16
3654.831145,8.037876E-16
3659.514641,8.015083E-16
3664.198137,8.644833E-16
3668.881633,7.874304E-16
3673.565129,8.185972E-16
3678.248625,8.32134e-16
3682.932121,7.599976E-16
3687.615617,7.627254E-16
3692.299113,7.865421E-16
3696.982609,8.783803E-16
3701.666105,9.004906E-16
3706.349601,9.237005E-16
3711.033097,9.335786E-16
3715.716593,8.91324e-16
3720.400089,8.175009E-16
3725.083585,7.238388E-16
3729.767081,6.138604E-16
3734.450577,4.194318E-16
3739.134073,2.879508E-16
3743.817569,3.909297E-16
3748.501065,3.896055E-16
3753.184561,3.444333E-16
3757.868057,2.763468E-16
3762.551553,2.445437E-16
3767.235049,2.263421E-16
3771.918545,2.158944E-16
3776.602041,1.929027E-16
3781.285537,1.525317E-16
3785.969033,1.709192E-16
3790.652529,1.227892E-16
3795.336025,1.13057e-16
3800.019521,1.777287E-16
3804.703017,1.790835E-16
3809.386514,1.86635e-16
3814.07001,1.875878E-16
3818.753506,1.827752E-16
3823.437002,1.82219e-16
3828.120498,2.140154E-16
3832.803994,2.788814E-16
3837.48749,3.075821E-16
3842.170986,3.338282E-16
3846.854482,3.678493E-16
3851.537978,3.84044e-16
3856.221474,4.087602E-16
3860.90497,4.320792E-16
3865.588466,5.266325E-16
3870.271962,6.097691E-16
3874.955458,6.634125E-16
3879.638954,7.834118E-16
3884.32245,9.115963E-16
3889.005946,1.087147E-15
3893.689442,1.215083E-15
3898.372938,1.339787E-15
3903.056434,1.488505E-15
3907.73993,1.583006E-15
3912.423426,1.648845E-15
3917.106922,1.663586E-15
3921.790418,1.657787E-15
3926.473914,1.578818E-15
3931.15741,1.634221E-15
3935.840906,1.690295E-15
3940.524402,1.721765E-15
3945.207898,1.903999E-15
3949.891394,2.039164E-15
3954.57489,2.262615E-15
3959.258386,2.501176E-15
3963.941882,2.644406E-15
3968.625378,2.857308E-15
3973.308874,2.936155E-15
3977.99237,2.963795E-15
3982.675866,3.114573E-15
3987.359362,3.184316E-15
3992.042858,3.193442E-15
3996.726354,3.28174e-15
4001.40985,3.358007E-15
4006.093346,3.388817E-15
4010.776842,3.517901E-15
4015.460338,3.540699E-15
4020.143834,3.58835e-15
4024.82733,3.570977E-15
4029.510826,3.632306E-15
4034.194322,3.570479E-15
4038.877818,3.496467E-15
4043.561314,3.417576E-15
4048.24481,3.411836E-15
4052.928306,3.470116E-15
4057.611802,3.498817E-15
4062.295298,3.549085E-15
4066.978794,3.557099E-15
4071.66229,3.494845E-15
4076.345786,3.486281E-15
4081.029282,3.53017e-15
4085.712778,3.461875E-15
4090.396274,3.408725E-15
4095.07977,3.375982E-15
4099.763266,3.314856E-15
4104.446762,3.243933E-15
4109.130258,3.163814E-15
4113.813754,3.106882E-15
4118.49725,3.109537E-15
4123.180746,3.109413E-15
4127.864242,3.161827E-15
4132.547738,3.133933E-15
4137.231234,3.100559E-15
4141.91473,3.040151E-15
4146.598226,3.008709E-15
4151.281722,2.931192E-15
4155.965218,2.863829E-15
4160.648714,2.848088E-15
4165.33221,2.817906E-15
4170.015706,2.818979E-15
4174.699202,2.816037E-15
4179.382698,2.7958e-15
4184.066194,2.72947e-15
4188.74969,2.799745E-15
4193.433187,2.839136E-15
4198.116683,2.843505E-15
4202.800179,2.821428E-15
4207.483675,2.777035E-15
4212.167171,2.761666E-15
4216.850667,2.721343E-15
4221.534163,2.643256E-15
4226.217659,2.662319E-15
4230.901155,2.652323E-15
4235.584651,2.593173E-15
4240.268147,2.527838E-15
4244.951643,2.477424E-15
4249.635139,2.573533E-15
4254.318635,2.614702E-15
4259.002131,2.658854E-15
4263.685627,2.569806E-15
4268.369123,2.56181e-15
4273.052619,2.526104E-15
4277.736115,2.455726E-15
4282.419611,2.418318E-15
4287.103107,2.439488E-15
4291.786603,2.412307E-15
4296.470099,2.395071E-15
4301.153595,2.338411E-15
4305.837091,2.297803E-15
4310.520587,2.253925E-15
4315.204083,2.247523E-15
4319.887579,2.243797E-15
4324.571075,2.15523e-15
4329.254571,2.094991E-15
4333.938067,1.992364E-15
4338.621563,1.902223E-15
4343.305059,1.776248E-15
4347.988555,1.625077E-15
4352.672051,1.47925e-15
4357.355547,1.420632E-15
4362.039043,1.445581E-15
4366.722539,1.423288E-15
4371.406035,1.464545E-15
4376.089531,1.564487E-15
4380.773027,1.648466E-15
4385.456523,1.789434E-15
4390.140019,1.946859E-15
4394.823515,2.148018E-15
4399.507011,2.31881e-15
4404.190507,2.532143E-15
4408.874003,2.650869E-15
4413.557499,2.765333E-15
4418.240995,2.769076E-15
4422.924491,2.780919E-15
4427.607987,2.768413E-15
4432.291483,2.770464E-15
4436.974979,2.820012E-15
4441.658475,2.882214E-15
4446.341971,2.83309e-15
4451.025467,2.865122E-15
4455.708963,2.84501e-15
4460.392459,2.931908E-15
4465.075955,2.886448E-15
4469.759451,2.794914E-15
4474.442947,2.776067E-15
4479.126443,2.825447E-15
4483.809939,2.809561E-15
4488.493435,2.788867E-15
4493.176931,2.838812E-15
4497.860427,2.892011E-15
4502.543923,2.880291E-15
4507.227419,2.938408E-15
4511.910915,3.0144e-15
4516.594411,3.192826E-15
4521.277907,3.302536E-15
4525.961403,3.469134E-15
4530.644899,3.623798E-15
4535.328395,3.738137E-15
4540.011891,3.777462E-15
4544.695387,3.85677e-15
4549.378883,3.928992E-15
4554.062379,3.985388E-15
4558.745875,3.997977E-15
4563.429371,4.091758E-15
4568.112867,4.157222E-15
4572.796364,4.180181E-15
4577.47986,4.238235E-15
4582.163356,4.227847E-15
4586.846852,4.160826E-15
4591.530348,3.986413E-15
4596.213844,3.894462E-15
4600.89734,3.795295E-15
4605.580836,3.840715E-15
4610.264332,3.934759E-15
4614.947828,3.955188E-15
4619.631324,4.062182E-15
4624.31482,4.118285E-15
4628.998316,4.14302e-15
4633.681812,4.214749E-15
4638.365308,4.470303E-15
4643.048804,4.763582E-15
4647.7323,4.954726E-15
4652.415796,5.096531E-15
4657.099292,5.103853E-15
4661.782788,5.119487E-15
4666.466284,5.080693E-15
4671.14978,5.108312E-15
4675.833276,5.067066E-15
4680.516772,4.952274E-15
4685.200268,5.033672E-15
4689.883764,5.126411E-15
4694.56726,5.254415E-15
4699.250756,5.389611E-15
4703.934252,5.518471E-15
4708.617748,5.695968E-15
4713.301244,5.771231E-15
4717.98474,5.741815E-15
4722.668236,5.741345E-15
4727.351732,5.751626E-15
4732.035228,5.555261E-15
4736.718724,5.462979E-15
4741.40222,5.377015E-15
4746.085716,5.364759E-15
4750.769212,5.277313E-15
4755.452708,5.191833E-15
4760.136204,5.073824E-15
4764.8197,5.054307E-15
4769.503196,4.90447e-15
4774.186692,4.817718E-15
4778.870188,4.731249E-15
4783.553684,4.588691E-15
4788.23718,4.358306E-15
4792.920676,4.174928E-15
4797.604172,4.011029E-15
4802.287668,3.873102E-15
4806.971164,3.763681E-15
4811.65466,3.626512E-15
4816.338156,3.4639e-15
4821.021652,3.27468e-15
4825.705148,3.199016E-15
4830.388644,3.082604E-15
4835.07214,2.972295E-15
4839.755636,2.900183E-15
4844.439132,2.798093E-15
4849.122628,2.665159E-15
4853.806124,2.57659e-15
4858.48962,2.521845E-15
4863.173116,2.439463E-15
4867.856612,2.309594E-15
4872.540108,2.292924E-15
4877.223604,2.255585E-15
4881.9071,2.251805E-15
4886.590596,2.319738E-15
4891.274092,2.434635E-15
4895.957588,2.571947E-15
4900.641084,2.741169E-15
4905.32458,2.904378E-15
4910.008076,3.056626E-15
4914.691572,3.234026E-15
4919.375068,3.417518E-15
4924.058564,3.582815E-15
4928.74206,3.736035E-15
4933.425556,3.907909E-15
4938.109052,4.072053E-15
4942.792548,4.326745E-15
4947.476044,4.585715E-15
4952.159541,4.818929E-15
4956.843037,5.063449E-15
4961.526533,5.287597E-15
4966.210029,5.501122E-15
4970.893525,5.689778E-15
4975.577021,6.035005E-15
4980.260517,6.363778E-15
4984.944013,6.566108E-15
4989.627509,6.8356e-15
4994.311005,6.989982E-15
4998.994501,7.104761E-15
5003.677997,7.312474E-15
5008.361493,7.320166E-15
5013.044989,7.246726E-15
5017.728485,7.277239E-15
5022.411981,7.269467E-15
5027.095477,7.23672e-15
5031.778973,7.168874E-15
5036.462469,7.085485E-15
5041.145965,6.87592e-15
5045.829461,6.573463E-15
5050.512957,6.239723E-15
5055.196453,5.95781e-15
5059.879949,5.613583E-15
5064.563445,5.197233E-15
5069.246941,4.9159e-15
5073.930437,4.697181E-15
5078.613933,4.479783E-15
5083.297429,4.389155E-15
5087.980925,4.413545E-15
5092.664421,4.523624E-15
5097.347917,4.528296E-15
5102.031413,4.675239E-15
5106.714909,4.743355E-15
5111.398405,4.804906E-15
5116.081901,4.781274E-15
5120.765397,4.864301E-15
5125.448893,4.974632E-15
5130.132389,5.100134E-15
5134.815885,5.224023E-15
5139.499381,5.285821E-15
5144.182877,5.363498E-15
5148.866373,5.379911E-15
5153.549869,5.377041E-15
5158.233365,5.445789E-15
5162.916861,5.468252E-15
5167.600357,5.521666E-15
5172.283853,5.537216E-15
5176.967349,5.50842e-15
5181.650845,5.495817E-15
5186.334341,5.392668E-15
5191.017837,5.327048E-15
5195.701333,5.345782E-15
5200.384829,5.339653E-15
5205.068325,5.293977E-15
5209.751821,5.28384e-15
5214.435317,5.280117E-15
5219.118813,5.246836E-15
5223.802309,5.191539E-15
5228.485805,5.101408E-15
5233.169301,5.064643E-15
5237.852797,5.043991E-15
5242.536293,5.072976E-15
5247.219789,5.198984E-15
5251.903285,5.249572E-15
5256.586781,5.302657E-15
5261.270277,5.361179E-15
5265.953773,5.446996E-15
5270.637269,5.605418E-15
5275.320765,5.66679e-15
5280.004261,5.727074E-15
5284.687757,5.865212E-15
5289.371253,6.018103E-15
5294.054749,6.147897E-15
5298.738245,6.24489e-15
5303.421741,6.344798E-15
5308.105237,6.460231E-15
5312.788733,6.5179e-15
5317.472229,6.629395E-15
5322.155725,6.636714E-15
5326.839221,6.624131E-15
5331.522717,6.574396E-15
5336.206214,6.590068E-15
5340.88971,6.681578E-15
5345.573206,6.695197E-15
5350.256702,6.84099e-15
5354.940198,6.846982E-15
5359.623694,6.943034E-15
5364.30719,6.998535E-15
5368.990686,7.020839E-15
5373.674182,7.113745E-15
5378.357678,7.126285E-15
5383.041174,7.149873E-15
5387.72467,7.184898E-15
5392.408166,7.130844E-15
5397.091662,7.081786E-15
5401.775158,7.116038E-15
5406.458654,7.159758E-15
5411.14215,7.152024E-15
5415.825646,7.162312E-15
5420.509142,7.070523E-15
5425.192638,6.947757E-15
5429.876134,6.942299E-15
5434.55963,6.980521E-15
5439.243126,6.908432E-15
5443.926622,6.74891e-15
5448.610118,6.657405E-15
5453.293614,6.63267e-15
5457.97711,6.657294E-15
5462.660606,6.694866E-15
5467.344102,6.768251E-15
5472.027598,6.913269E-15
5476.711094,7.047904E-15
5481.39459,7.079003E-15
5486.078086,7.113988E-15
5490.761582,7.242368E-15
5495.445078,7.253103E-15
5500.128574,7.288608E-15
5504.81207,7.383122E-15
5509.495566,7.465308E-15
5514.179062,7.614157E-15
5518.862558,7.759793E-15
5523.546054,7.730791E-15
5528.22955,7.816544E-15
5532.913046,7.838094E-15
5537.596542,7.876206E-15
5542.280038,7.81467e-15
5546.963534,7.742726E-15
5551.64703,7.602906E-15
5556.330526,7.594093E-15
5561.014022,7.480423E-15
5565.697518,7.361802E-15
5570.381014,7.390322E-15
5575.06451,7.33607e-15
5579.748006,7.260691E-15
5584.431502,7.146847E-15
5589.114998,7.043551E-15
5593.798494,7.106014E-15
5598.48199,7.10835e-15
5603.165486,7.034589E-15
5607.848982,7.048745E-15
5612.532478,7.131464E-15
5617.215974,7.125075E-15
5621.89947,7.094343E-15
5626.582966,7.104288E-15
5631.266462,7.077746E-15
5635.949958,6.985806E-15
5640.633454,6.760259E-15
5645.31695,6.477917E-15
5650.000446,6.20181e-15
5654.683942,5.9455e-15
5659.367438,5.710041E-15
5664.050934,5.358682E-15
5668.73443,5.020114E-15
5673.417926,4.71092e-15
5678.101422,4.28637e-15
5682.784918,3.909329E-15
5687.468414,3.524099E-15
5692.15191,3.226893E-15
5696.835406,2.962493E-15
5701.518902,2.777976E-15
5706.202398,2.662367E-15
5710.885894,2.589102E-15
5715.569391,2.57426e-15
5720.252887,2.592219E-15
5724.936383,2.607696E-15
5729.619879,2.693038E-15
5734.303375,2.807421E-15
5738.986871,2.938495E-15
5743.670367,3.142949E-15
5748.353863,3.322979E-15
5753.037359,3.585391E-15
5757.720855,3.873773E-15
5762.404351,4.190661E-15
5767.087847,4.553955E-15
5771.771343,4.937588E-15
5776.454839,5.369134E-15
5781.138335,5.770776E-15
5785.821831,6.233922E-15
5790.505327,6.626502E-15
5795.188823,6.996717E-15
5799.872319,7.389554E-15
5804.555815,7.783607E-15
5809.239311,8.123725E-15
5813.922807,8.34537e-15
5818.606303,8.645671E-15
5823.289799,8.927112E-15
5827.973295,9.198132E-15
5832.656791,9.489625E-15
5837.340287,9.742243E-15
5842.023783,1.000862E-14
5846.707279,1.030499E-14
5851.390775,1.050449E-14
5856.074271,1.077567E-14
5860.757767,1.093252E-14
5865.441263,1.106148E-14
5870.124759,1.121205E-14
5874.808255,1.132168E-14
5879.491751,1.124424E-14
5884.175247,1.113052E-14
5888.858743,1.093549E-14
5893.542239,1.062709E-14
5898.225735,1.016625E-14
5902.909231,9.561568E-15
5907.592727,9.360646E-15
5912.276223,9.687343E-15
5916.959719,1.012085E-14
5921.643215,1.028649E-14
5926.326711,1.025997E-14
5931.010207,1.014822E-14
5935.693703,1.003787E-14
5940.377199,9.874535E-15
5945.060695,9.76025e-15
5949.744191,9.632399E-15
5954.427687,9.510528E-15
5959.111183,9.416933E-15
5963.794679,9.312134E-15
5968.478175,9.197174E-15
5973.161671,9.091178E-15
5977.845167,9.02176e-15
5982.528663,8.86068e-15
5987.212159,8.73691e-15
5991.895655,8.684071E-15
5996.579151,8.479042E-15
6001.262647,8.329476E-15
6005.946143,8.181796E-15
6010.629639,8.051462E-15
6015.313135,7.984681E-15
6019.996631,7.898934E-15
6024.680127,7.80212e-15
6029.363623,7.708564E-15
6034.047119,7.710036E-15
6038.730615,7.625056E-15
6043.414111,7.635273E-15
6048.097607,7.468799E-15
6052.781103,7.35247e-15
6057.464599,7.205937E-15
6062.148095,7.175842E-15
6066.831591,7.076399E-15
6071.515087,7.025022E-15
6076.198583,7.006381E-15
6080.882079,7.008592E-15
6085.565575,7.044177E-15
6090.249071,7.035648E-15
6094.932568,7.056505E-15
6099.616064,7.097747E-15
6104.29956,7.089628E-15
6108.983056,7.036458E-15
6113.666552,7.014798E-15
6118.350048,7.025743E-15
6123.033544,7.055308E-15
6127.71704,7.07734e-15
6132.400536,7.026555E-15
6137.084032,7.007058E-15
6141.767528,6.927573E-15
6146.451024,6.793465E-15
6151.13452,6.69983e-15
6155.818016,6.604314E-15
6160.501512,6.621284E-15
6165.185008,6.623789E-15
6169.868504,6.640984E-15
6174.552,6.66878e-15
6179.235496,6.660093E-15
6183.918992,6.668212E-15
6188.602488,6.569494E-15
6193.285984,6.618887E-15
6197.96948,6.616599E-15
6202.652976,6.496239E-15
6207.336472,6.519244E-15
6212.019968,6.399502E-15
6216.703464,6.338493E-15
6221.38696,6.3672e-15
6226.070456,6.254951E-15
6230.753952,6.035907E-15
6235.437448,5.890774E-15
6240.120944,5.710705E-15
6244.80444,5.514378E-15
6249.487936,5.30916e-15
6254.171432,5.062276E-15
6258.854928,4.776425E-15
6263.538424,4.502632E-15
6268.22192,4.289134E-15
6272.905416,4.082705E-15
6277.588912,3.900958E-15
6282.272408,3.726209E-15
6286.955904,3.679229E-15
6291.6394,3.703976E-15
6296.322896,3.734011E-15
6301.006392,3.88176e-15
6305.689888,4.064927E-15
6310.373384,4.317916E-15
6315.05688,4.516603E-15
6319.740376,4.487434E-15
6324.423872,4.450373E-15
6329.107368,4.478079E-15
6333.790864,4.636662E-15
6338.47436,4.926478E-15
6343.157856,5.210836E-15
6347.841352,5.467494E-15
6352.524848,5.711102E-15
6357.208344,5.931541E-15
6361.89184,6.070753E-15
6366.575336,6.137219E-15
6371.258832,6.265354E-15
6375.942328,6.446614E-15
6380.625824,6.618233E-15
6385.30932,6.773921E-15
6389.992816,6.844783E-15
6394.676312,6.923965E-15
6399.359808,6.870779E-15
6404.043304,6.840473E-15
6408.7268,6.801213E-15
6413.410296,6.823863E-15
6418.093792,6.828376E-15
6422.777288,6.819865E-15
6427.460784,6.877252E-15
6432.14428,6.941636E-15
6436.827776,7.051644E-15
6441.511272,6.995144E-15
6446.194768,6.945123E-15
6450.878264,6.907724E-15
6455.56176,6.67971e-15
6460.245256,6.339056E-15
6464.928752,6.068198E-15
6469.612248,5.816098E-15
6474.295745,5.518652E-15
6478.979241,5.240559E-15
6483.662737,5.004222E-15
6488.346233,4.784413E-15
6493.029729,4.640258E-15
6497.713225,4.535032E-15
6502.396721,4.399675E-15
6507.080217,4.346197E-15
6511.763713,4.326909E-15
6516.447209,4.315046E-15
6521.130705,4.354746E-15
6525.814201,4.412732E-15
6530.497697,4.539703E-15
6535.181193,4.654879E-15
6539.864689,4.796544E-15
6544.548185,4.906148E-15
6549.231681,5.102028E-15
6553.915177,5.355801E-15
6558.598673,5.630186E-15
6563.282169,5.854127E-15
6567.965665,6.133348E-15
6572.649161,6.40814e-15
6577.332657,6.693065E-15
6582.016153,7.049749E-15
6586.699649,7.400525E-15
6591.383145,7.695956E-15
6596.066641,7.828126E-15
6600.750137,7.998558E-15
6605.433633,8.192689E-15
6610.117129,8.29837e-15
6614.800625,8.50893e-15
6619.484121,8.58593e-15
6624.167617,8.634307E-15
6628.851113,8.753823E-15
6633.534609,8.901011E-15
6638.218105,9.159088E-15
6642.901601,9.354008E-15
6647.585097,9.492292E-15
6652.268593,9.702129E-15
6656.952089,9.904288E-15
6661.635585,1.004317E-14
6666.319081,1.009022E-14
6671.002577,1.009563E-14
6675.686073,1.007104E-14
6680.369569,1.007784E-14
6685.053065,1.004027E-14
6689.736561,9.847965E-15
6694.420057,9.749152E-15
6699.103553,9.626265E-15
6703.787049,9.447208E-15
6708.470545,9.319178E-15
6713.154041,9.239053E-15
6717.837537,9.20007e-15
6722.521033,9.206916E-15
6727.204529,9.147112E-15
6731.888025,9.055572E-15
6736.571521,8.920945E-15
6741.255017,8.898176E-15
6745.938513,8.890356E-15
6750.622009,8.832878E-15
6755.305505,8.760704E-15
6759.989001,8.603048E-15
6764.672497,8.598903E-15
6769.355993,8.601061E-15
6774.039489,8.476936E-15
6778.722985,8.357301E-15
6783.406481,8.22575e-15
6788.089977,8.159761E-15
6792.773473,8.015874E-15
6797.456969,7.883216E-15
6802.140465,7.713284E-15
6806.823961,7.581868E-15
6811.507457,7.508764E-15
6816.190953,7.27238e-15
6820.874449,7.129278E-15
6825.557945,6.936279E-15
6830.241441,6.741893E-15
6834.924937,6.464603E-15
6839.608433,6.103719E-15
6844.291929,5.900135E-15
6848.975425,5.693265E-15
6853.658921,5.469622E-15
6858.342418,5.242868E-15
6863.025914,4.992217E-15
6867.70941,4.764366E-15
6872.392906,4.625679E-15
6877.076402,4.471049E-15
6881.759898,4.372818E-15
6886.443394,4.395364E-15
6891.12689,4.36036e-15
6895.810386,4.430432E-15
6900.493882,4.517977E-15
6905.177378,4.644328E-15
6909.860874,4.814544E-15
6914.54437,4.963786E-15
6919.227866,5.189833E-15
6923.911362,5.398084E-15
6928.594858,5.644849E-15
6933.278354,5.92566e-15
6937.96185,6.25428e-15
6942.645346,6.525569E-15
6947.328842,6.788324E-15
6952.012338,7.113794E-15
6956.695834,7.420602E-15
6961.37933,7.635983E-15
6966.062826,7.777015E-15
6970.746322,8.047929E-15
6975.429818,8.192103E-15
6980.113314,8.363505E-15
6984.79681,8.409864E-15
6989.480306,8.502695E-15
6994.163802,8.610814E-15
6998.847298,8.692454E-15
7003.530794,8.806851E-15
7008.21429,8.862787E-15
7012.897786,8.974942E-15
7017.581282,9.057778E-15
7022.264778,9.18704e-15
7026.948274,9.261363E-15
7031.63177,9.478514E-15
7036.315266,9.608369E-15
7040.998762,9.760313E-15
7045.682258,9.768225E-15
7050.365754,9.709916E-15
7055.04925,9.700137E-15
7059.732746,9.624312E-15
7064.416242,9.513318E-15
7069.099738,9.407822E-15
7073.783234,9.243906E-15
7078.46673,8.998811E-15
7083.150226,8.829427E-15
7087.833722,8.649334E-15
7092.517218,8.384063E-15
7097.200714,8.199087E-15
7101.88421,8.015743E-15
7106.567706,7.842652E-15
7111.251202,7.662146E-15
7115.934698,7.491115E-15
7120.618194,7.447521E-15
7125.30169,7.307631E-15
7129.985186,7.216123E-15
7134.668682,7.200576E-15
7139.352178,7.142909E-15
7144.035674,7.126483E-15
7148.71917,7.090305E-15
7153.402666,7.164887E-15
7158.086162,7.252466E-15
7162.769658,7.37251e-15
7167.453154,7.470458E-15
7172.13665,7.608719E-15
7176.820146,7.70907e-15
7181.503642,7.78478e-15
7186.187138,7.894722E-15
7190.870634,7.889703E-15
7195.55413,7.93242e-15
7200.237626,7.739925E-15
7204.921122,7.687729E-15
7209.604618,7.633147E-15
7214.288114,7.536582E-15
7218.97161,7.511402E-15
7223.655106,7.504039E-15
7228.338602,7.522839E-15
7233.022098,7.575069E-15
7237.705595,7.5818e-15
7242.389091,7.654801E-15
7247.072587,7.700942E-15
7251.756083,7.75968e-15
7256.439579,7.804708E-15
7261.123075,7.921749E-15
7265.806571,7.980567E-15
7270.490067,7.912684E-15
7275.173563,8.030423E-15
7279.857059,8.009578E-15
7284.540555,8.044102E-15
7289.224051,8.003032E-15
7293.907547,7.857544E-15
7298.591043,7.846021E-15
7303.274539,7.853878E-15
7307.958035,7.668339E-15
7312.641531,7.581696E-15
7317.325027,7.485932E-15
7322.008523,7.380551E-15
7326.692019,7.347078E-15
7331.375515,7.337697E-15
7336.059011,7.220299E-15
7340.742507,7.122135E-15
7345.426003,6.957674E-15
7350.109499,6.912793E-15
7354.792995,6.875745E-15
7359.476491,6.819475E-15
7364.159987,6.792022E-15
7368.843483,6.719236E-15
7373.526979,6.675207E-15
7378.210475,6.672524E-15
7382.893971,6.679755E-15
7387.577467,6.613039E-15
7392.260963,6.631601E-15
7396.944459,6.7167e-15
7401.627955,6.664401E-15
7406.311451,6.578591E-15
7410.994947,6.450812E-15
7415.678443,6.398334E-15
7420.361939,6.350705E-15
7425.045435,6.282627E-15
7429.728931,6.322843E-15
7434.412427,6.332977E-15
7439.095923,6.382236E-15
7443.779419,6.443751E-15
7448.462915,6.437608E-15
7453.146411,6.507252E-15
7457.829907,6.486863E-15
7462.513403,6.482736E-15
7467.196899,6.506009E-15
7471.880395,6.45613e-15
7476.563891,6.442018E-15
7481.247387,6.453294E-15
7485.930883,6.420531E-15
7490.614379,6.373531E-15
7495.297875,6.380122E-15
7499.981371,6.35148e-15
7504.664867,6.385778E-15
7509.348363,6.366947E-15
7514.031859,6.368208E-15
7518.715355,6.326285E-15
7523.398851,6.21173e-15
7528.082347,6.174041E-15
7532.765843,6.16458e-15
7537.449339,6.196087E-15
7542.132835,6.046344E-15
7546.816331,5.996951E-15
7551.499827,5.961052E-15
7556.183323,5.964719E-15
7560.866819,5.933346E-15
7565.550315,5.904022E-15
7570.233811,5.901149E-15
7574.917307,5.906816E-15
7579.600803,5.823868E-15
7584.284299,5.829905E-15
7588.967795,5.680016E-15
7593.651291,5.664605E-15
7598.334787,5.733998E-15
7603.018283,5.848705E-15
7607.701779,5.666991E-15
7612.385275,5.756236E-15
7617.068772,5.521744E-15
7621.752268,5.551239E-15
7626.435764,5.653399E-15
7631.11926,5.556194E-15
7635.802756,5.511669E-15
7640.486252,5.499025E-15
7645.169748,5.256088E-15
7649.853244,5.226432E-15
7654.53674,5.19064e-15
7659.220236,5.141261E-15
7663.903732,5.158618E-15
7668.587228,5.306181E-15
7673.270724,5.35534e-15
7677.95422,5.374906E-15
7682.637716,5.386151E-15
7687.321212,5.499148E-15
7692.004708,5.557243E-15
7696.688204,5.56839e-15
7701.3717,5.484359E-15
7706.055196,5.465538E-15
7710.738692,5.467943E-15
7715.422188,5.490915E-15
7720.105684,5.477773E-15
7724.78918,5.488334E-15
7729.472676,5.470592E-15
7734.156172,5.549423E-15
7738.839668,5.55894e-15
7743.523164,5.660063E-15
7748.20666,5.758112E-15
7752.890156,5.796866E-15
7757.573652,5.830124E-15
7762.257148,5.910653E-15
7766.940644,5.92056e-15
7771.62414,5.884144E-15
7776.307636,5.908838E-15
7780.991132,5.887186E-15
7785.674628,5.889284E-15
7790.358124,5.881797E-15
7795.04162,5.879697E-15
7799.725116,5.943742E-15
7804.408612,5.918135E-15
7809.092108,5.831114E-15
7813.775604,5.860153E-15
7818.4591,5.863587E-15
7823.142596,5.881329E-15
7827.826092,5.819377E-15
7832.509588,5.767507E-15
7837.193084,5.696438E-15
7841.87658,5.681007E-15
7846.560076,5.713617E-15
7851.243572,5.751833E-15
7855.927068,5.710946E-15
7860.610564,5.695994E-15
7865.29406,5.722897E-15
7869.977556,5.781606E-15
7874.661052,5.734891E-15
7879.344548,5.671099E-15
7884.028044,5.762629E-15
7888.71154,5.765891E-15
7893.395036,5.606832E-15
7898.078532,5.562248E-15
7902.762028,5.614358E-15
7907.445524,5.618443E-15
7912.12902,5.558295E-15
7916.812516,5.565636E-15
7921.496012,5.565311E-15
7926.179508,5.54659e-15
7930.863004,5.507296E-15
7935.5465,5.472058E-15
7940.229996,5.494912E-15
7944.913492,5.497802E-15
7949.596988,5.411258E-15
7954.280484,5.376256E-15
7958.96398,5.382281E-15
7963.647476,5.419343E-15
7968.330972,5.386332E-15
7973.014468,5.335656E-15
7977.697964,5.383563E-15
7982.38146,5.370597E-15
7987.064956,5.32489e-15
7991.748452,5.2909e-15
7996.431948,5.270989E-15
8001.115445,5.238765E-15
8005.798941,5.216994E-15
8010.482437,5.223639E-15
8015.165933,5.185049E-15
8019.849429,5.207022E-15
8024.532925,5.198627E-15
8029.216421,5.145953E-15
8033.899917,5.179197E-15
8038.583413,5.198351E-15
8043.266909,5.159838E-15
8047.950405,5.164605E-15
8052.633901,5.206684E-15
8057.317397,5.14636e-15
8062.000893,5.138027E-15
8066.684389,5.16498e-15
8071.367885,5.157781E-15
8076.051381,5.123887E-15
8080.734877,5.131522E-15
8085.418373,5.124236E-15
8090.101869,5.099466E-15
8094.785365,5.045617E-15
8099.468861,4.965603E-15
8104.152357,4.930875E-15
8108.835853,4.91702e-15
8113.519349,4.87607e-15
8118.202845,4.899598E-15
8122.886341,4.873324E-15
8127.569837,4.76057e-15
8132.253333,4.794462E-15
8136.936829,4.79849e-15
8141.620325,4.783863E-15
8146.303821,4.85571e-15
8150.987317,4.817901E-15
8155.670813,4.743479E-15
8160.354309,4.681871E-15
8165.037805,4.741792E-15
8169.721301,4.65544e-15
8174.404797,4.620878E-15
8179.088293,4.662082E-15
8183.771789,4.673562E-15
8188.455285,4.689447E-15
8193.138781,4.590152E-15
8197.822277,4.620593E-15
8202.505773,4.628161E-15
8207.189269,4.62515e-15
8211.872765,4.602332E-15
8216.556261,4.515596E-15
8221.239757,4.501931E-15
8225.923253,4.536738E-15
8230.606749,4.48177e-15
8235.290245,4.383119E-15
8239.973741,4.361287E-15
8244.657237,4.285407E-15
8249.340733,4.149939E-15
8254.024229,4.081142E-15
8258.707725,3.991307E-15
8263.391221,3.846822E-15
8268.074717,3.727437E-15
8272.758213,3.620306E-15
8277.441709,3.468499E-15
8282.125205,3.272751E-15
8286.808701,3.199219E-15
8291.492197,3.132433E-15
8296.175693,2.899495E-15
8300.859189,2.667398E-15
8305.542685,2.531454E-15
8310.226181,2.374419E-15
8314.909677,2.243407E-15
8319.593173,2.069275E-15
8324.276669,1.962964E-15
8328.960165,1.907956E-15
8333.643661,1.836314E-15
8338.327157,1.809329E-15
8343.010653,1.802509E-15
8347.694149,1.721927E-15
8352.377645,1.681534E-15
8357.061141,1.654556E-15
8361.744637,1.687858E-15
8366.428133,1.727445E-15
8371.111629,1.78484e-15
8375.795125,1.861067E-15
8380.478622,1.957921E-15
8385.162118,2.020976E-15
8389.845614,2.090665E-15
8394.52911,2.209269E-15
8399.212606,2.311329E-15
8403.896102,2.397229E-15
8408.579598,2.452068E-15
8413.263094,2.544924E-15
8417.94659,2.711099E-15
8422.630086,2.79517e-15
8427.313582,2.919449E-15
8431.997078,3.026874E-15
8436.680574,3.024952E-15
8441.36407,3.079929E-15
8446.047566,3.061742E-15
8450.731062,3.080071E-15
8455.414558,3.079589E-15
8460.098054,3.114973E-15
8464.78155,3.105421E-15
8469.465046,3.045793E-15
8474.148542,3.004072E-15
8478.832038,2.963023E-15
8483.515534,2.907595E-15
8488.19903,2.896304E-15
8492.882526,2.894824E-15
8497.566022,2.964521E-15
8502.249518,3.027333E-15
8506.933014,3.04596e-15
8511.61651,3.151612E-15
8516.300006,3.256825E-15
8520.983502,3.322362E-15
8525.666998,3.467877E-15
8530.350494,3.627596E-15
8535.03399,3.780469E-15
8539.717486,3.960777E-15
8544.400982,4.086088E-15
8549.084478,4.169323E-15
8553.767974,4.374324E-15
8558.45147,4.544829E-15
8563.134966,4.648848E-15
8567.818462,4.746164E-15
8572.501958,4.801009E-15
8577.185454,4.974408E-15
8581.86895,5.094572E-15
8586.552446,5.087943E-15
8591.235942,5.211251E-15
8595.919438,5.290339E-15
8600.602934,5.375536E-15
8605.28643,5.437725E-15
8609.969926,5.574387E-15
8614.653422,5.644217E-15
8619.336918,5.649252E-15
8624.020414,5.704682E-15
8628.70391,5.790209E-15
8633.387406,5.786534E-15
8638.070902,5.823183E-15
8642.754398,5.834331E-15
8647.437894,5.799234E-15
8652.12139,5.866534E-15
8656.804886,5.90689e-15
8661.488382,5.881318E-15
8666.171878,5.867413E-15
8670.855374,5.831727E-15
8675.53887,5.916756E-15
8680.222366,5.826819E-15
8684.905862,5.755436E-15
8689.589358,5.755114E-15
8694.272854,5.709731E-15
8698.95635,5.68184e-15
8703.639846,5.674282E-15
8708.323342,5.633526E-15
8713.006838,5.520201E-15
8717.690334,5.480448E-15
8722.37383,5.497761E-15
8727.057326,5.481683E-15
8731.740822,5.48696e-15
8736.424318,5.466537E-15
8741.107814,5.354984E-15
8745.79131,5.325117E-15
8750.474806,5.295494E-15
8755.158302,5.251913E-15
8759.841799,5.18713e-15
8764.525295,5.125492E-15
8769.208791,5.063192E-15
8773.892287,4.97482e-15
8778.575783,4.968514E-15
8783.259279,4.840507E-15
8787.942775,4.68177e-15
8792.626271,4.73025e-15
8797.309767,4.771874E-15
8801.993263,4.604721E-15
8806.676759,4.555144E-15
8811.360255,4.635431E-15
8816.043751,4.573623E-15
8820.727247,4.512033E-15
8825.410743,4.461742E-15
8830.094239,4.48528e-15
8834.777735,4.463958E-15
8839.461231,4.45367e-15
8844.144727,4.309398E-15
8848.828223,4.336623E-15
8853.511719,4.243048E-15
