wavelength,flux
3509.661377,1.841206E-15
3513.91012,2.022836E-15
3518.158862,2.280692E-15
3522.407605,1.993382E-15
3526.656347,1.441276E-15
3530.90509,1.019838E-15
3535.153832,1.139418E-15
3539.402575,2.161603E-15
3543.651317,2.006908E-15
3547.90006,1.770066E-15
3552.148803,2.221352E-15
3556.397545,1.742030E-15
3560.646288,1.272425E-15
3564.89503,1.982281E-15
3569.143773,1.791640E-15
3573.392515,1.597707E-15
3577.641258,1.556934E-15
3581.890001,1.513428E-15
3586.138743,1.947147E-15
3590.387486,1.978836E-15
3594.636228,1.653962E-15
3598.884971,1.538881E-15
3603.133713,1.853434E-15
3607.382456,1.847747E-15
3611.631199,1.226205E-15
3615.879941,1.286337E-15
3620.128684,1.285851E-15
3624.377426,1.378350E-15
3628.626169,1.524162E-15
3632.874911,1.363613E-15
3637.123654,1.325487E-15
3641.372397,1.589666E-15
3645.621139,1.505426E-15
3649.869882,1.712489E-15
3654.118624,1.778596E-15
3658.367367,1.574097E-15
3662.616109,1.713211E-15
3666.864852,1.719176E-15
3671.113594,1.704688E-15
3675.362337,1.539078E-15
3679.61108,1.662856E-15
3683.859822,1.788206E-15
3688.108565,1.617522E-15
3692.357307,1.794218E-15
3696.60605,1.927367E-15
3700.854792,1.751777E-15
3705.103535,1.713001E-15
3709.352278,1.633776E-15
3713.60102,1.757655E-15
3717.849763,1.626584E-15
3722.098505,1.618965E-15
3726.347248,1.350081E-15
3730.59599,1.196672E-15
3734.844733,1.031489E-15
3739.093476,8.342807E-16
3743.342218,9.432690E-16
3747.590961,1.114107E-15
3751.839703,9.219679E-16
3756.088446,8.491496E-16
3760.337188,9.007561E-16
3764.585931,7.046599E-16
3768.834673,5.923929E-16
3773.083416,4.554339E-16
3777.332159,3.532366E-16
3781.580901,4.017115E-16
3785.829644,4.823448E-16
3790.078386,4.733088E-16
3794.327129,4.284496E-16
3798.575871,4.573083E-16
3802.824614,6.035525E-16
3807.073357,6.166076E-16
3811.322099,4.873351E-16
3815.570842,3.607472E-16
3819.819584,4.762219E-16
3824.068327,5.098364E-16
3828.317069,5.201404E-16
3832.565812,5.773890E-16
3836.814555,5.869387E-16
3841.063297,5.476884E-16
3845.31204,5.419732E-16
3849.560782,6.178219E-16
3853.809525,7.168442E-16
3858.058267,7.722872E-16
3862.30701,8.704573E-16
3866.555753,7.757877E-16
3870.804495,8.767426E-16
3875.053238,1.071103E-15
3879.30198,1.206271E-15
3883.550723,1.430334E-15
3887.799465,1.635495E-15
3892.048208,1.843383E-15
3896.29695,2.005802E-15
3900.545693,2.097098E-15
3904.794436,2.113336E-15
3909.043178,2.187725E-15
3913.291921,2.297529E-15
3917.540663,2.339574E-15
3921.789406,2.433567E-15
3926.038148,2.443703E-15
3930.286891,2.417472E-15
3934.535634,2.388350E-15
3938.784376,2.435083E-15
3943.033119,2.599814E-15
3947.281861,2.785276E-15
3951.530604,2.986666E-15
3955.779346,3.215100E-15
3960.028089,3.467864E-15
3964.276832,3.709375E-15
3968.525574,4.015927E-15
3972.774317,4.180432E-15
3977.023059,4.250681E-15
3981.271802,4.338201E-15
3985.520544,4.420031E-15
3989.769287,4.520412E-15
3994.018029,4.698194E-15
3998.266772,4.837650E-15
4002.515515,4.981278E-15
4006.764257,4.881354E-15
4011.013,4.899084E-15
4015.261742,5.006938E-15
4019.510485,5.159755E-15
4023.759227,5.301816E-15
4028.00797,5.315701E-15
4032.256713,5.254903E-15
4036.505455,5.217603E-15
4040.754198,5.259031E-15
4045.00294,5.178860E-15
4049.251683,5.098401E-15
4053.500425,5.071179E-15
4057.749168,5.115835E-15
4061.997911,5.018519E-15
4066.246653,4.843946E-15
4070.495396,4.892271E-15
4074.744138,4.848722E-15
4078.992881,4.677504E-15
4083.241623,4.614077E-15
4087.490366,4.460014E-15
4091.739109,4.294343E-15
4095.987851,4.105293E-15
4100.236594,4.018424E-15
4104.485336,3.974344E-15
4108.734079,3.968617E-15
4112.982821,3.763296E-15
4117.231564,3.689430E-15
4121.480306,3.629717E-15
4125.729049,3.558649E-15
4129.977792,3.536162E-15
4134.226534,3.489017E-15
4138.475277,3.461791E-15
4142.724019,3.430837E-15
4146.972762,3.335704E-15
4151.221504,3.321731E-15
4155.470247,3.245535E-15
4159.71899,3.161647E-15
4163.967732,3.167463E-15
4168.216475,3.094801E-15
4172.465217,3.051712E-15
4176.71396,3.014771E-15
4180.962702,3.028307E-15
4185.211445,3.066854E-15
4189.460188,3.062788E-15
4193.70893,3.095926E-15
4197.957673,3.121350E-15
4202.206415,3.167488E-15
4206.455158,3.205351E-15
4210.7039,3.148814E-15
4214.952643,3.141765E-15
4219.201385,3.095798E-15
4223.450128,3.081044E-15
4227.698871,3.062787E-15
4231.947613,3.001196E-15
4236.196356,2.954532E-15
4240.445098,2.979786E-15
4244.693841,3.041673E-15
4248.942583,3.049237E-15
4253.191326,3.104483E-15
4257.440069,3.089630E-15
4261.688811,3.048688E-15
4265.937554,3.107427E-15
4270.186296,3.037057E-15
4274.435039,2.997404E-15
4278.683781,3.003131E-15
4282.932524,2.980612E-15
4287.181267,2.967002E-15
4291.430009,2.946370E-15
4295.678752,2.885473E-15
4299.927494,2.866535E-15
4304.176237,2.895738E-15
4308.424979,2.835320E-15
4312.673722,2.739256E-15
4316.922465,2.702987E-15
4321.171207,2.754175E-15
4325.41995,2.768602E-15
4329.668692,2.685602E-15
4333.917435,2.543447E-15
4338.166177,2.383548E-15
4342.41492,2.222503E-15
4346.663662,2.156970E-15
4350.912405,2.158801E-15
4355.161148,2.080181E-15
4359.40989,2.000453E-15
4363.658633,1.951444E-15
4367.907375,1.872459E-15
4372.156118,1.906915E-15
4376.40486,2.031467E-15
4380.653603,2.129458E-15
4384.902346,2.254228E-15
4389.151088,2.450006E-15
4393.399831,2.596542E-15
4397.648573,2.756046E-15
4401.897316,2.995950E-15
4406.146058,3.116766E-15
4410.394801,3.192641E-15
4414.643544,3.317717E-15
4418.892286,3.342473E-15
4423.141029,3.372273E-15
4427.389771,3.331856E-15
4431.638514,3.280368E-15
4435.887256,3.292025E-15
4440.135999,3.248134E-15
4444.384742,3.212380E-15
4448.633484,3.168417E-15
4452.882227,3.238214E-15
4457.130969,3.334642E-15
4461.379712,3.385183E-15
4465.628454,3.386918E-15
4469.877197,3.310892E-15
4474.125939,3.331989E-15
4478.374682,3.349712E-15
4482.623425,3.299953E-15
4486.872167,3.232935E-15
4491.12091,3.270176E-15
4495.369652,3.314523E-15
4499.618395,3.401626E-15
4503.867137,3.558513E-15
4508.11588,3.579034E-15
4512.364623,3.608172E-15
4516.613365,3.763273E-15
4520.862108,3.921515E-15
4525.11085,4.014808E-15
4529.359593,4.176334E-15
4533.608335,4.385468E-15
4537.857078,4.519478E-15
4542.105821,4.529208E-15
4546.354563,4.549053E-15
4550.603306,4.612417E-15
4554.852048,4.631814E-15
4559.100791,4.682637E-15
4563.349533,4.812143E-15
4567.598276,4.907286E-15
4571.847018,4.962084E-15
4576.095761,4.993834E-15
4580.344504,4.983788E-15
4584.593246,4.935577E-15
4588.841989,4.924816E-15
4593.090731,4.902842E-15
4597.339474,4.852808E-15
4601.588216,4.808640E-15
4605.836959,4.820073E-15
4610.085702,4.815745E-15
4614.334444,4.788723E-15
4618.583187,4.889372E-15
4622.831929,4.960734E-15
4627.080672,5.012431E-15
4631.329414,5.160471E-15
4635.578157,5.386672E-15
4639.8269,5.481876E-15
4644.075642,5.634663E-15
4648.324385,5.761943E-15
4652.573127,5.822611E-15
4656.82187,5.970674E-15
4661.070612,6.024133E-15
4665.319355,6.002493E-15
4669.568098,6.004406E-15
4673.81684,5.954451E-15
4678.065583,5.876031E-15
4682.314325,5.945909E-15
4686.563068,5.991641E-15
4690.81181,6.014706E-15
4695.060553,6.143158E-15
4699.309295,6.253962E-15
4703.558038,6.327303E-15
4707.806781,6.463714E-15
4712.055523,6.600507E-15
4716.304266,6.674397E-15
4720.553008,6.674215E-15
4724.801751,6.681581E-15
4729.050493,6.637983E-15
4733.299236,6.527498E-15
4737.547979,6.373610E-15
4741.796721,6.246512E-15
4746.045464,6.150922E-15
4750.294206,6.054772E-15
4754.542949,5.965030E-15
4758.791691,5.836407E-15
4763.040434,5.699865E-15
4767.289177,5.573296E-15
4771.537919,5.519408E-15
4775.786662,5.425361E-15
4780.035404,5.265137E-15
4784.284147,5.118489E-15
4788.532889,4.954339E-15
4792.781632,4.813440E-15
4797.030374,4.623518E-15
4801.279117,4.423737E-15
4805.52786,4.311505E-15
4809.776602,4.161339E-15
4814.025345,3.956264E-15
4818.274087,3.844395E-15
4822.52283,3.767507E-15
4826.771572,3.691299E-15
4831.020315,3.520696E-15
4835.269058,3.384331E-15
4839.5178,3.289209E-15
4843.766543,3.259767E-15
4848.015285,3.197052E-15
4852.264028,3.095754E-15
4856.51277,2.954105E-15
4860.761513,2.831053E-15
4865.010256,2.813661E-15
4869.258998,2.785787E-15
4873.507741,2.770687E-15
4877.756483,2.825536E-15
4882.005226,2.864812E-15
4886.253968,2.909500E-15
4890.502711,3.007561E-15
4894.751454,3.148163E-15
4899.000196,3.269951E-15
4903.248939,3.398689E-15
4907.497681,3.506846E-15
4911.746424,3.748972E-15
4915.995166,3.939321E-15
4920.243909,4.004055E-15
4924.492651,4.137490E-15
4928.741394,4.308686E-15
4932.990137,4.512901E-15
4937.238879,4.709955E-15
4941.487622,4.878459E-15
4945.736364,5.119958E-15
4949.985107,5.341052E-15
4954.233849,5.566529E-15
4958.482592,5.765669E-15
4962.731335,5.972254E-15
4966.980077,6.292738E-15
4971.22882,6.598866E-15
4975.477562,6.889518E-15
4979.726305,7.103185E-15
4983.975047,7.245515E-15
4988.22379,7.500846E-15
4992.472533,7.726297E-15
4996.721275,7.804988E-15
5000.970018,7.955117E-15
5005.21876,8.042879E-15
5009.467503,8.094736E-15
5013.716245,8.121631E-15
5017.964988,8.026852E-15
5022.21373,7.963689E-15
5026.462473,8.006664E-15
5030.711216,7.953402E-15
5034.959958,7.779500E-15
5039.208701,7.531183E-15
5043.457443,7.266836E-15
5047.706186,7.013529E-15
5051.954928,6.728839E-15
5056.203671,6.388085E-15
5060.452414,6.026210E-15
5064.701156,5.644436E-15
5068.949899,5.354214E-15
5073.198641,5.140281E-15
5077.447384,5.001231E-15
5081.696126,4.927383E-15
5085.944869,4.908401E-15
5090.193612,4.895987E-15
5094.442354,4.968127E-15
5098.691097,5.071975E-15
5102.939839,5.184317E-15
5107.188582,5.283360E-15
5111.437324,5.341460E-15
5115.686067,5.401717E-15
5119.93481,5.469263E-15
5124.183552,5.523581E-15
5128.432295,5.639319E-15
5132.681037,5.737727E-15
5136.92978,5.821685E-15
5141.178522,5.917126E-15
5145.427265,5.949733E-15
5149.676007,5.977148E-15
5153.92475,5.978056E-15
5158.173493,6.023923E-15
5162.422235,6.083857E-15
5166.670978,6.118745E-15
5170.91972,6.139244E-15
5175.168463,6.128441E-15
5179.417205,6.054910E-15
5183.665948,5.964939E-15
5187.914691,5.891742E-15
5192.163433,5.828845E-15
5196.412176,5.807132E-15
5200.660918,5.773912E-15
5204.909661,5.729017E-15
5209.158403,5.736395E-15
5213.407146,5.726159E-15
5217.655889,5.673397E-15
5221.904631,5.597480E-15
5226.153374,5.576992E-15
5230.402116,5.587815E-15
5234.650859,5.539983E-15
5238.899601,5.552129E-15
5243.148344,5.631413E-15
5247.397087,5.712054E-15
5251.645829,5.812498E-15
5255.894572,5.919377E-15
5260.143314,5.997056E-15
5264.392057,6.046795E-15
5268.640799,6.113915E-15
5272.889542,6.204532E-15
5277.138284,6.354266E-15
5281.387027,6.517753E-15
5285.63577,6.615003E-15
5289.884512,6.759443E-15
5294.133255,6.909649E-15
5298.381997,6.999824E-15
5302.63074,7.098854E-15
5306.879482,7.165209E-15
5311.128225,7.233395E-15
5315.376968,7.310120E-15
5319.62571,7.369563E-15
5323.874453,7.453623E-15
5328.123195,7.526952E-15
5332.371938,7.518823E-15
5336.62068,7.509042E-15
5340.869423,7.543835E-15
5345.118166,7.566775E-15
5349.366908,7.583693E-15
5353.615651,7.649993E-15
5357.864393,7.743104E-15
5362.113136,7.816523E-15
5366.361878,7.861026E-15
5370.610621,7.875208E-15
5374.859363,7.945630E-15
5379.108106,7.978076E-15
5383.356849,8.003326E-15
5387.605591,7.998670E-15
5391.854334,7.983784E-15
5396.103076,7.938663E-15
5400.351819,7.869344E-15
5404.600561,7.868455E-15
5408.849304,7.891285E-15
5413.098047,7.852466E-15
5417.346789,7.844248E-15
5421.595532,7.836566E-15
5425.844274,7.803847E-15
5430.093017,7.783274E-15
5434.341759,7.743405E-15
5438.590502,7.700005E-15
5442.839245,7.657328E-15
5447.087987,7.564809E-15
5451.33673,7.517589E-15
5455.585472,7.486701E-15
5459.834215,7.520338E-15
5464.082957,7.614063E-15
5468.3317,7.662900E-15
5472.580443,7.705558E-15
5476.829185,7.806826E-15
5481.077928,7.918632E-15
5485.32667,7.959626E-15
5489.575413,8.018433E-15
5493.824155,8.090005E-15
5498.072898,8.139572E-15
5502.32164,8.226507E-15
5506.570383,8.322779E-15
5510.819126,8.418300E-15
5515.067868,8.490217E-15
5519.316611,8.604351E-15
5523.565353,8.686568E-15
5527.814096,8.753419E-15
5532.062838,8.750093E-15
5536.311581,8.754320E-15
5540.560324,8.749318E-15
5544.809066,8.674599E-15
5549.057809,8.614928E-15
5553.306551,8.601118E-15
5557.555294,8.488974E-15
5561.804036,8.453345E-15
5566.052779,8.465768E-15
5570.301522,8.379605E-15
5574.550264,8.249124E-15
5578.799007,8.203642E-15
5583.047749,8.168975E-15
5587.296492,8.139326E-15
5591.545234,8.046018E-15
5595.793977,7.984088E-15
5600.042719,7.985107E-15
5604.291462,8.005424E-15
5608.540205,7.981056E-15
5612.788947,7.952015E-15
5617.03769,7.984709E-15
5621.286432,8.005778E-15
5625.535175,7.962698E-15
5629.783917,7.892221E-15
5634.03266,7.789749E-15
5638.281403,7.631927E-15
5642.530145,7.426848E-15
5646.778888,7.232543E-15
5651.02763,7.006592E-15
5655.276373,6.681407E-15
5659.525115,6.360890E-15
5663.773858,6.030065E-15
5668.022601,5.655387E-15
5672.271343,5.304787E-15
5676.520086,5.012051E-15
5680.768828,4.739943E-15
5685.017571,4.386102E-15
5689.266313,4.059588E-15
5693.515056,3.811626E-15
5697.763799,3.592759E-15
5702.012541,3.425583E-15
5706.261284,3.267721E-15
5710.510026,3.160399E-15
5714.758769,3.117948E-15
5719.007511,3.094430E-15
5723.256254,3.118498E-15
5727.504996,3.194134E-15
5731.753739,3.315886E-15
5736.002482,3.450228E-15
5740.251224,3.592076E-15
5744.499967,3.749737E-15
5748.748709,3.992077E-15
5752.997452,4.250865E-15
5757.246194,4.515069E-15
5761.494937,4.833675E-15
5765.74368,5.204166E-15
5769.992422,5.583690E-15
5774.241165,5.979121E-15
5778.489907,6.400049E-15
5782.73865,6.777678E-15
5786.987392,7.145207E-15
5791.236135,7.550613E-15
5795.484878,7.930750E-15
5799.73362,8.251196E-15
5803.982363,8.525522E-15
5808.231105,8.784754E-15
5812.479848,9.082933E-15
5816.72859,9.333496E-15
5820.977333,9.546010E-15
5825.226075,9.815209E-15
5829.474818,1.013393E-14
5833.723561,1.040681E-14
5837.972303,1.058042E-14
5842.221046,1.079228E-14
5846.469788,1.110998E-14
5850.718531,1.130521E-14
5854.967273,1.145289E-14
5859.216016,1.167226E-14
5863.464759,1.185688E-14
5867.713501,1.194776E-14
5871.962244,1.194400E-14
5876.210986,1.200846E-14
5880.459729,1.208141E-14
5884.708471,1.196889E-14
5888.957214,1.165331E-14
5893.205957,1.131348E-14
5897.454699,1.104762E-14
5901.703442,1.080548E-14
5905.952184,1.060240E-14
5910.200927,1.047521E-14
5914.449669,1.049950E-14
5918.698412,1.063897E-14
5922.947155,1.085392E-14
5927.195897,1.094909E-14
5931.44464,1.087100E-14
5935.693382,1.076957E-14
5939.942125,1.062992E-14
5944.190867,1.050181E-14
5948.43961,1.039803E-14
5952.688352,1.031232E-14
5956.937095,1.023484E-14
5961.185838,1.016851E-14
5965.43458,1.012647E-14
5969.683323,9.988124E-15
5973.932065,9.856971E-15
5978.180808,9.795089E-15
5982.42955,9.694389E-15
5986.678293,9.571904E-15
5990.927036,9.430620E-15
5995.175778,9.280699E-15
5999.424521,9.172411E-15
6003.673263,9.049627E-15
6007.922006,8.903095E-15
6012.170748,8.783559E-15
6016.419491,8.673207E-15
6020.668234,8.577734E-15
6024.916976,8.520336E-15
6029.165719,8.502169E-15
6033.414461,8.449869E-15
6037.663204,8.359108E-15
6041.911946,8.242787E-15
6046.160689,8.104216E-15
6050.409432,8.030199E-15
6054.658174,7.949923E-15
6058.906917,7.881281E-15
6063.155659,7.823965E-15
6067.404402,7.810685E-15
6071.653144,7.794135E-15
6075.901887,7.757817E-15
6080.150629,7.711843E-15
6084.399372,7.676350E-15
6088.648115,7.671949E-15
6092.896857,7.676770E-15
6097.1456,7.663263E-15
6101.394342,7.692084E-15
6105.643085,7.734406E-15
6109.891827,7.731939E-15
6114.14057,7.737692E-15
6118.389313,7.702996E-15
6122.638055,7.636413E-15
6126.886798,7.668774E-15
6131.13554,7.688837E-15
6135.384283,7.600925E-15
6139.633025,7.556674E-15
6143.881768,7.506905E-15
6148.130511,7.409499E-15
6152.379253,7.321732E-15
6156.627996,7.265111E-15
6160.876738,7.290135E-15
6165.125481,7.271865E-15
6169.374223,7.222159E-15
6173.622966,7.215497E-15
6177.871708,7.223259E-15
6182.120451,7.232018E-15
6186.369194,7.200362E-15
6190.617936,7.181928E-15
6194.866679,7.162697E-15
6199.115421,7.126239E-15
6203.364164,7.119488E-15
6207.612906,7.103371E-15
6211.861649,7.028532E-15
6216.110392,6.920208E-15
6220.359134,6.858993E-15
6224.607877,6.816017E-15
6228.856619,6.713458E-15
6233.105362,6.589355E-15
6237.354104,6.397879E-15
6241.602847,6.148275E-15
6245.85159,5.900528E-15
6250.100332,5.657170E-15
6254.349075,5.441940E-15
6258.597817,5.180781E-15
6262.84656,4.924085E-15
6267.095302,4.673363E-15
6271.344045,4.385437E-15
6275.592788,4.174233E-15
6279.84153,4.034601E-15
6284.090273,3.916491E-15
6288.339015,3.862798E-15
6292.587758,3.908909E-15
6296.8365,4.009606E-15
6301.085243,4.113817E-15
6305.333985,4.241598E-15
6309.582728,4.393545E-15
6313.831471,4.541211E-15
6318.080213,4.658382E-15
6322.328956,4.746519E-15
6326.577698,4.844932E-15
6330.826441,4.912814E-15
6335.075183,5.055407E-15
6339.323926,5.258013E-15
6343.572669,5.492516E-15
6347.821411,5.777515E-15
6352.070154,6.044166E-15
6356.318896,6.260230E-15
6360.567639,6.445631E-15
6364.816381,6.616423E-15
6369.065124,6.758057E-15
6373.313867,6.892362E-15
6377.562609,7.032548E-15
6381.811352,7.173271E-15
6386.060094,7.275586E-15
6390.308837,7.337738E-15
6394.557579,7.413715E-15
6398.806322,7.471916E-15
6403.055064,7.501849E-15
6407.303807,7.541942E-15
6411.55255,7.552441E-15
6415.801292,7.530264E-15
6420.050035,7.513152E-15
6424.298777,7.559996E-15
6428.54752,7.591887E-15
6432.796262,7.668321E-15
6437.045005,7.706218E-15
6441.293748,7.631717E-15
6445.54249,7.532119E-15
6449.791233,7.429458E-15
6454.039975,7.286464E-15
6458.288718,7.102539E-15
6462.53746,6.884134E-15
6466.786203,6.628997E-15
6471.034946,6.342285E-15
6475.283688,6.074445E-15
6479.532431,5.882601E-15
6483.781173,5.695544E-15
6488.029916,5.483130E-15
6492.278658,5.343935E-15
6496.527401,5.242046E-15
6500.776144,5.140509E-15
6505.024886,5.100159E-15
6509.273629,5.091553E-15
6513.522371,5.059388E-15
6517.771114,5.061231E-15
6522.019856,5.100299E-15
6526.268599,5.161793E-15
6530.517341,5.270465E-15
6534.766084,5.379703E-15
6539.014827,5.514707E-15
6543.263569,5.699596E-15
6547.512312,5.892147E-15
6551.761054,6.116007E-15
6556.009797,6.327376E-15
6560.258539,6.462931E-15
6564.507282,6.605064E-15
6568.756025,6.861641E-15
6573.004767,7.240680E-15
6577.25351,7.591905E-15
6581.502252,7.814903E-15
6585.750995,8.056423E-15
6589.999737,8.356332E-15
6594.24848,8.614557E-15
6598.497223,8.803711E-15
6602.745965,8.936029E-15
6606.994708,9.045904E-15
6611.24345,9.142522E-15
6615.492193,9.207125E-15
6619.740935,9.321707E-15
6623.989678,9.436722E-15
6628.23842,9.534441E-15
6632.487163,9.680598E-15
6636.735906,9.789592E-15
6640.984648,9.948109E-15
6645.233391,1.016063E-14
6649.482133,1.030381E-14
6653.730876,1.046714E-14
6657.979618,1.059901E-14
6662.228361,1.063281E-14
6666.477104,1.070179E-14
6670.725846,1.074930E-14
6674.974589,1.074219E-14
6679.223331,1.067558E-14
6683.472074,1.058540E-14
6687.720816,1.054138E-14
6691.969559,1.049624E-14
6696.218302,1.038875E-14
6700.467044,1.020612E-14
6704.715787,1.009321E-14
6708.964529,1.004399E-14
6713.213272,9.969114E-15
6717.462014,9.841534E-15
6721.710757,9.746385E-15
6725.9595,9.739389E-15
6730.208242,9.739823E-15
6734.456985,9.681690E-15
6738.705727,9.608552E-15
6742.95447,9.560865E-15
6747.203212,9.503766E-15
6751.451955,9.439269E-15
6755.700697,9.387920E-15
6759.94944,9.316672E-15
6764.198183,9.258677E-15
6768.446925,9.182011E-15
6772.695668,9.073453E-15
6776.94441,8.977119E-15
6781.193153,8.912639E-15
6785.441895,8.791915E-15
6789.690638,8.666545E-15
6793.939381,8.557290E-15
6798.188123,8.419541E-15
6802.436866,8.269518E-15
6806.685608,8.128551E-15
6810.934351,7.973648E-15
6815.183093,7.848187E-15
6819.431836,7.723817E-15
6823.680579,7.512853E-15
6827.929321,7.298869E-15
6832.178064,7.093091E-15
6836.426806,6.859807E-15
6840.675549,6.639079E-15
6844.924291,6.398759E-15
6849.173034,6.169760E-15
6853.421777,5.887625E-15
6857.670519,5.587268E-15
6861.919262,5.368994E-15
6866.168004,5.330012E-15
6870.416747,5.336795E-15
6874.665489,5.103113E-15
6878.914232,4.750258E-15
6883.162974,4.626900E-15
6887.411717,4.734584E-15
6891.66046,4.840117E-15
6895.909202,4.899600E-15
6900.157945,5.017802E-15
6904.406687,5.206400E-15
6908.65543,5.383031E-15
6912.904172,5.498340E-15
6917.152915,5.674466E-15
6921.401658,5.919464E-15
6925.6504,6.146236E-15
6929.899143,6.343056E-15
6934.147885,6.565825E-15
6938.396628,6.811095E-15
6942.64537,7.089163E-15
6946.894113,7.330188E-15
6951.142856,7.599610E-15
6955.391598,7.901418E-15
6959.640341,8.155686E-15
6963.889083,8.338057E-15
6968.137826,8.478347E-15
6972.386568,8.607575E-15
6976.635311,8.730217E-15
6980.884053,8.845435E-15
6985.132796,8.956646E-15
6989.381539,9.055177E-15
6993.630281,9.114644E-15
6997.879024,9.175141E-15
7002.127766,9.237808E-15
7006.376509,9.254134E-15
7010.625251,9.334506E-15
7014.873994,9.428903E-15
7019.122737,9.498724E-15
7023.371479,9.619338E-15
7027.620222,9.743646E-15
7031.868964,9.883439E-15
7036.117707,1.000691E-14
7040.366449,1.006481E-14
7044.615192,1.008085E-14
7048.863935,1.007079E-14
7053.112677,1.003254E-14
7057.36142,9.986408E-15
7061.610162,9.923426E-15
7065.858905,9.824416E-15
7070.107647,9.721849E-15
7074.35639,9.551539E-15
7078.605133,9.334359E-15
7082.853875,9.193619E-15
7087.102618,9.059959E-15
7091.35136,8.844570E-15
7095.600103,8.619913E-15
7099.848845,8.426525E-15
7104.097588,8.294192E-15
7108.34633,8.151233E-15
7112.595073,8.033655E-15
7116.843816,7.934831E-15
7121.092558,7.824456E-15
7125.341301,7.734255E-15
7129.590043,7.681408E-15
7133.838786,7.665045E-15
7138.087528,7.610085E-15
7142.336271,7.568813E-15
7146.585014,7.646670E-15
7150.833756,7.710986E-15
7155.082499,7.686682E-15
7159.331241,7.699723E-15
7163.579984,7.799981E-15
7167.828726,7.893936E-15
7172.077469,8.055993E-15
7176.326212,8.179275E-15
7180.574954,8.241213E-15
7184.823697,8.230512E-15
7189.072439,8.190439E-15
7193.321182,8.200447E-15
7197.569924,8.217867E-15
7201.818667,8.188464E-15
7206.067409,8.118955E-15
7210.316152,8.035176E-15
7214.564895,7.946631E-15
7218.813637,7.904876E-15
7223.06238,7.922578E-15
7227.311122,7.927813E-15
7231.559865,7.961720E-15
7235.808607,8.020952E-15
7240.05735,8.037064E-15
7244.306093,8.068933E-15
7248.554835,8.170137E-15
7252.803578,8.288008E-15
7257.05232,8.322346E-15
7261.301063,8.305909E-15
7265.549805,8.324385E-15
7269.798548,8.354577E-15
7274.047291,8.390735E-15
7278.296033,8.401788E-15
7282.544776,8.343374E-15
7286.793518,8.317619E-15
7291.042261,8.341540E-15
7295.291003,8.353459E-15
7299.539746,8.319963E-15
7303.788489,8.211685E-15
7308.037231,8.114012E-15
7312.285974,8.008650E-15
7316.534716,7.929496E-15
7320.783459,7.925171E-15
7325.032201,7.910039E-15
7329.280944,7.857856E-15
7333.529686,7.785224E-15
7337.778429,7.650661E-15
7342.027172,7.525135E-15
7346.275914,7.479004E-15
7350.524657,7.416678E-15
7354.773399,7.354596E-15
7359.022142,7.330424E-15
7363.270884,7.254999E-15
7367.519627,7.178617E-15
7371.76837,7.136362E-15
7376.017112,7.158868E-15
7380.265855,7.167543E-15
7384.514597,7.082880E-15
7388.76334,7.052057E-15
7393.012082,7.044463E-15
7397.260825,7.038925E-15
7401.509568,6.979359E-15
7405.75831,6.940925E-15
7410.007053,6.941917E-15
7414.255795,6.885821E-15
7418.504538,6.824940E-15
7422.75328,6.839175E-15
7427.002023,6.847185E-15
7431.250765,6.828730E-15
7435.499508,6.857647E-15
7439.748251,6.843236E-15
7443.996993,6.860268E-15
7448.245736,6.931189E-15
7452.494478,6.985958E-15
7456.743221,6.951524E-15
7460.991963,6.899585E-15
7465.240706,6.911990E-15
7469.489449,6.916612E-15
7473.738191,6.959439E-15
7477.986934,6.991484E-15
7482.235676,6.914762E-15
7486.484419,6.865492E-15
7490.733161,6.905437E-15
7494.981904,6.903129E-15
7499.230647,6.840165E-15
7503.479389,6.819185E-15
7507.728132,6.848505E-15
7511.976874,6.817305E-15
7516.225617,6.772142E-15
7520.474359,6.788199E-15
7524.723102,6.767496E-15
7528.971845,6.740811E-15
7533.220587,6.719397E-15
7537.46933,6.683040E-15
7541.718072,6.605998E-15
7545.966815,6.552609E-15
7550.215557,6.524925E-15
7554.4643,6.481220E-15
7558.713042,6.442640E-15
7562.961785,6.423817E-15
7567.210528,6.419510E-15
7571.45927,6.383987E-15
7575.708013,6.312908E-15
7579.956755,6.191671E-15
7584.205498,5.933749E-15
7588.45424,5.590810E-15
7592.702983,5.233033E-15
7596.951726,5.064825E-15
7601.200468,5.300233E-15
7605.449211,5.442215E-15
7609.697953,5.100365E-15
7613.946696,4.606801E-15
7618.195438,4.236374E-15
7622.444181,4.198160E-15
7626.692924,4.387617E-15
7630.941666,4.658872E-15
7635.190409,4.946480E-15
7639.439151,4.946818E-15
7643.687894,4.836775E-15
7647.936636,4.847613E-15
7652.185379,4.967635E-15
7656.434122,5.094831E-15
7660.682864,5.236535E-15
7664.931607,5.277887E-15
7669.180349,5.338227E-15
7673.429092,5.470273E-15
7677.677834,5.600359E-15
7681.926577,5.676350E-15
7686.175319,5.726586E-15
7690.424062,5.779056E-15
7694.672805,5.853494E-15
7698.921547,5.862298E-15
7703.17029,5.899665E-15
7707.419032,5.909967E-15
7711.667775,5.909513E-15
7715.916517,5.925123E-15
7720.16526,5.924472E-15
7724.414003,5.924735E-15
7728.662745,5.939585E-15
7732.911488,5.969115E-15
7737.16023,5.998314E-15
7741.408973,6.007865E-15
7745.657715,6.028027E-15
7749.906458,6.057863E-15
7754.155201,6.102886E-15
7758.403943,6.165955E-15
7762.652686,6.180120E-15
7766.901428,6.159597E-15
7771.150171,6.158809E-15
7775.398913,6.154936E-15
7779.647656,6.130272E-15
7783.896398,6.098046E-15
7788.145141,6.090313E-15
7792.393884,6.076822E-15
7796.642626,6.082786E-15
7800.891369,6.279108E-15
7805.140111,6.273277E-15
7809.388854,6.269984E-15
7813.637596,6.267503E-15
7817.886339,6.264244E-15
7822.135082,6.259698E-15
7826.383824,6.252936E-15
7830.632567,6.242958E-15
7834.881309,6.231455E-15
7839.130052,6.219795E-15
7843.378794,6.210071E-15
7847.627537,6.201904E-15
7851.87628,6.194602E-15
7856.125022,6.187048E-15
7860.373765,6.179531E-15
7864.622507,6.174283E-15
7868.87125,6.172906E-15
7873.119992,6.176777E-15
7877.368735,6.182098E-15
7881.617478,6.186086E-15
7885.86622,6.185544E-15
7890.114963,6.179478E-15
7894.363705,6.167288E-15
7898.612448,6.147766E-15
7902.86119,6.122370E-15
7907.109933,6.094377E-15
7911.358675,6.066909E-15
7915.607418,6.042661E-15
7919.856161,6.021157E-15
7924.104903,6.002552E-15
7928.353646,5.986776E-15
7932.602388,5.973129E-15
7936.851131,5.960793E-15
7941.099873,5.948483E-15
7945.348616,5.935999E-15
7949.597359,5.923487E-15
7953.846101,5.911171E-15
7958.094844,5.898822E-15
7962.343586,5.884884E-15
7966.592329,5.868287E-15
7970.841071,5.847866E-15
7975.089814,5.825105E-15
7979.338557,5.801191E-15
7983.587299,5.777379E-15
7987.836042,5.754700E-15
7992.084784,5.733997E-15
7996.333527,5.716840E-15
8000.582269,5.702855E-15
8004.831012,5.689240E-15
8009.079754,5.673605E-15
8013.328497,5.653685E-15
8017.57724,5.634511E-15
8021.825982,5.619395E-15
8026.074725,5.612688E-15
8030.323467,5.612752E-15
8034.57221,5.617514E-15
8038.820952,5.625731E-15
8043.069695,5.634054E-15
8047.318438,5.638082E-15
8051.56718,5.633161E-15
8055.815923,5.616471E-15
8060.064665,5.594444E-15
8064.313408,5.571449E-15
8068.56215,5.552964E-15
8072.810893,5.538472E-15
8077.059636,5.527643E-15
8081.308378,5.521187E-15
8085.557121,5.515968E-15
8089.805863,5.507741E-15
8094.054606,5.491602E-15
8098.303348,5.465599E-15
8102.552091,5.435196E-15
8106.800834,5.403967E-15
8111.049576,5.376133E-15
8115.298319,5.350642E-15
8119.547061,5.327118E-15
8123.795804,5.305896E-15
8128.044546,5.284224E-15
8132.293289,5.259161E-15
8136.542031,5.226951E-15
8140.790774,5.187505E-15
8145.039517,5.145435E-15
8149.288259,5.104166E-15
8153.537002,5.067323E-15
8157.785744,5.036499E-15
8162.034487,5.013467E-15
8166.283229,5.000337E-15
8170.531972,4.995227E-15
8174.780715,4.995857E-15
8179.029457,4.999199E-15
8183.2782,5.003611E-15
8187.526942,5.008353E-15
8191.775685,5.012384E-15
8196.024427,5.014388E-15
8200.27317,5.011167E-15
8204.521913,5.000289E-15
8208.770655,4.979324E-15
8213.019398,4.948238E-15
8217.26814,4.907287E-15
8221.516883,4.855822E-15
8225.765625,4.796939E-15
8230.014368,4.734679E-15
8234.26311,4.673469E-15
8238.511853,4.614817E-15
8242.760596,4.553408E-15
8247.009338,4.485690E-15
8251.258081,4.407856E-15
8255.506823,4.316576E-15
8259.755566,4.209047E-15
8264.004308,4.080865E-15
8268.253051,3.936836E-15
8272.501794,3.783297E-15
8276.750536,3.627568E-15
8280.999279,3.473676E-15
8285.248021,3.321152E-15
8289.496764,3.170877E-15
8293.745506,3.023447E-15
8297.994249,2.882030E-15
8302.242992,2.748931E-15
8306.491734,2.626904E-15
8310.740477,2.515816E-15
8314.989219,2.415557E-15
8319.237962,2.324691E-15
8323.486704,2.245257E-15
8327.735447,2.181199E-15
8331.98419,2.136143E-15
8336.232932,2.111952E-15
8340.481675,2.101994E-15
8344.730417,2.101617E-15
8348.97916,2.104864E-15
8353.227902,2.113607E-15
8357.476645,2.129112E-15
8361.725387,2.152870E-15
8365.97413,2.185731E-15
8370.222873,2.228318E-15
8374.471615,2.281471E-15
8378.720358,2.345460E-15
8382.9691,2.419453E-15
8387.217843,2.502582E-15
8391.466585,2.593693E-15
8395.715328,2.690251E-15
8399.964071,2.789700E-15
8404.212813,2.889507E-15
8408.461556,2.986826E-15
8412.710298,3.078980E-15
8416.959041,3.163190E-15
8421.207783,3.238125E-15
8425.456526,3.304173E-15
8429.705269,3.361550E-15
8433.954011,3.410855E-15
8438.202754,3.453659E-15
8442.451496,3.491477E-15
8446.700239,3.526458E-15
8450.948981,3.557828E-15
8455.197724,3.584851E-15
8459.446467,3.607366E-15
8463.695209,3.624746E-15
8467.943952,3.636441E-15
8472.192694,3.641769E-15
8476.441437,3.641723E-15
8480.690179,3.643857E-15
8484.938922,3.654203E-15
8489.187664,3.679182E-15
8493.436407,3.721927E-15
8497.68515,3.785085E-15
8501.933892,3.872193E-15
8506.182635,3.980666E-15
8510.431377,4.105702E-15
8514.68012,4.242107E-15
8518.928862,4.385849E-15
8523.177605,4.536416E-15
8527.426348,4.692092E-15
8531.67509,4.851279E-15
8535.923833,5.014358E-15
8540.172575,5.181389E-15
8544.421318,5.353259E-15
8548.67006,5.527313E-15
8552.918803,5.700451E-15
8557.167546,5.869750E-15
8561.416288,6.032683E-15
8565.665031,6.187361E-15
8569.913773,6.331906E-15
8574.162516,6.464922E-15
8578.411258,6.586852E-15
8582.660001,6.698271E-15
8586.908743,6.800238E-15
8591.157486,6.894089E-15
8595.406229,6.981520E-15
8599.654971,7.063541E-15
8603.903714,7.143392E-15
8608.152456,7.225283E-15
8612.401199,7.312977E-15
8616.649941,7.408583E-15
8620.898684,7.508341E-15
8625.147427,7.609463E-15
8629.396169,7.709508E-15
8633.644912,7.800729E-15
8637.893654,7.876644E-15
8642.142397,7.927890E-15
8646.391139,7.958319E-15
8650.639882,7.976026E-15
8654.888625,7.988192E-15
8659.137367,8.000855E-15
8663.38611,8.016396E-15
8667.634852,8.038333E-15
8671.883595,8.070275E-15
8676.132337,8.099809E-15
8680.38108,8.117373E-15
8684.629823,8.110040E-15
8688.878565,8.080867E-15
8693.127308,8.035498E-15
8697.37605,7.978471E-15
8701.624793,7.916347E-15
8705.873535,7.857037E-15
8710.122278,7.808651E-15
8714.37102,7.778005E-15
8718.619763,7.759571E-15
8722.868506,7.749571E-15
8727.117248,7.742723E-15
8731.365991,7.736248E-15
8735.614733,7.727068E-15
8739.863476,7.711955E-15
8744.112218,7.688414E-15
8748.360961,7.654808E-15
8752.609704,7.609161E-15
8756.858446,7.551344E-15
8761.107189,7.487763E-15
8765.355931,7.423511E-15
8769.604674,7.365435E-15
8773.853416,7.308788E-15
8778.102159,7.250269E-15
8782.350902,7.184937E-15
8786.599644,7.114654E-15
8790.848387,7.043289E-15
8795.097129,6.973662E-15
8799.345872,6.908773E-15
8803.594614,6.851535E-15
8807.843357,6.804658E-15
8812.092099,6.770573E-15
8816.340842,6.744395E-15
8820.589585,6.721997E-15
8824.838327,6.699661E-15
8829.08707,6.672098E-15
8833.335812,6.634738E-15
8837.584555,6.581106E-15
8841.833297,6.513076E-15
8846.08204,6.441330E-15
8850.330783,6.374564E-15
8854.579525,6.321279E-15
8858.828268,6.281657E-15
8863.07701,6.257037E-15
8867.325753,6.248895E-15
8871.574495,6.251951E-15
8875.823238,6.260443E-15
8880.071981,6.267352E-15
8884.320723,6.268907E-15
8888.569466,6.263401E-15
8892.818208,6.248968E-15
8897.066951,6.224295E-15
8901.315693,6.187765E-15
8905.564436,6.138653E-15
8909.813179,6.075590E-15
8914.061921,6.006754E-15
8918.310664,5.939097E-15
8922.559406,5.881348E-15
8926.808149,5.833671E-15
8931.056891,5.793246E-15
8935.305634,5.758389E-15
8939.554376,5.725267E-15
8943.803119,5.686933E-15
8948.051862,5.637244E-15
8952.300604,5.570263E-15
8956.549347,5.489022E-15
8960.798089,5.396130E-15
8965.046832,5.293821E-15
8969.295574,5.189844E-15
8973.544317,5.092447E-15
8977.79306,5.011290E-15
8982.041802,4.950415E-15
8986.290545,4.907708E-15
8990.539287,4.881910E-15
8994.78803,4.870881E-15
8999.036772,4.875461E-15
9003.285515,4.894880E-15
9007.534258,4.929064E-15
9011.783,4.971893E-15
9016.031743,5.017560E-15
9020.280485,5.058582E-15
9024.529228,5.093746E-15
9028.77797,5.125251E-15
9033.026713,5.154946E-15
9037.275455,5.183788E-15
9041.524198,5.207268E-15
9045.772941,5.222833E-15
9050.021683,5.227949E-15
9054.270426,5.222709E-15
9058.519168,5.207585E-15
9062.767911,5.181705E-15
9067.016653,5.150377E-15
9071.265396,5.120280E-15
9075.514139,5.098481E-15
9079.762881,5.088354E-15
9084.011624,5.085976E-15
9088.260366,5.089062E-15
9092.509109,5.094649E-15
9096.757851,5.098992E-15
9101.006594,5.098504E-15
9105.255337,5.088612E-15
9109.504079,5.070416E-15
9113.752822,5.045995E-15
9118.001564,5.017423E-15
9122.250307,4.987270E-15
9126.499049,4.958322E-15
9130.747792,4.933623E-15
9134.996535,4.915872E-15
9139.245277,4.904808E-15
9143.49402,4.900511E-15
9147.742762,4.902530E-15
9151.991505,4.910955E-15
9156.240247,4.925521E-15
9160.48899,4.945528E-15
9164.737732,4.970190E-15
9168.986475,4.998497E-15
9173.235218,5.029850E-15
9177.48396,5.062677E-15
9181.732703,5.091569E-15
9185.981445,5.112471E-15
