# DICHROIC = D55
# HA = -00:09:12.9
# ANGLE = 27 deg 17 min
# OBSERVER = Fremling  Yuhan
# OBSLST = 17:28:02.1
# OBJECT = ZTF18abfcmjw
# CASSPA = 187.01
# PARALLAC = 186.50
# HOURANG = E00:09:12.9
# CCDTEMP = 161.88
# LAMPS = 0000000
# RA = 17:36:45.99
# GRATING = 600/4000
# APERTURE = 1.5
# TELFOCUS = 42.35 mm
# AIRMASS = 1.047
# DEC = +50:32:25.6
# UTSHUT = 2019-04-24T11:06:43.489
# EXPTIME = 1200
3400.000 2.9948e-16
3401.525 1.8658e-16
3403.050 1.7064e-16
3404.575 1.5566e-16
3406.100 1.7565e-16
3407.625 1.2734e-16
3409.150 1.0804e-16
3410.675 1.2655e-16
3412.200 1.3019e-16
3413.725 1.0964e-16
3415.250 1.0346e-16
3416.775 1.0181e-16
3418.300 1.5299e-16
3419.825 1.4471e-16
3421.350 1.2193e-16
3422.875 8.3605e-17
3424.400 1.284e-16
3425.925 1.7207e-16
3427.450 1.5687e-16
3428.975 1.2481e-16
3430.500 1.19e-16
3432.025 9.4201e-17
3433.550 1.5098e-16
3435.075 1.6511e-16
3436.600 1.8845e-16
3438.125 2.0939e-16
3439.650 1.4886e-16
3441.175 1.0899e-16
3442.700 9.8223e-17
3444.225 1.3801e-16
3445.750 1.5007e-16
3447.275 1.3445e-16
3448.800 9.8328e-17
3450.325 1.2313e-16
3451.850 1.85e-16
3453.375 1.6201e-16
3454.900 2.2399e-16
3456.425 2.4285e-16
3457.950 2.1503e-16
3459.475 2.4097e-16
3461.000 1.7311e-16
3462.525 1.7439e-16
3464.050 1.0637e-16
3465.575 1.5745e-16
3467.100 1.5631e-16
3468.625 1.396e-16
3470.150 1.7029e-16
3471.675 1.2194e-16
3473.200 8.918e-17
3474.725 1.3362e-16
3476.250 1.5503e-16
3477.775 1.2299e-16
3479.300 9.647e-17
3480.825 1.0177e-16
3482.350 1.1412e-16
3483.875 8.4742e-17
3485.400 1.1848e-16
3486.925 1.1495e-16
3488.450 8.605e-17
3489.975 1.7652e-16
3491.500 1.4922e-16
3493.025 1.307e-16
3494.550 1.2902e-16
3496.075 1.1681e-16
3497.600 1.3412e-16
3499.125 1.3771e-16
3500.650 1.2389e-16
3502.175 1.8706e-16
3503.700 1.5722e-16
3505.225 2.0221e-16
3506.750 1.6271e-16
3508.275 1.7285e-16
3509.800 1.6432e-16
3511.325 1.4532e-16
3512.850 1.6724e-16
3514.375 1.7622e-16
3515.900 2.2192e-16
3517.425 1.7592e-16
3518.950 1.8357e-16
3520.475 1.6744e-16
3522.000 1.303e-16
3523.525 1.7357e-16
3525.050 1.5e-16
3526.575 1.6051e-16
3528.100 1.4792e-16
3529.625 1.3236e-16
3531.150 1.2881e-16
3532.675 1.3982e-16
3534.200 1.3174e-16
3535.725 1.4997e-16
3537.250 1.377e-16
3538.775 1.3318e-16
3540.300 1.4095e-16
3541.825 1.645e-16
3543.350 1.1467e-16
3544.875 1.3591e-16
3546.400 1.0857e-16
3547.925 9.7765e-17
3549.450 1.0701e-16
3550.975 1.0683e-16
3552.500 8.9506e-17
3554.025 8.9354e-17
3555.550 1.4234e-16
3557.075 1.2014e-16
3558.600 1.0713e-16
3560.125 1.1943e-16
3561.650 1.5841e-16
3563.175 1.2741e-16
3564.700 1.5891e-16
3566.225 1.4748e-16
3567.750 1.3625e-16
3569.275 1.1365e-16
3570.800 8.7408e-17
3572.325 1.3726e-16
3573.850 1.2335e-16
3575.375 1.4922e-16
3576.900 1.4944e-16
3578.425 1.2464e-16
3579.950 1.3657e-16
3581.475 1.3347e-16
3583.000 1.7164e-16
3584.525 1.8531e-16
3586.050 1.6263e-16
3587.575 1.8502e-16
3589.100 2.248e-16
3590.625 2.0687e-16
3592.150 1.638e-16
3593.675 1.757e-16
3595.200 1.8074e-16
3596.725 1.752e-16
3598.250 1.4771e-16
3599.775 1.5535e-16
3601.300 1.4743e-16
3602.825 1.616e-16
3604.350 1.6285e-16
3605.875 1.2255e-16
3607.400 1.2762e-16
3608.925 1.2935e-16
3610.450 1.1557e-16
3611.975 1.1161e-16
3613.500 1.1441e-16
3615.025 1.2331e-16
3616.550 1.3801e-16
3618.075 1.1756e-16
3619.600 1.5364e-16
3621.125 1.264e-16
3622.650 1.0757e-16
3624.175 1.5564e-16
3625.700 1.5335e-16
3627.225 1.2471e-16
3628.750 1.1778e-16
3630.275 1.2671e-16
3631.800 1.1957e-16
3633.325 1.3814e-16
3634.850 1.5694e-16
3636.375 1.5694e-16
3637.900 1.3189e-16
3639.425 1.2112e-16
3640.950 1.3779e-16
3642.475 1.2914e-16
3644.000 1.129e-16
3645.525 1.2335e-16
3647.050 1.3381e-16
3648.575 1.4125e-16
3650.100 1.6579e-16
3651.625 1.0793e-16
3653.150 1.3619e-16
3654.675 1.4096e-16
3656.200 1.6134e-16
3657.725 2.0076e-16
3659.250 1.731e-16
3660.775 1.4366e-16
3662.300 1.2845e-16
3663.825 1.2249e-16
3665.350 1.4389e-16
3666.875 1.5521e-16
3668.400 1.1833e-16
3669.925 1.1668e-16
3671.450 1.6156e-16
3672.975 1.5293e-16
3674.500 1.4804e-16
3676.025 1.8309e-16
3677.550 1.7792e-16
3679.075 1.4854e-16
3680.600 1.358e-16
3682.125 1.4701e-16
3683.650 1.5967e-16
3685.175 1.4635e-16
3686.700 1.5576e-16
3688.225 1.5082e-16
3689.750 1.4004e-16
3691.275 1.421e-16
3692.800 1.5451e-16
3694.325 1.5827e-16
3695.850 1.4774e-16
3697.375 1.1834e-16
3698.900 1.144e-16
3700.425 1.3517e-16
3701.950 1.4266e-16
3703.475 1.3405e-16
3705.000 1.2478e-16
3706.525 1.4726e-16
3708.050 1.3805e-16
3709.575 1.1829e-16
3711.100 1.3782e-16
3712.625 1.359e-16
3714.150 1.3809e-16
3715.675 1.3333e-16
3717.200 1.2749e-16
3718.725 1.2684e-16
3720.250 1.5452e-16
3721.775 1.4443e-16
3723.300 1.3737e-16
3724.825 1.2829e-16
3726.350 1.5127e-16
3727.875 1.5198e-16
3729.400 1.3979e-16
3730.925 9.478e-17
3732.450 1.3481e-16
3733.975 1.4737e-16
3735.500 1.5494e-16
3737.025 1.3922e-16
3738.550 1.1338e-16
3740.075 9.3132e-17
3741.600 1.484e-16
3743.125 1.353e-16
3744.650 1.0096e-16
3746.175 1.1335e-16
3747.700 1.2623e-16
3749.225 1.3182e-16
3750.750 1.2165e-16
3752.275 1.2127e-16
3753.800 1.159e-16
3755.325 1.4183e-16
3756.850 1.4819e-16
3758.375 1.4069e-16
3759.900 1.404e-16
3761.425 1.5237e-16
3762.950 1.4066e-16
3764.475 1.3426e-16
3766.000 1.1662e-16
3767.525 1.1304e-16
3769.050 1.2327e-16
3770.575 1.4384e-16
3772.100 1.4419e-16
3773.625 1.2539e-16
3775.150 1.4973e-16
3776.675 1.2391e-16
3778.200 1.317e-16
3779.725 1.4361e-16
3781.250 1.6283e-16
3782.775 1.2651e-16
3784.300 1.19e-16
3785.825 1.1872e-16
3787.350 1.2772e-16
3788.875 1.1185e-16
3790.400 1.0269e-16
3791.925 1.3355e-16
3793.450 1.4353e-16
3794.975 1.2677e-16
3796.500 1.277e-16
3798.025 1.437e-16
3799.550 1.3448e-16
3801.075 1.7608e-16
3802.600 3.6426e-16
3804.125 6.9542e-16
3805.650 9.5669e-16
3807.175 1.0203e-15
3808.700 7.3701e-16
3810.225 3.6356e-16
3811.750 1.6444e-16
3813.275 1.3748e-16
3814.800 1.1274e-16
3816.325 1.3947e-16
3817.850 1.5808e-16
3819.375 1.4657e-16
3820.900 1.5595e-16
3822.425 1.4398e-16
3823.950 1.1997e-16
3825.475 1.1983e-16
3827.000 1.1952e-16
3828.525 1.2156e-16
3830.050 1.2326e-16
3831.575 1.3773e-16
3833.100 1.3301e-16
3834.625 1.5563e-16
3836.150 1.4096e-16
3837.675 1.5851e-16
3839.200 1.3721e-16
3840.725 1.4258e-16
3842.250 1.5422e-16
3843.775 1.3099e-16
3845.300 1.3645e-16
3846.825 1.4696e-16
3848.350 1.288e-16
3849.875 1.5148e-16
3851.400 1.0727e-16
3852.925 1.2386e-16
3854.450 1.5468e-16
3855.975 1.6115e-16
3857.500 1.5539e-16
3859.025 1.4808e-16
3860.550 1.7654e-16
3862.075 1.6028e-16
3863.600 1.6589e-16
3865.125 1.8009e-16
3866.650 1.8124e-16
3868.175 1.6892e-16
3869.700 1.7502e-16
3871.225 1.5602e-16
3872.750 1.6825e-16
3874.275 1.4396e-16
3875.800 1.3534e-16
3877.325 1.4115e-16
3878.850 1.7178e-16
3880.375 1.4604e-16
3881.900 1.2643e-16
3883.425 1.5957e-16
3884.950 2.0064e-16
3886.475 1.733e-16
3888.000 1.7643e-16
3889.525 2.0191e-16
3891.050 1.7541e-16
3892.575 1.799e-16
3894.100 1.8545e-16
3895.625 1.6899e-16
3897.150 1.7267e-16
3898.675 1.8554e-16
3900.200 1.795e-16
3901.725 1.8357e-16
3903.250 1.9617e-16
3904.775 1.8054e-16
3906.300 1.7274e-16
3907.825 1.7501e-16
3909.350 1.7056e-16
3910.875 1.7139e-16
3912.400 1.4576e-16
3913.925 1.5413e-16
3915.450 1.6103e-16
3916.975 1.5685e-16
3918.500 1.5816e-16
3920.025 1.5274e-16
3921.550 1.6973e-16
3923.075 1.5475e-16
3924.600 1.7569e-16
3926.125 1.7768e-16
3927.650 1.8813e-16
3929.175 1.7387e-16
3930.700 1.6171e-16
3932.225 1.5327e-16
3933.750 1.7274e-16
3935.275 1.7868e-16
3936.800 1.665e-16
3938.325 1.8382e-16
3939.850 1.8247e-16
3941.375 1.7723e-16
3942.900 1.7605e-16
3944.425 1.8979e-16
3945.950 1.7868e-16
3947.475 2.2281e-16
3949.000 2.7368e-16
3950.525 2.8401e-16
3952.050 2.4365e-16
3953.575 1.9452e-16
3955.100 1.753e-16
3956.625 1.805e-16
3958.150 1.479e-16
3959.675 1.6675e-16
3961.200 1.6908e-16
3962.725 1.7629e-16
3964.250 1.5801e-16
3965.775 1.4273e-16
3967.300 1.2506e-16
3968.825 1.4885e-16
3970.350 1.8833e-16
3971.875 1.735e-16
3973.400 1.5351e-16
3974.925 1.5917e-16
3976.450 1.6269e-16
3977.975 1.496e-16
3979.500 1.656e-16
3981.025 1.6172e-16
3982.550 1.6757e-16
3984.075 1.8555e-16
3985.600 1.539e-16
3987.125 1.4302e-16
3988.650 1.545e-16
3990.175 1.7575e-16
3991.700 1.7081e-16
3993.225 1.6275e-16
3994.750 1.4522e-16
3996.275 1.664e-16
3997.800 1.7747e-16
3999.325 1.8746e-16
4000.850 1.7165e-16
4002.375 1.7161e-16
4003.900 1.8533e-16
4005.425 1.9878e-16
4006.950 1.8494e-16
4008.475 1.9121e-16
4010.000 1.6081e-16
4011.525 1.5985e-16
4013.050 1.2529e-16
4014.575 1.1227e-16
4016.100 1.2373e-16
4017.625 1.4411e-16
4019.150 1.7163e-16
4020.675 1.8053e-16
4022.200 1.792e-16
4023.725 1.9257e-16
4025.250 1.8747e-16
4026.775 2.0422e-16
4028.300 1.8043e-16
4029.825 1.7621e-16
4031.350 1.6989e-16
4032.875 1.623e-16
4034.400 1.6519e-16
4035.925 1.7642e-16
4037.450 1.8622e-16
4038.975 1.8389e-16
4040.500 1.6752e-16
4042.025 1.7865e-16
4043.550 1.655e-16
4045.075 1.6506e-16
4046.600 1.6628e-16
4048.125 1.5861e-16
4049.650 1.4804e-16
4051.175 1.7487e-16
4052.700 1.7982e-16
4054.225 2.0318e-16
4055.750 1.7742e-16
4057.275 1.4804e-16
4058.800 1.5706e-16
4060.325 1.5075e-16
4061.850 1.6086e-16
4063.375 1.6399e-16
4064.900 1.5884e-16
4066.425 1.8072e-16
4067.950 1.7164e-16
4069.475 1.9795e-16
4071.000 1.9916e-16
4072.525 1.9433e-16
4074.050 1.8285e-16
4075.575 2.0271e-16
4077.100 2.0379e-16
4078.625 2.0931e-16
4080.150 1.9925e-16
4081.675 2.0775e-16
4083.200 2.1022e-16
4084.725 1.8587e-16
4086.250 1.8751e-16
4087.775 1.7967e-16
4089.300 1.8293e-16
4090.825 1.9785e-16
4092.350 1.9051e-16
4093.875 2.1405e-16
4095.400 2.1571e-16
4096.925 1.8896e-16
4098.450 2.0179e-16
4099.975 1.99e-16
4101.500 1.9701e-16
4103.025 1.9445e-16
4104.550 1.9214e-16
4106.075 2.0957e-16
4107.600 2.2004e-16
4109.125 2.1509e-16
4110.650 2.0677e-16
4112.175 2.0678e-16
4113.700 2.0741e-16
4115.225 2.0509e-16
4116.750 2.139e-16
4118.275 2.0634e-16
4119.800 1.9985e-16
4121.325 2.0954e-16
4122.850 2.3878e-16
4124.375 2.1087e-16
4125.900 2.0466e-16
4127.425 1.9925e-16
4128.950 1.7735e-16
4130.475 1.8407e-16
4132.000 1.8614e-16
4133.525 1.8805e-16
4135.050 1.994e-16
4136.575 2.1108e-16
4138.100 2.061e-16
4139.625 2.1754e-16
4141.150 2.0696e-16
4142.675 1.9224e-16
4144.200 2.1236e-16
4145.725 2.0548e-16
4147.250 1.9699e-16
4148.775 1.9084e-16
4150.300 1.9346e-16
4151.825 2.0688e-16
4153.350 2.1296e-16
4154.875 1.9835e-16
4156.400 1.8152e-16
4157.925 1.8544e-16
4159.450 1.9667e-16
4160.975 2.1715e-16
4162.500 2.116e-16
4164.025 1.8593e-16
4165.550 1.886e-16
4167.075 1.69e-16
4168.600 1.8672e-16
4170.125 1.9749e-16
4171.650 1.7176e-16
4173.175 1.9109e-16
4174.700 1.8279e-16
4176.225 1.7661e-16
4177.750 1.8344e-16
4179.275 1.8355e-16
4180.800 1.7197e-16
4182.325 1.5168e-16
4183.850 1.5051e-16
4185.375 1.7646e-16
4186.900 2.1979e-16
4188.425 2.5621e-16
4189.950 2.0842e-16
4191.475 1.6734e-16
4193.000 1.5167e-16
4194.525 1.5076e-16
4196.050 1.6647e-16
4197.575 1.6819e-16
4199.100 1.6585e-16
4200.625 1.7047e-16
4202.150 1.5255e-16
4203.675 1.4861e-16
4205.200 1.5224e-16
4206.725 1.5784e-16
4208.250 1.5696e-16
4209.775 1.7597e-16
4211.300 1.7007e-16
4212.825 1.6557e-16
4214.350 1.6344e-16
4215.875 1.8742e-16
4217.400 1.8263e-16
4218.925 1.7408e-16
4220.450 1.5659e-16
4221.975 1.8576e-16
4223.500 2.0055e-16
4225.025 2.0124e-16
4226.550 1.7994e-16
4228.075 1.9583e-16
4229.600 2.0432e-16
4231.125 1.8755e-16
4232.650 1.9074e-16
4234.175 1.9788e-16
4235.700 1.9511e-16
4237.225 1.9896e-16
4238.750 2.0018e-16
4240.275 1.8893e-16
4241.800 1.7836e-16
4243.325 1.7998e-16
4244.850 2.2337e-16
4246.375 2.0013e-16
4247.900 1.8295e-16
4249.425 2.063e-16
4250.950 1.9916e-16
4252.475 1.8976e-16
4254.000 2.0075e-16
4255.525 1.9468e-16
4257.050 1.9198e-16
4258.575 1.8981e-16
4260.100 1.8158e-16
4261.625 1.8731e-16
4263.150 1.8781e-16
4264.675 2.0004e-16
4266.200 1.668e-16
4267.725 1.7553e-16
4269.250 1.8777e-16
4270.775 1.711e-16
4272.300 1.9126e-16
4273.825 1.8069e-16
4275.350 1.9472e-16
4276.875 1.8164e-16
4278.400 1.6842e-16
4279.925 1.8445e-16
4281.450 1.7967e-16
4282.975 1.7039e-16
4284.500 1.6529e-16
4286.025 1.6829e-16
4287.550 1.8077e-16
4289.075 1.7778e-16
4290.600 1.7048e-16
4292.125 1.6497e-16
4293.650 1.8266e-16
4295.175 1.7364e-16
4296.700 1.7876e-16
4298.225 1.762e-16
4299.750 1.7066e-16
4301.275 1.7857e-16
4302.800 1.8661e-16
4304.325 1.8341e-16
4305.850 1.7384e-16
4307.375 1.714e-16
4308.900 1.5482e-16
4310.425 1.7549e-16
4311.950 1.8946e-16
4313.475 1.9454e-16
4315.000 1.7322e-16
4316.525 1.792e-16
4318.050 1.7825e-16
4319.575 1.706e-16
4321.100 1.744e-16
4322.625 1.8497e-16
4324.150 1.724e-16
4325.675 1.713e-16
4327.200 1.8149e-16
4328.725 1.8614e-16
4330.250 1.8204e-16
4331.775 1.7396e-16
4333.300 1.6386e-16
4334.825 1.8417e-16
4336.350 1.6216e-16
4337.875 1.5524e-16
4339.400 1.7325e-16
4340.925 1.7588e-16
4342.450 1.6761e-16
4343.975 1.706e-16
4345.500 1.6356e-16
4347.025 1.8113e-16
4348.550 1.7761e-16
4350.075 1.756e-16
4351.600 1.6869e-16
4353.125 1.7396e-16
4354.650 1.7472e-16
4356.175 1.8644e-16
4357.700 1.73e-16
4359.225 1.5697e-16
4360.750 1.8377e-16
4362.275 1.5654e-16
4363.800 1.6381e-16
4365.325 1.8533e-16
4366.850 1.7481e-16
4368.375 1.6594e-16
4369.900 1.7708e-16
4371.425 1.7119e-16
4372.950 1.7097e-16
4374.475 1.7109e-16
4376.000 1.7722e-16
4377.525 1.8839e-16
4379.050 1.7382e-16
4380.575 1.6263e-16
4382.100 1.5294e-16
4383.625 1.7226e-16
4385.150 1.8388e-16
4386.675 1.775e-16
4388.200 1.7819e-16
4389.725 1.6441e-16
4391.250 1.5859e-16
4392.775 1.5636e-16
4394.300 1.5582e-16
4395.825 1.6252e-16
4397.350 1.5941e-16
4398.875 1.5915e-16
4400.400 1.8471e-16
4401.925 1.6771e-16
4403.450 1.6654e-16
4404.975 1.7557e-16
4406.500 1.7922e-16
4408.025 1.9474e-16
4409.550 1.9027e-16
4411.075 1.9412e-16
4412.600 1.9089e-16
4414.125 1.7131e-16
4415.650 1.7538e-16
4417.175 1.7646e-16
4418.700 1.7396e-16
4420.225 1.667e-16
4421.750 1.7291e-16
4423.275 1.621e-16
4424.800 1.5094e-16
4426.325 1.6114e-16
4427.850 1.5779e-16
4429.375 1.8205e-16
4430.900 2.8657e-16
4432.425 3.3288e-16
4433.950 2.5475e-16
4435.475 1.6495e-16
4437.000 1.6793e-16
4438.525 1.6631e-16
4440.050 1.5925e-16
4441.575 1.4544e-16
4443.100 1.6373e-16
4444.625 1.7055e-16
4446.150 1.5226e-16
4447.675 1.6732e-16
4449.200 1.6916e-16
4450.725 1.7081e-16
4452.250 1.7519e-16
4453.775 1.924e-16
4455.300 1.9886e-16
4456.825 1.7995e-16
4458.350 1.7644e-16
4459.875 1.7696e-16
4461.400 1.7637e-16
4462.925 1.7645e-16
4464.450 1.8603e-16
4465.975 1.6651e-16
4467.500 1.6533e-16
4469.025 1.8038e-16
4470.550 1.8226e-16
4472.075 1.7412e-16
4473.600 1.6697e-16
4475.125 1.6893e-16
4476.650 1.564e-16
4478.175 1.7815e-16
4479.700 1.8223e-16
4481.225 1.6975e-16
4482.750 1.7559e-16
4484.275 1.9001e-16
4485.800 1.9411e-16
4487.325 1.7657e-16
4488.850 1.5555e-16
4490.375 1.6892e-16
4491.900 1.6517e-16
4493.425 1.6571e-16
4494.950 1.7812e-16
4496.475 1.673e-16
4498.000 1.7467e-16
4499.525 1.7135e-16
4501.050 1.6435e-16
4502.575 1.6524e-16
4504.100 1.8738e-16
4505.625 1.8753e-16
4507.150 1.7914e-16
4508.675 1.6283e-16
4510.200 1.7469e-16
4511.725 1.8028e-16
4513.250 1.7892e-16
4514.775 1.821e-16
4516.300 1.9089e-16
4517.825 1.6157e-16
4519.350 1.8456e-16
4520.875 1.8702e-16
4522.400 1.7779e-16
4523.925 1.9154e-16
4525.450 1.6606e-16
4526.975 1.7008e-16
4528.500 1.8048e-16
4530.025 1.7814e-16
4531.550 1.8031e-16
4533.075 1.9679e-16
4534.600 1.6766e-16
4536.125 1.7564e-16
4537.650 1.8121e-16
4539.175 1.8721e-16
4540.700 2.0048e-16
4542.225 1.8812e-16
4543.750 1.8004e-16
4545.275 1.7493e-16
4546.800 2.0068e-16
4548.325 1.8501e-16
4549.850 1.7281e-16
4551.375 1.7273e-16
4552.900 1.8184e-16
4554.425 1.6989e-16
4555.950 1.6314e-16
4557.475 1.8165e-16
4559.000 1.6445e-16
4560.525 1.5681e-16
4562.050 1.7711e-16
4563.575 1.8406e-16
4565.100 1.8879e-16
4566.625 2.0049e-16
4568.150 1.7913e-16
4569.675 1.8132e-16
4571.200 2.0044e-16
4572.725 1.7751e-16
4574.250 1.7254e-16
4575.775 1.7909e-16
4577.300 1.5986e-16
4578.825 1.7802e-16
4580.350 1.7939e-16
4581.875 1.5439e-16
4583.400 1.499e-16
4584.925 1.8862e-16
4586.450 1.9199e-16
4587.975 1.7527e-16
4589.500 1.7653e-16
4591.025 1.8106e-16
4592.550 1.5944e-16
4594.075 1.7221e-16
4595.600 1.906e-16
4597.125 1.7628e-16
4598.650 1.8994e-16
4600.175 1.8486e-16
4601.700 1.9185e-16
4603.225 1.8177e-16
4604.750 1.8522e-16
4606.275 1.912e-16
4607.800 1.7017e-16
4609.325 1.7975e-16
4610.850 1.8326e-16
4612.375 1.6614e-16
4613.900 1.7432e-16
4615.425 1.6082e-16
4616.950 1.7048e-16
4618.475 1.8973e-16
4620.000 1.9139e-16
4621.525 1.5812e-16
4623.050 1.5229e-16
4624.575 1.7386e-16
4626.100 1.7468e-16
4627.625 1.625e-16
4629.150 1.6017e-16
4630.675 1.6568e-16
4632.200 1.9568e-16
4633.725 1.8044e-16
4635.250 1.6668e-16
4636.775 1.7816e-16
4638.300 1.7143e-16
4639.825 1.8245e-16
4641.350 1.7281e-16
4642.875 1.7254e-16
4644.400 1.6236e-16
4645.925 1.6763e-16
4647.450 1.7116e-16
4648.975 1.747e-16
4650.500 1.789e-16
4652.025 1.5918e-16
4653.550 1.759e-16
4655.075 1.8083e-16
4656.600 1.8572e-16
4658.125 1.7436e-16
4659.650 1.5982e-16
4661.175 1.7132e-16
4662.700 1.7287e-16
4664.225 1.8114e-16
4665.750 1.7913e-16
4667.275 1.7607e-16
4668.800 1.8061e-16
4670.325 1.7397e-16
4671.850 1.7167e-16
4673.375 1.5819e-16
4674.900 1.7854e-16
4676.425 1.7731e-16
4677.950 1.698e-16
4679.475 1.729e-16
4681.000 1.7049e-16
4682.525 1.7303e-16
4684.050 1.7079e-16
4685.575 1.9102e-16
4687.100 1.8185e-16
4688.625 1.6068e-16
4690.150 1.7245e-16
4691.675 1.8209e-16
4693.200 1.8184e-16
4694.725 1.7655e-16
4696.250 1.9271e-16
4697.775 1.7806e-16
4699.300 1.9055e-16
4700.825 2.0119e-16
4702.350 1.8957e-16
4703.875 1.9802e-16
4705.400 2.068e-16
4706.925 1.7754e-16
4708.450 2.0777e-16
4709.975 1.9678e-16
4711.500 1.7394e-16
4713.025 1.7013e-16
4714.550 2.0476e-16
4716.075 1.86e-16
4717.600 1.6741e-16
4719.125 1.7993e-16
4720.650 1.816e-16
4722.175 1.819e-16
4723.700 1.803e-16
4725.225 1.76e-16
4726.750 1.6331e-16
4728.275 1.7962e-16
4729.800 1.7321e-16
4731.325 1.6681e-16
4732.850 1.8209e-16
4734.375 2.0332e-16
4735.900 1.8831e-16
4737.425 1.8124e-16
4738.950 1.8983e-16
4740.475 1.7941e-16
4742.000 1.825e-16
4743.525 1.8323e-16
4745.050 1.7316e-16
4746.575 1.8178e-16
4748.100 1.8283e-16
4749.625 1.9343e-16
4751.150 2.0178e-16
4752.675 1.9061e-16
4754.200 2.0136e-16
4755.725 2.0823e-16
4757.250 1.9436e-16
4758.775 2.0535e-16
4760.300 2.0244e-16
4761.825 1.9477e-16
4763.350 1.9864e-16
4764.875 1.9565e-16
4766.400 1.932e-16
4767.925 1.8947e-16
4769.450 2.0256e-16
4770.975 2.1405e-16
4772.500 2.1031e-16
4774.025 1.971e-16
4775.550 2.0788e-16
4777.075 1.9267e-16
4778.600 1.9346e-16
4780.125 1.9121e-16
4781.650 2.0168e-16
4783.175 1.8846e-16
4784.700 1.9428e-16
4786.225 2.0409e-16
4787.750 2.0284e-16
4789.275 1.9818e-16
4790.800 1.9683e-16
4792.325 2.0439e-16
4793.850 2.0181e-16
4795.375 2.0158e-16
4796.900 1.91e-16
4798.425 1.8322e-16
4799.950 1.6464e-16
4801.475 2.0294e-16
4803.000 1.984e-16
4804.525 1.9326e-16
4806.050 1.8698e-16
4807.575 1.8355e-16
4809.100 1.8979e-16
4810.625 2.0381e-16
4812.150 1.8575e-16
4813.675 1.8001e-16
4815.200 1.8727e-16
4816.725 2.0098e-16
4818.250 1.8566e-16
4819.775 1.9492e-16
4821.300 2.1071e-16
4822.825 1.995e-16
4824.350 2.0566e-16
4825.875 1.9494e-16
4827.400 1.8956e-16
4828.925 1.8944e-16
4830.450 1.8173e-16
4831.975 1.8867e-16
4833.500 1.7745e-16
4835.025 1.847e-16
4836.550 1.7913e-16
4838.075 1.9385e-16
4839.600 1.8889e-16
4841.125 1.875e-16
4842.650 1.96e-16
4844.175 1.9737e-16
4845.700 1.8643e-16
4847.225 1.9776e-16
4848.750 1.8291e-16
4850.275 1.8325e-16
4851.800 1.8281e-16
4853.325 1.5988e-16
4854.850 1.7657e-16
4856.375 1.7307e-16
4857.900 1.7393e-16
4859.425 1.7667e-16
4860.950 1.7895e-16
4862.475 1.8395e-16
4864.000 1.8573e-16
4865.525 1.6946e-16
4867.050 1.7142e-16
4868.575 1.7138e-16
4870.100 1.6966e-16
4871.625 1.7198e-16
4873.150 1.7646e-16
4874.675 1.743e-16
4876.200 1.7534e-16
4877.725 1.665e-16
4879.250 1.6127e-16
4880.775 1.6996e-16
4882.300 1.7108e-16
4883.825 1.7969e-16
4885.350 1.801e-16
4886.875 1.7433e-16
4888.400 1.8088e-16
4889.925 1.8465e-16
4891.450 1.8586e-16
4892.975 1.7448e-16
4894.500 1.8642e-16
4896.025 1.7232e-16
4897.550 1.8141e-16
4899.075 1.8358e-16
4900.600 1.8751e-16
4902.125 1.7908e-16
4903.650 1.7679e-16
4905.175 1.8545e-16
4906.700 1.7652e-16
4908.225 1.8012e-16
4909.750 1.8292e-16
4911.275 1.7528e-16
4912.800 1.6885e-16
4914.325 1.5828e-16
4915.850 1.6519e-16
4917.375 1.6187e-16
4918.900 1.5472e-16
4920.425 1.5243e-16
4921.950 1.7253e-16
4923.475 1.8651e-16
4925.000 1.6899e-16
4926.525 1.5916e-16
4928.050 1.7236e-16
4929.575 1.6268e-16
4931.100 1.7518e-16
4932.625 1.8984e-16
4934.150 1.8375e-16
4935.675 1.723e-16
4937.200 1.6681e-16
4938.725 1.7724e-16
4940.250 1.6589e-16
4941.775 1.5613e-16
4943.300 1.5518e-16
4944.825 1.5139e-16
4946.350 1.4367e-16
4947.875 1.6096e-16
4949.400 1.5946e-16
4950.925 1.5554e-16
4952.450 1.4283e-16
4953.975 1.5358e-16
4955.500 1.511e-16
4957.025 1.4479e-16
4958.550 1.3717e-16
4960.075 1.4971e-16
4961.600 3.0592e-16
4963.125 5.2182e-16
4964.650 5.3788e-16
4966.175 3.1305e-16
4967.700 1.8773e-16
4969.225 1.6121e-16
4970.750 1.691e-16
4972.275 1.5751e-16
4973.800 1.5722e-16
4975.325 1.7186e-16
4976.850 1.5025e-16
4978.375 1.4485e-16
4979.900 1.5851e-16
4981.425 1.7224e-16
4982.950 1.6787e-16
4984.475 1.6401e-16
4986.000 1.5909e-16
4987.525 1.5417e-16
4989.050 1.6824e-16
4990.575 1.5485e-16
4992.100 1.784e-16
4993.625 1.7946e-16
4995.150 1.7475e-16
4996.675 1.6873e-16
4998.200 1.9013e-16
4999.725 1.8446e-16
5001.250 1.8443e-16
5002.775 1.6962e-16
5004.300 1.8613e-16
5005.825 1.912e-16
5007.350 1.7737e-16
5008.875 1.6578e-16
5010.400 1.7744e-16
5011.925 1.8305e-16
5013.450 1.8429e-16
5014.975 2.1318e-16
5016.500 2.0265e-16
5018.025 1.9298e-16
5019.550 1.8304e-16
5021.075 1.773e-16
5022.600 1.7354e-16
5024.125 1.9282e-16
5025.650 1.7464e-16
5027.175 1.6985e-16
5028.700 1.806e-16
5030.225 1.8423e-16
5031.750 1.8643e-16
5033.275 1.7525e-16
5034.800 1.7555e-16
5036.325 1.7155e-16
5037.850 1.7066e-16
5039.375 1.6084e-16
5040.900 1.734e-16
5042.425 1.8073e-16
5043.950 1.8217e-16
5045.475 1.8699e-16
5047.000 1.7438e-16
5048.525 1.8155e-16
5050.050 1.8004e-16
5051.575 1.8498e-16
5053.100 1.729e-16
5054.625 1.7758e-16
5056.150 1.6549e-16
5057.675 1.722e-16
5059.200 1.8663e-16
5060.725 2.6749e-16
5062.250 5.5091e-16
5063.775 7.273e-16
5065.300 4.9944e-16
5066.825 2.7058e-16
5068.350 2.1223e-16
5069.875 1.9777e-16
5071.400 1.7063e-16
5072.925 1.7785e-16
5074.450 1.7266e-16
5075.975 1.7287e-16
5077.500 1.6996e-16
5079.025 1.8003e-16
5080.550 1.8622e-16
5082.075 1.7666e-16
5083.600 1.7585e-16
5085.125 1.7705e-16
5086.650 1.7614e-16
5088.175 1.8614e-16
5089.700 1.9213e-16
5091.225 1.9821e-16
5092.750 1.8316e-16
5094.275 1.6852e-16
5095.800 1.7958e-16
5097.325 1.905e-16
5098.850 1.9382e-16
5100.375 1.9341e-16
5101.900 1.9399e-16
5103.425 1.8063e-16
5104.950 1.8179e-16
5106.475 1.6681e-16
5108.000 1.9859e-16
5109.525 4.5533e-16
5111.050 1.1047e-15
5112.575 1.7094e-15
5114.100 1.2517e-15
5115.625 5.1955e-16
5117.150 3.0395e-16
5118.675 2.2747e-16
5120.200 2.0659e-16
5121.725 1.943e-16
5123.250 1.9456e-16
5124.775 1.8747e-16
5126.300 1.6467e-16
5127.825 1.7183e-16
5129.350 2.045e-16
5130.875 2.0595e-16
5132.400 1.9492e-16
5133.925 1.9722e-16
5135.450 1.968e-16
5136.975 1.9108e-16
5138.500 2.0353e-16
5140.025 1.9305e-16
5141.550 1.887e-16
5143.075 1.8414e-16
5144.600 1.8867e-16
5146.125 1.9134e-16
5147.650 1.8379e-16
5149.175 1.8324e-16
5150.700 2.0933e-16
5152.225 2.0532e-16
5153.750 2.0842e-16
5155.275 1.9664e-16
5156.800 1.9164e-16
5158.325 2.1146e-16
5159.850 2.1331e-16
5161.375 2.027e-16
5162.900 2.0907e-16
5164.425 2.1002e-16
5165.950 1.9027e-16
5167.475 1.8179e-16
5169.000 2.0808e-16
5170.525 1.9704e-16
5172.050 1.8107e-16
5173.575 1.7491e-16
5175.100 1.6896e-16
5176.625 1.8694e-16
5178.150 1.8263e-16
5179.675 1.7811e-16
5181.200 1.6591e-16
5182.725 1.7115e-16
5184.250 1.6538e-16
5185.775 1.655e-16
5187.300 1.476e-16
5188.825 1.5777e-16
5190.350 1.7077e-16
5191.875 1.6034e-16
5193.400 1.5362e-16
5194.925 1.6286e-16
5196.450 1.8368e-16
5197.975 1.6923e-16
5199.500 1.5049e-16
5201.025 1.549e-16
5202.550 1.598e-16
5204.075 1.4529e-16
5205.600 1.5117e-16
5207.125 1.6359e-16
5208.650 1.5527e-16
5210.175 1.4909e-16
5211.700 1.6362e-16
5213.225 1.5748e-16
5214.750 1.511e-16
5216.275 1.5001e-16
5217.800 1.6073e-16
5219.325 1.5726e-16
5220.850 1.4506e-16
5222.375 1.6196e-16
5223.900 1.599e-16
5225.425 1.4205e-16
5226.950 1.5255e-16
5228.475 1.6522e-16
5230.000 1.6423e-16
5231.525 1.531e-16
5233.050 1.4827e-16
5234.575 1.597e-16
5236.100 1.7175e-16
5237.625 1.6199e-16
5239.150 1.4026e-16
5240.675 1.4636e-16
5242.200 1.6888e-16
5243.725 1.4984e-16
5245.250 1.2714e-16
5246.775 1.3831e-16
5248.300 1.6146e-16
5249.825 1.5883e-16
5251.350 1.606e-16
5252.875 1.6265e-16
5254.400 1.4333e-16
5255.925 1.6554e-16
5257.450 1.8769e-16
5258.975 1.7604e-16
5260.500 1.5717e-16
5262.025 1.5013e-16
5263.550 1.5871e-16
5265.075 1.6308e-16
5266.600 1.5964e-16
5268.125 1.5009e-16
5269.650 1.6027e-16
5271.175 1.6149e-16
5272.700 1.5388e-16
5274.225 1.6159e-16
5275.750 1.5474e-16
5277.275 1.4978e-16
5278.800 1.5986e-16
5280.325 1.4946e-16
5281.850 1.529e-16
5283.375 1.5522e-16
5284.900 1.6745e-16
5286.425 1.5949e-16
5287.950 1.5535e-16
5289.475 1.5019e-16
5291.000 1.4522e-16
5292.525 1.4617e-16
5294.050 1.4854e-16
5295.575 1.5843e-16
5297.100 1.5284e-16
5298.625 1.6958e-16
5300.150 1.6995e-16
5301.675 1.6927e-16
5303.200 1.6594e-16
5304.725 1.7863e-16
5306.250 1.8037e-16
5307.775 1.7675e-16
5309.300 1.5437e-16
5310.825 1.5033e-16
5312.350 1.6177e-16
5313.875 1.4712e-16
5315.400 1.5464e-16
5316.925 1.4658e-16
5318.450 1.3707e-16
5319.975 1.5507e-16
5321.500 1.5757e-16
5323.025 1.5172e-16
5324.550 1.552e-16
5326.075 1.5032e-16
5327.600 1.4807e-16
5329.125 1.5276e-16
5330.650 1.6588e-16
5332.175 1.5273e-16
5333.700 1.4075e-16
5335.225 1.4805e-16
5336.750 1.5415e-16
5338.275 1.6387e-16
5339.800 1.5885e-16
5341.325 1.6014e-16
5342.850 1.6353e-16
5344.375 1.5673e-16
5345.900 1.5624e-16
5347.425 1.6293e-16
5348.950 1.5252e-16
5350.475 1.7176e-16
5352.000 1.6967e-16
5353.525 1.671e-16
5355.050 1.6757e-16
5356.575 1.6944e-16
5358.100 1.5824e-16
5359.625 1.6278e-16
5361.150 1.4182e-16
5362.675 1.4909e-16
5364.200 1.4517e-16
5365.725 1.4676e-16
5367.250 1.5506e-16
5368.775 1.6879e-16
5370.300 1.523e-16
5371.825 1.6624e-16
5373.350 1.6286e-16
5374.875 1.3629e-16
5376.400 1.2828e-16
5377.925 1.3693e-16
5379.450 1.4842e-16
5380.975 1.5762e-16
5382.500 1.5596e-16
5384.025 1.663e-16
5385.550 1.5456e-16
5387.075 1.4014e-16
5388.600 1.5653e-16
5390.125 1.5458e-16
5391.650 1.6935e-16
5393.175 1.6561e-16
5394.700 1.4901e-16
5396.225 1.525e-16
5397.750 1.6545e-16
5399.275 1.6046e-16
5400.800 1.5199e-16
5402.325 1.7011e-16
5403.850 1.634e-16
5405.375 1.728e-16
5406.900 1.7822e-16
5408.425 1.6965e-16
5409.950 1.6167e-16
5411.475 1.6208e-16
5413.000 1.7013e-16
5414.525 1.522e-16
5416.050 1.7115e-16
5417.575 1.8943e-16
5419.100 1.6618e-16
5420.625 1.7081e-16
5422.150 1.7181e-16
5423.675 1.5986e-16
5425.200 2.0038e-16
5426.725 1.9163e-16
5428.250 1.6242e-16
5429.775 1.6806e-16
5431.300 1.7747e-16
5432.825 1.9061e-16
5434.350 1.8094e-16
5435.875 1.9486e-16
5437.400 1.6986e-16
5438.925 1.4169e-16
5440.450 1.4461e-16
5441.975 1.7114e-16
5443.500 1.7145e-16
5445.025 1.5306e-16
5446.550 1.7218e-16
5448.075 1.9078e-16
5449.600 1.9091e-16
5451.125 1.9822e-16
5452.650 1.5743e-16
5454.175 1.6612e-16
5455.700 1.5503e-16
5457.225 1.5838e-16
5458.750 1.6233e-16
5460.275 1.6193e-16
5461.800 1.9076e-16
5463.325 1.881e-16
5464.850 1.7044e-16
5466.375 1.7178e-16
5467.900 1.7193e-16
5469.425 1.8477e-16
5470.950 1.6909e-16
5472.475 1.6322e-16
5474.000 1.7769e-16
5475.525 1.8248e-16
5477.050 1.5184e-16
5478.575 1.7208e-16
5480.100 1.8967e-16
5481.625 1.7552e-16
5483.150 1.4415e-16
5484.675 1.5963e-16
5486.200 1.4839e-16
5487.725 1.7364e-16
5489.250 1.9682e-16
5490.775 1.462e-16
5492.300 1.6077e-16
5493.825 1.6217e-16
5495.350 1.338e-16
5496.875 1.3044e-16
5498.400 1.2925e-16
5499.925 1.49e-16
5501.450 1.5327e-16
5502.975 1.5359e-16
5504.500 1.5857e-16
5506.025 1.8425e-16
5507.550 1.7286e-16
5509.075 1.6996e-16
5510.600 1.742e-16
5512.125 1.8039e-16
5513.650 1.861e-16
5515.175 1.918e-16
5516.700 1.7315e-16
5518.225 1.6695e-16
5519.750 1.681e-16
5521.275 1.6818e-16
5522.800 1.7722e-16
5524.325 1.819e-16
5525.850 1.8158e-16
5527.375 1.7079e-16
5528.900 1.6502e-16
5530.425 1.7442e-16
5531.950 1.7925e-16
5533.475 1.7368e-16
5535.000 1.7691e-16
5536.525 1.7103e-16
5538.050 1.6767e-16
5539.575 1.7481e-16
5541.100 1.7679e-16
5542.625 1.6445e-16
5544.150 1.6289e-16
5545.675 1.6598e-16
5547.200 1.6544e-16
5548.725 1.6635e-16
5550.250 1.6947e-16
5551.775 1.6228e-16
5553.300 1.563e-16
5554.825 1.7707e-16
5556.350 1.803e-16
5557.875 1.8241e-16
5559.400 1.7545e-16
5560.925 1.5831e-16
5562.450 1.5492e-16
5563.975 1.6477e-16
5565.500 1.6596e-16
5567.025 1.6447e-16
5568.550 1.6028e-16
5570.075 1.5249e-16
5571.600 1.5842e-16
5573.125 1.7897e-16
5574.650 1.8999e-16
5576.175 1.8254e-16
5577.700 1.9052e-16
5579.225 1.604e-16
5580.750 1.5226e-16
5582.275 1.5912e-16
5583.800 1.56e-16
5585.325 1.5499e-16
5586.850 1.6072e-16
5588.375 1.7017e-16
5589.900 1.6453e-16
5591.425 1.5922e-16
5592.950 1.6296e-16
5594.475 1.496e-16
5596.000 1.4012e-16
5597.525 1.5195e-16
5599.050 1.5648e-16
5600.575 1.5845e-16
5602.100 1.6017e-16
5603.625 1.7211e-16
5605.150 1.6716e-16
5606.675 1.6296e-16
5608.200 1.6433e-16
5609.725 1.6458e-16
5611.250 1.6389e-16
5612.775 1.6828e-16
5614.300 1.7426e-16
5615.825 1.7012e-16
5617.350 1.6535e-16
5618.875 1.6739e-16
5620.400 1.6705e-16
5621.925 1.7286e-16
5623.450 1.671e-16
5624.975 1.573e-16
5626.500 1.6318e-16
5628.025 1.6306e-16
5629.550 1.6973e-16
5631.075 1.7142e-16
5632.600 1.6803e-16
5634.125 1.6603e-16
5635.650 1.6564e-16
5637.175 1.684e-16
5638.700 1.6436e-16
5640.225 1.8046e-16
5641.750 1.8325e-16
5643.275 1.6227e-16
5644.800 1.5679e-16
5646.325 1.683e-16
5647.850 1.7046e-16
5649.375 1.6392e-16
5650.900 1.6536e-16
5652.425 1.6218e-16
5653.950 1.7518e-16
5655.475 1.898e-16
5657.000 1.7887e-16
5658.525 1.6735e-16
5660.050 1.5765e-16
5661.575 1.6001e-16
5663.100 1.7697e-16
5664.625 1.8026e-16
5666.150 1.7649e-16
5667.675 1.7557e-16
5669.200 1.7359e-16
5670.725 1.6999e-16
5672.250 1.6629e-16
5673.775 1.7196e-16
5675.300 1.8019e-16
5676.825 1.7201e-16
5678.350 1.6592e-16
5679.875 1.7046e-16
5681.400 1.7706e-16
5682.925 1.6925e-16
5684.450 1.59e-16
5685.975 1.6543e-16
5687.500 1.7143e-16
5689.025 1.7261e-16
5690.550 1.6545e-16
5692.075 1.7049e-16
5693.600 1.7578e-16
5695.125 1.7196e-16
5696.650 1.6696e-16
5698.175 1.5825e-16
5699.700 1.5976e-16
5701.225 1.6328e-16
5702.750 1.5212e-16
5704.275 1.4667e-16
5705.800 1.5589e-16
5707.325 1.6011e-16
5708.850 1.568e-16
5710.375 1.5603e-16
5711.900 1.5103e-16
5713.425 1.5319e-16
5714.950 1.5929e-16
5716.475 1.6158e-16
5718.000 1.5138e-16
5719.525 1.4407e-16
5721.050 1.537e-16
5722.575 1.6322e-16
5724.100 1.6529e-16
5725.625 1.6287e-16
5727.150 1.6104e-16
5728.675 1.5989e-16
5730.200 1.5968e-16
5731.725 1.547e-16
5733.250 1.5264e-16
5734.775 1.5687e-16
5736.300 1.5244e-16
5737.825 1.5226e-16
5739.350 1.6141e-16
5740.875 1.6486e-16
5742.400 1.6857e-16
5743.925 1.7145e-16
5745.450 1.5834e-16
5746.975 1.6061e-16
5748.500 1.6717e-16
5750.025 1.5568e-16
5751.550 1.4822e-16
5753.075 1.4996e-16
5754.600 1.527e-16
5756.125 1.6305e-16
5757.650 1.6309e-16
5759.175 1.6106e-16
5760.700 1.5693e-16
5762.225 1.5268e-16
5763.750 1.6025e-16
5765.275 1.6314e-16
5766.800 1.645e-16
5768.325 1.7007e-16
5769.850 1.6448e-16
5771.375 1.5762e-16
5772.900 1.5959e-16
5774.425 1.611e-16
5775.950 1.5433e-16
5777.475 1.5402e-16
5779.000 1.5359e-16
5780.525 1.5626e-16
5782.050 1.576e-16
5783.575 1.5713e-16
5785.100 1.5075e-16
5786.625 1.5044e-16
5788.150 1.5089e-16
5789.675 1.6171e-16
5791.200 1.6404e-16
5792.725 1.562e-16
5794.250 1.5597e-16
5795.775 1.5492e-16
5797.300 1.59e-16
5798.825 1.674e-16
5800.350 1.6653e-16
5801.875 1.5732e-16
5803.400 1.5364e-16
5804.925 1.5806e-16
5806.450 1.6589e-16
5807.975 1.7036e-16
5809.500 1.6215e-16
5811.025 1.6841e-16
5812.550 1.7594e-16
5814.075 1.6589e-16
5815.600 1.608e-16
5817.125 1.6608e-16
5818.650 1.7052e-16
5820.175 1.6404e-16
5821.700 1.6531e-16
5823.225 1.6611e-16
5824.750 1.5955e-16
5826.275 1.5029e-16
5827.800 1.4932e-16
5829.325 1.5119e-16
5830.850 1.5667e-16
5832.375 1.5552e-16
5833.900 1.5061e-16
5835.425 1.5866e-16
5836.950 1.6276e-16
5838.475 1.56e-16
5840.000 1.5664e-16
5841.525 1.558e-16
5843.050 1.6271e-16
5844.575 1.6123e-16
5846.100 1.5105e-16
5847.625 1.5463e-16
5849.150 1.5608e-16
5850.675 1.5212e-16
5852.200 1.5436e-16
5853.725 1.5384e-16
5855.250 1.4735e-16
5856.775 1.4594e-16
5858.300 1.5536e-16
5859.825 1.6303e-16
5861.350 1.6011e-16
5862.875 1.5241e-16
5864.400 1.4821e-16
5865.925 1.4772e-16
5867.450 1.4979e-16
5868.975 1.5571e-16
5870.500 1.5324e-16
5872.025 1.4982e-16
5873.550 1.5074e-16
5875.075 1.5599e-16
5876.600 1.5645e-16
5878.125 1.5389e-16
5879.650 1.5034e-16
5881.175 1.4117e-16
5882.700 1.4037e-16
5884.225 1.4322e-16
5885.750 1.5169e-16
5887.275 1.6427e-16
5888.800 1.5884e-16
5890.325 1.5861e-16
5891.850 1.52e-16
5893.375 1.4584e-16
5894.900 1.4714e-16
5896.425 1.4462e-16
5897.950 1.4201e-16
5899.475 1.4385e-16
5901.000 1.4608e-16
5902.525 1.5029e-16
5904.050 1.5599e-16
5905.575 1.5628e-16
5907.100 1.4574e-16
5908.625 1.4703e-16
5910.150 1.4987e-16
5911.675 1.519e-16
5913.200 1.5099e-16
5914.725 1.4562e-16
5916.250 1.5546e-16
5917.775 1.5831e-16
5919.300 1.569e-16
5920.825 1.6148e-16
5922.350 1.7326e-16
5923.875 1.6285e-16
5925.400 1.6063e-16
5926.925 1.7267e-16
5928.450 1.7464e-16
5929.975 1.72e-16
5931.500 1.734e-16
5933.025 1.7308e-16
5934.550 1.7831e-16
5936.075 1.7453e-16
5937.600 1.6931e-16
5939.125 1.6822e-16
5940.650 1.6921e-16
5942.175 1.6538e-16
5943.700 1.6086e-16
5945.225 1.6019e-16
5946.750 1.6527e-16
5948.275 1.6444e-16
5949.800 1.6988e-16
5951.325 1.7221e-16
5952.850 1.639e-16
5954.375 1.5873e-16
5955.900 1.7031e-16
5957.425 1.7341e-16
5958.950 1.7203e-16
5960.475 1.7925e-16
5962.000 1.7859e-16
5963.525 1.6916e-16
5965.050 1.659e-16
5966.575 1.6803e-16
5968.100 1.7151e-16
5969.625 1.7163e-16
5971.150 1.7887e-16
5972.675 1.8416e-16
5974.200 1.8927e-16
5975.725 1.8828e-16
5977.250 1.7208e-16
5978.775 1.7259e-16
5980.300 1.7596e-16
5981.825 1.6673e-16
5983.350 1.7132e-16
5984.875 1.7471e-16
5986.400 1.7825e-16
5987.925 1.8245e-16
5989.450 1.7853e-16
5990.975 1.7755e-16
5992.500 1.7959e-16
5994.025 1.9626e-16
5995.550 2.095e-16
5997.075 2.2307e-16
5998.600 2.1439e-16
6000.125 2.0943e-16
6001.650 2.0384e-16
6003.175 1.9749e-16
6004.700 1.9141e-16
6006.225 1.8264e-16
6007.750 1.8652e-16
6009.275 1.9205e-16
6010.800 1.8314e-16
6012.325 1.7452e-16
6013.850 1.8665e-16
6015.375 1.8742e-16
6016.900 1.785e-16
6018.425 1.7922e-16
6019.950 1.8607e-16
6021.475 1.8845e-16
6023.000 1.8694e-16
6024.525 1.8361e-16
6026.050 1.8736e-16
6027.575 1.9066e-16
6029.100 1.8798e-16
6030.625 1.8725e-16
6032.150 1.9698e-16
6033.675 1.9183e-16
6035.200 1.8058e-16
6036.725 1.7897e-16
6038.250 1.8126e-16
6039.775 1.7818e-16
6041.300 1.7561e-16
6042.825 1.8442e-16
6044.350 1.9133e-16
6045.875 1.8182e-16
6047.400 1.8593e-16
6048.925 1.8628e-16
6050.450 1.7943e-16
6051.975 1.7934e-16
6053.500 1.7976e-16
6055.025 1.7932e-16
6056.550 1.801e-16
6058.075 1.8704e-16
6059.600 1.9053e-16
6061.125 1.8338e-16
6062.650 1.8238e-16
6064.175 1.9061e-16
6065.700 1.8939e-16
6067.225 1.9181e-16
6068.750 1.8482e-16
6070.275 1.7474e-16
6071.800 1.7907e-16
6073.325 1.8616e-16
6074.850 1.8929e-16
6076.375 1.8812e-16
6077.900 1.7159e-16
6079.425 1.6882e-16
6080.950 1.7141e-16
6082.475 1.7357e-16
6084.000 1.8122e-16
6085.525 1.8281e-16
6087.050 1.7785e-16
6088.575 1.8233e-16
6090.100 1.8386e-16
6091.625 1.7928e-16
6093.150 1.8192e-16
6094.675 1.7763e-16
6096.200 1.7278e-16
6097.725 1.7383e-16
6099.250 1.7761e-16
6100.775 1.7568e-16
6102.300 1.6625e-16
6103.825 1.6792e-16
6105.350 1.7965e-16
6106.875 1.7709e-16
6108.400 1.7113e-16
6109.925 1.6589e-16
6111.450 1.6154e-16
6112.975 1.6873e-16
6114.500 1.7345e-16
6116.025 1.7487e-16
6117.550 1.7265e-16
6119.075 1.7115e-16
6120.600 1.7095e-16
6122.125 1.6393e-16
6123.650 1.5923e-16
6125.175 1.5557e-16
6126.700 1.66e-16
6128.225 1.7098e-16
6129.750 1.6428e-16
6131.275 1.5713e-16
6132.800 1.5645e-16
6134.325 1.5751e-16
6135.850 1.541e-16
6137.375 1.5145e-16
6138.900 1.5238e-16
6140.425 1.5157e-16
6141.950 1.5358e-16
6143.475 1.6228e-16
6145.000 1.5982e-16
6146.525 1.6218e-16
6148.050 1.627e-16
6149.575 1.5535e-16
6151.100 1.4618e-16
6152.625 1.493e-16
6154.150 1.5296e-16
6155.675 1.5379e-16
6157.200 1.5768e-16
6158.725 1.5538e-16
6160.250 1.5265e-16
6161.775 1.5698e-16
6163.300 1.6129e-16
6164.825 1.5295e-16
6166.350 1.4834e-16
6167.875 1.5418e-16
6169.400 1.5513e-16
6170.925 1.5465e-16
6172.450 1.551e-16
6173.975 1.4813e-16
6175.500 1.488e-16
6177.025 1.5052e-16
6178.550 1.5972e-16
6180.075 1.6175e-16
6181.600 1.5663e-16
6183.125 1.5545e-16
6184.650 1.5783e-16
6186.175 1.5633e-16
6187.700 1.5203e-16
6189.225 1.56e-16
6190.750 1.5554e-16
6192.275 1.5282e-16
6193.800 1.4757e-16
6195.325 1.4426e-16
6196.850 1.4489e-16
6198.375 1.4932e-16
6199.900 1.4681e-16
6201.425 1.4996e-16
6202.950 1.5175e-16
6204.475 1.4951e-16
6206.000 1.5239e-16
6207.525 1.5556e-16
6209.050 1.5258e-16
6210.575 1.5126e-16
6212.100 1.465e-16
6213.625 1.4309e-16
6215.150 1.5108e-16
6216.675 1.5254e-16
6218.200 1.4963e-16
6219.725 1.5084e-16
6221.250 1.5095e-16
6222.775 1.4508e-16
6224.300 1.4589e-16
6225.825 1.4819e-16
6227.350 1.4638e-16
6228.875 1.4496e-16
6230.400 1.4714e-16
6231.925 1.4895e-16
6233.450 1.5093e-16
6234.975 1.4712e-16
6236.500 1.4984e-16
6238.025 1.4446e-16
6239.550 1.398e-16
6241.075 1.4819e-16
6242.600 1.5212e-16
6244.125 1.4868e-16
6245.650 1.4658e-16
6247.175 1.5015e-16
6248.700 1.5536e-16
6250.225 1.493e-16
6251.750 1.4764e-16
6253.275 1.5258e-16
6254.800 1.5058e-16
6256.325 1.5116e-16
6257.850 1.5553e-16
6259.375 1.5279e-16
6260.900 1.5061e-16
6262.425 1.5335e-16
6263.950 1.4971e-16
6265.475 1.3723e-16
6267.000 1.3377e-16
6268.525 1.4293e-16
6270.050 1.498e-16
6271.575 1.4987e-16
6273.100 1.5011e-16
6274.625 1.4414e-16
6276.150 1.4736e-16
6277.675 1.5343e-16
6279.200 1.4585e-16
6280.725 1.4644e-16
6282.250 1.5265e-16
6283.775 1.5581e-16
6285.300 1.5639e-16
6286.825 1.5198e-16
6288.350 1.5255e-16
6289.875 1.5614e-16
6291.400 1.504e-16
6292.925 1.4236e-16
6294.450 1.4196e-16
6295.975 1.5206e-16
6297.500 1.5076e-16
6299.025 1.3925e-16
6300.550 1.4534e-16
6302.075 1.515e-16
6303.600 1.5041e-16
6305.125 1.4373e-16
6306.650 1.3677e-16
6308.175 1.3488e-16
6309.700 1.393e-16
6311.225 1.5091e-16
6312.750 1.4952e-16
6314.275 1.4286e-16
6315.800 1.4452e-16
6317.325 1.4817e-16
6318.850 1.4725e-16
6320.375 1.4493e-16
6321.900 1.4475e-16
6323.425 1.4769e-16
6324.950 1.4761e-16
6326.475 1.4306e-16
6328.000 1.4258e-16
6329.525 1.4213e-16
6331.050 1.452e-16
6332.575 1.5047e-16
6334.100 1.4726e-16
6335.625 1.4604e-16
6337.150 1.4823e-16
6338.675 1.4641e-16
6340.200 1.4409e-16
6341.725 1.4475e-16
6343.250 1.4682e-16
6344.775 1.4866e-16
6346.300 1.528e-16
6347.825 1.5237e-16
6349.350 1.5006e-16
6350.875 1.506e-16
6352.400 1.4601e-16
6353.925 1.4353e-16
6355.450 1.4969e-16
6356.975 1.47e-16
6358.500 1.3984e-16
6360.025 1.4681e-16
6361.550 1.5509e-16
6363.075 1.5417e-16
6364.600 1.4979e-16
6366.125 1.4787e-16
6367.650 1.4903e-16
6369.175 1.4432e-16
6370.700 1.378e-16
6372.225 1.3753e-16
6373.750 1.4916e-16
6375.275 1.5335e-16
6376.800 1.4724e-16
6378.325 1.4294e-16
6379.850 1.423e-16
6381.375 1.4299e-16
6382.900 1.412e-16
6384.425 1.4044e-16
6385.950 1.4483e-16
6387.475 1.4851e-16
6389.000 1.4777e-16
6390.525 1.5012e-16
6392.050 1.4767e-16
6393.575 1.4367e-16
6395.100 1.4708e-16
6396.625 1.5074e-16
6398.150 1.4923e-16
6399.675 1.4726e-16
6401.200 1.4857e-16
6402.725 1.4637e-16
6404.250 1.449e-16
6405.775 1.4458e-16
6407.300 1.4665e-16
6408.825 1.5289e-16
6410.350 1.5286e-16
6411.875 1.4417e-16
6413.400 1.3908e-16
6414.925 1.3345e-16
6416.450 1.3511e-16
6417.975 1.4891e-16
6419.500 1.4936e-16
6421.025 1.4434e-16
6422.550 1.4316e-16
6424.075 1.3941e-16
6425.600 1.3635e-16
6427.125 1.3885e-16
6428.650 1.4885e-16
6430.175 1.5302e-16
6431.700 1.5433e-16
6433.225 1.547e-16
6434.750 1.513e-16
6436.275 1.4652e-16
6437.800 1.4515e-16
6439.325 1.4455e-16
6440.850 1.5016e-16
6442.375 1.5127e-16
6443.900 1.519e-16
6445.425 1.4752e-16
6446.950 1.4635e-16
6448.475 1.4688e-16
6450.000 1.3291e-16
6451.525 1.2455e-16
6453.050 1.3436e-16
6454.575 1.4131e-16
6456.100 1.3782e-16
6457.625 1.3219e-16
6459.150 1.314e-16
6460.675 1.3626e-16
6462.200 1.4335e-16
6463.725 1.4035e-16
6465.250 1.3327e-16
6466.775 1.3378e-16
6468.300 1.342e-16
6469.825 1.3341e-16
6471.350 1.3879e-16
6472.875 1.3854e-16
6474.400 1.3731e-16
6475.925 1.3688e-16
6477.450 1.4461e-16
6478.975 1.4938e-16
6480.500 1.4416e-16
6482.025 1.3647e-16
6483.550 1.3718e-16
6485.075 1.372e-16
6486.600 1.381e-16
6488.125 1.4152e-16
6489.650 1.3929e-16
6491.175 1.3277e-16
6492.700 1.3084e-16
6494.225 1.3972e-16
6495.750 1.5098e-16
6497.275 1.5095e-16
6498.800 1.4735e-16
6500.325 1.4213e-16
6501.850 1.3522e-16
6503.375 1.33e-16
6504.900 1.3788e-16
6506.425 1.442e-16
6507.950 1.3945e-16
6509.475 1.3874e-16
6511.000 1.4186e-16
6512.525 1.428e-16
6514.050 1.3857e-16
6515.575 1.3069e-16
6517.100 1.2882e-16
6518.625 1.3827e-16
6520.150 1.4355e-16
6521.675 1.4305e-16
6523.200 1.4369e-16
6524.725 1.4215e-16
6526.250 1.3394e-16
6527.775 1.4169e-16
6529.300 1.4747e-16
6530.825 1.5433e-16
6532.350 1.5062e-16
6533.875 1.4066e-16
6535.400 1.3688e-16
6536.925 1.3605e-16
6538.450 1.3209e-16
6539.975 1.3967e-16
6541.500 1.5026e-16
6543.025 1.4429e-16
6544.550 1.4518e-16
6546.075 1.4358e-16
6547.600 1.4196e-16
6549.125 1.4705e-16
6550.650 1.487e-16
6552.175 1.4525e-16
6553.700 1.4328e-16
6555.225 1.4977e-16
6556.750 1.5614e-16
6558.275 1.6244e-16
6559.800 1.613e-16
6561.325 1.5909e-16
6562.850 1.6698e-16
6564.375 1.5844e-16
6565.900 1.4738e-16
6567.425 1.469e-16
6568.950 1.4705e-16
6570.475 1.4682e-16
6572.000 1.3791e-16
6573.525 1.425e-16
6575.050 1.4745e-16
6576.575 1.4508e-16
6578.100 1.4468e-16
6579.625 1.4583e-16
6581.150 1.4468e-16
6582.675 1.4305e-16
6584.200 1.3679e-16
6585.725 1.3161e-16
6587.250 1.3758e-16
6588.775 1.42e-16
6590.300 1.4474e-16
6591.825 1.4601e-16
6593.350 1.4429e-16
6594.875 1.4204e-16
6596.400 1.4498e-16
6597.925 1.5127e-16
6599.450 1.474e-16
6600.975 1.3746e-16
6602.500 1.3525e-16
6604.025 1.4044e-16
6605.550 1.4574e-16
6607.075 1.4334e-16
6608.600 1.4106e-16
6610.125 1.4464e-16
6611.650 1.4646e-16
6613.175 1.4309e-16
6614.700 1.4184e-16
6616.225 1.453e-16
6617.750 1.4507e-16
6619.275 1.42e-16
6620.800 1.4131e-16
6622.325 1.4569e-16
6623.850 1.4769e-16
6625.375 1.4069e-16
6626.900 1.3778e-16
6628.425 1.4562e-16
6629.950 1.4685e-16
6631.475 1.4203e-16
6633.000 1.3784e-16
6634.525 1.3286e-16
6636.050 1.354e-16
6637.575 1.4463e-16
6639.100 1.4454e-16
6640.625 1.4417e-16
6642.150 1.4512e-16
6643.675 1.4189e-16
6645.200 1.4549e-16
6646.725 1.4718e-16
6648.250 1.4055e-16
6649.775 1.4234e-16
6651.300 1.488e-16
6652.825 1.4699e-16
6654.350 1.4285e-16
6655.875 1.4229e-16
6657.400 1.4351e-16
6658.925 1.4151e-16
6660.450 1.4145e-16
6661.975 1.4516e-16
6663.500 1.46e-16
6665.025 1.4446e-16
6666.550 1.3966e-16
6668.075 1.3788e-16
6669.600 1.4159e-16
6671.125 1.392e-16
6672.650 1.3653e-16
6674.175 1.3919e-16
6675.700 1.375e-16
6677.225 1.3595e-16
6678.750 1.3959e-16
6680.275 1.4073e-16
6681.800 1.4479e-16
6683.325 1.5645e-16
6684.850 1.6129e-16
6686.375 1.5833e-16
6687.900 1.5086e-16
6689.425 1.455e-16
6690.950 1.4054e-16
6692.475 1.3313e-16
6694.000 1.5637e-16
6695.525 3.2976e-16
6697.050 7.1813e-16
6698.575 1.0968e-15
6700.100 1.1868e-15
6701.625 9.4378e-16
6703.150 5.6631e-16
6704.675 2.8528e-16
6706.200 1.7017e-16
6707.725 1.339e-16
6709.250 1.3244e-16
6710.775 1.3476e-16
6712.300 1.2964e-16
6713.825 1.2962e-16
6715.350 1.3634e-16
6716.875 1.5321e-16
6718.400 1.8781e-16
6719.925 2.1942e-16
6721.450 2.2815e-16
6722.975 2.0501e-16
6724.500 1.7124e-16
6726.025 1.5454e-16
6727.550 1.4456e-16
6729.075 1.4021e-16
6730.600 1.4472e-16
6732.125 1.4516e-16
6733.650 1.4241e-16
6735.175 1.3877e-16
6736.700 1.3871e-16
6738.225 1.4472e-16
6739.750 1.5023e-16
6741.275 1.4337e-16
6742.800 1.3659e-16
6744.325 1.3597e-16
6745.850 1.4064e-16
6747.375 1.4455e-16
6748.900 1.4932e-16
6750.425 1.549e-16
6751.950 1.4976e-16
6753.475 1.4907e-16
6755.000 1.5324e-16
6756.525 1.4632e-16
6758.050 1.4596e-16
6759.575 1.5726e-16
6761.100 1.5576e-16
6762.625 1.5184e-16
6764.150 1.5127e-16
6765.675 1.5482e-16
6767.200 1.5658e-16
6768.725 1.5207e-16
6770.250 1.4829e-16
6771.775 1.4359e-16
6773.300 1.4514e-16
6774.825 1.4754e-16
6776.350 1.5337e-16
6777.875 1.5593e-16
6779.400 1.494e-16
6780.925 1.4568e-16
6782.450 1.4483e-16
6783.975 1.4633e-16
6785.500 1.4911e-16
6787.025 1.4942e-16
6788.550 1.5427e-16
6790.075 1.5638e-16
6791.600 1.5295e-16
6793.125 1.4991e-16
6794.650 1.5618e-16
6796.175 1.5744e-16
6797.700 1.5218e-16
6799.225 1.5174e-16
6800.750 1.5206e-16
6802.275 1.5311e-16
6803.800 1.4921e-16
6805.325 1.4642e-16
6806.850 1.4929e-16
6808.375 1.5126e-16
6809.900 1.4968e-16
6811.425 1.4872e-16
6812.950 1.5043e-16
6814.475 1.5651e-16
6816.000 1.6396e-16
6817.525 1.6235e-16
6819.050 1.5562e-16
6820.575 1.5398e-16
6822.100 1.5929e-16
6823.625 1.6275e-16
6825.150 1.5618e-16
6826.675 1.5865e-16
6828.200 1.6333e-16
6829.725 1.6188e-16
6831.250 1.6362e-16
6832.775 1.5568e-16
6834.300 1.5329e-16
6835.825 1.5638e-16
6837.350 1.5672e-16
6838.875 1.5848e-16
6840.400 1.5632e-16
6841.925 1.5884e-16
6843.450 1.5869e-16
6844.975 1.6019e-16
6846.500 1.6425e-16
6848.025 1.6034e-16
6849.550 1.5137e-16
6851.075 1.5878e-16
6852.600 1.8768e-16
6854.125 2.4377e-16
6855.650 2.9592e-16
6857.175 2.9989e-16
6858.700 2.6402e-16
6860.225 2.1791e-16
6861.750 1.8301e-16
6863.275 1.6344e-16
6864.800 1.59e-16
6866.325 1.5645e-16
6867.850 1.7782e-16
6869.375 2.2886e-16
6870.900 2.5355e-16
6872.425 2.3646e-16
6873.950 2.0173e-16
6875.475 1.7282e-16
6877.000 1.5451e-16
6878.525 1.448e-16
6880.050 1.4434e-16
6881.575 1.4805e-16
6883.100 1.4986e-16
6884.625 1.4772e-16
6886.150 1.4591e-16
6887.675 1.4355e-16
6889.200 1.4419e-16
6890.725 1.5239e-16
6892.250 1.5249e-16
6893.775 1.4478e-16
6895.300 1.4579e-16
6896.825 1.4674e-16
6898.350 1.4398e-16
6899.875 1.4279e-16
6901.400 1.4541e-16
6902.925 1.5102e-16
6904.450 1.4845e-16
6905.975 1.4819e-16
6907.500 1.5103e-16
6909.025 1.4653e-16
6910.550 1.4217e-16
6912.075 1.4392e-16
6913.600 1.4946e-16
6915.125 1.495e-16
6916.650 1.4615e-16
6918.175 1.4717e-16
6919.700 1.5423e-16
6921.225 1.5319e-16
6922.750 1.4811e-16
6924.275 1.4761e-16
6925.800 1.4567e-16
6927.325 1.491e-16
6928.850 1.5539e-16
6930.375 1.535e-16
6931.900 1.465e-16
6933.425 1.4365e-16
6934.950 1.4386e-16
6936.475 1.4402e-16
6938.000 1.3973e-16
6939.525 1.3571e-16
6941.050 1.3359e-16
6942.575 1.3227e-16
6944.100 1.3615e-16
6945.625 1.3781e-16
6947.150 1.3651e-16
6948.675 1.354e-16
6950.200 1.3795e-16
6951.725 1.4385e-16
6953.250 1.4501e-16
6954.775 1.3891e-16
6956.300 1.3395e-16
6957.825 1.3093e-16
6959.350 1.363e-16
6960.875 1.3691e-16
6962.400 1.3364e-16
6963.925 1.3464e-16
6965.450 1.39e-16
6966.975 1.4404e-16
6968.500 1.4149e-16
6970.025 1.353e-16
6971.550 1.3379e-16
6973.075 1.3943e-16
6974.600 1.3708e-16
6976.125 1.3758e-16
6977.650 1.4079e-16
6979.175 1.4098e-16
6980.700 1.3588e-16
6982.225 1.3352e-16
6983.750 1.2531e-16
6985.275 1.2193e-16
6986.800 1.2275e-16
6988.325 1.2816e-16
6989.850 1.3463e-16
6991.375 1.3536e-16
6992.900 1.3834e-16
6994.425 1.3927e-16
6995.950 1.3539e-16
6997.475 1.3127e-16
6999.000 1.3482e-16
7000.525 1.3673e-16
7002.050 1.3447e-16
7003.575 1.3384e-16
7005.100 1.3233e-16
7006.625 1.3008e-16
7008.150 1.2952e-16
7009.675 1.2743e-16
7011.200 1.3161e-16
7012.725 1.333e-16
7014.250 1.3143e-16
7015.775 1.3869e-16
7017.300 1.3891e-16
7018.825 1.3071e-16
7020.350 1.347e-16
7021.875 1.3726e-16
7023.400 1.2858e-16
7024.925 1.2353e-16
7026.450 1.2433e-16
7027.975 1.3564e-16
7029.500 1.3951e-16
7031.025 1.3388e-16
7032.550 1.3111e-16
7034.075 1.3288e-16
7035.600 1.3191e-16
7037.125 1.3198e-16
7038.650 1.3218e-16
7040.175 1.3313e-16
7041.700 1.3047e-16
7043.225 1.2662e-16
7044.750 1.297e-16
7046.275 1.301e-16
7047.800 1.2865e-16
7049.325 1.2935e-16
7050.850 1.323e-16
7052.375 1.3443e-16
7053.900 1.2649e-16
7055.425 1.2504e-16
7056.950 1.2847e-16
7058.475 1.3021e-16
7060.000 1.2593e-16
7061.525 1.2463e-16
7063.050 1.2974e-16
7064.575 1.3286e-16
7066.100 1.3577e-16
7067.625 1.3512e-16
7069.150 1.3079e-16
7070.675 1.2712e-16
7072.200 1.2585e-16
7073.725 1.2717e-16
7075.250 1.2455e-16
7076.775 1.2545e-16
7078.300 1.3269e-16
7079.825 1.3345e-16
7081.350 1.2883e-16
7082.875 1.2701e-16
7084.400 1.3003e-16
7085.925 1.291e-16
7087.450 1.2957e-16
7088.975 1.3201e-16
7090.500 1.29e-16
7092.025 1.3282e-16
7093.550 1.4269e-16
7095.075 1.4332e-16
7096.600 1.3372e-16
7098.125 1.3129e-16
7099.650 1.3301e-16
7101.175 1.2998e-16
7102.700 1.2889e-16
7104.225 1.28e-16
7105.750 1.2542e-16
7107.275 1.311e-16
7108.800 1.3658e-16
7110.325 1.3844e-16
7111.850 1.386e-16
7113.375 1.4183e-16
7114.900 1.4168e-16
7116.425 1.3758e-16
7117.950 1.3693e-16
7119.475 1.3207e-16
7121.000 1.3121e-16
7122.525 1.2998e-16
7124.050 1.2976e-16
7125.575 1.3842e-16
7127.100 1.4171e-16
7128.625 1.4464e-16
7130.150 1.4429e-16
7131.675 1.4699e-16
7133.200 1.4519e-16
7134.725 1.4287e-16
7136.250 1.4434e-16
7137.775 1.4314e-16
7139.300 1.3964e-16
7140.825 1.446e-16
7142.350 1.509e-16
7143.875 1.4882e-16
7145.400 1.4196e-16
7146.925 1.432e-16
7148.450 1.4374e-16
7149.975 1.3961e-16
7151.500 1.395e-16
7153.025 1.357e-16
7154.550 1.4165e-16
7156.075 1.4217e-16
7157.600 1.4394e-16
7159.125 1.4504e-16
7160.650 1.4956e-16
7162.175 1.4722e-16
7163.700 1.4419e-16
7165.225 1.4435e-16
7166.750 1.4565e-16
7168.275 1.4636e-16
7169.800 1.4448e-16
7171.325 1.4608e-16
7172.850 1.3787e-16
7174.375 1.3262e-16
7175.900 1.3377e-16
7177.425 1.3927e-16
7178.950 1.4509e-16
7180.475 1.4852e-16
7182.000 1.4193e-16
7183.525 1.4131e-16
7185.050 1.3735e-16
7186.575 1.3234e-16
7188.100 1.4262e-16
7189.625 1.4469e-16
7191.150 1.4136e-16
7192.675 1.3744e-16
7194.200 1.3663e-16
7195.725 1.3927e-16
7197.250 1.4238e-16
7198.775 1.413e-16
7200.300 1.4164e-16
7201.825 1.4446e-16
7203.350 1.4917e-16
7204.875 1.5219e-16
7206.400 1.5356e-16
7207.925 1.4714e-16
7209.450 1.4302e-16
7210.975 1.4697e-16
7212.500 1.4843e-16
7214.025 1.4998e-16
7215.550 1.4631e-16
7217.075 1.4324e-16
7218.600 1.5134e-16
7220.125 1.6334e-16
7221.650 1.5492e-16
7223.175 1.4632e-16
7224.700 1.5125e-16
7226.225 1.5134e-16
7227.750 1.4637e-16
7229.275 1.4501e-16
7230.800 1.4758e-16
7232.325 1.4705e-16
7233.850 1.4537e-16
7235.375 1.4789e-16
7236.900 1.511e-16
7238.425 1.4391e-16
7239.950 1.4188e-16
7241.475 1.4492e-16
7243.000 1.4104e-16
7244.525 1.43e-16
7246.050 1.4285e-16
7247.575 1.4305e-16
7249.100 1.4403e-16
7250.625 1.4152e-16
7252.150 1.4134e-16
7253.675 1.3918e-16
7255.200 1.4372e-16
7256.725 1.5236e-16
7258.250 1.4951e-16
7259.775 1.4455e-16
7261.300 1.4644e-16
7262.825 1.4528e-16
7264.350 1.4149e-16
7265.875 1.4795e-16
7267.400 1.5099e-16
7268.925 1.4462e-16
7270.450 1.495e-16
7271.975 1.4758e-16
7273.500 1.3977e-16
7275.025 1.3908e-16
7276.550 1.3428e-16
7278.075 1.2801e-16
7279.600 1.3406e-16
7281.125 1.4912e-16
7282.650 1.6699e-16
7284.175 1.8437e-16
7285.700 1.8007e-16
7287.225 1.592e-16
7288.750 1.4209e-16
7290.275 1.3916e-16
7291.800 1.406e-16
7293.325 1.3443e-16
7294.850 1.3397e-16
7296.375 1.3134e-16
7297.900 1.2583e-16
7299.425 1.314e-16
7300.950 1.3245e-16
7302.475 1.298e-16
7304.000 1.3478e-16
7305.525 1.3932e-16
7307.050 1.388e-16
7308.575 1.3626e-16
7310.100 1.289e-16
7311.625 1.2952e-16
7313.150 1.315e-16
7314.675 1.3168e-16
7316.200 1.3297e-16
7317.725 1.3371e-16
7319.250 1.3181e-16
7320.775 1.3937e-16
7322.300 1.431e-16
7323.825 1.3901e-16
7325.350 1.3331e-16
7326.875 1.3321e-16
7328.400 1.3687e-16
7329.925 1.2747e-16
7331.450 1.2606e-16
7332.975 1.322e-16
7334.500 1.2991e-16
7336.025 1.2979e-16
7337.550 1.3094e-16
7339.075 1.3108e-16
7340.600 1.3403e-16
7342.125 1.3481e-16
7343.650 1.3318e-16
7345.175 1.2552e-16
7346.700 1.2832e-16
7348.225 1.3481e-16
7349.750 1.3481e-16
7351.275 1.3043e-16
7352.800 1.2766e-16
7354.325 1.314e-16
7355.850 1.3647e-16
7357.375 1.3792e-16
7358.900 1.3801e-16
7360.425 1.2979e-16
7361.950 1.2707e-16
7363.475 1.296e-16
7365.000 1.3189e-16
7366.525 1.3473e-16
7368.050 1.3001e-16
7369.575 1.315e-16
7371.100 1.317e-16
7372.625 1.282e-16
7374.150 1.2665e-16
7375.675 1.2806e-16
7377.200 1.326e-16
7378.725 1.3018e-16
7380.250 1.3175e-16
7381.775 1.4372e-16
7383.300 1.476e-16
7384.825 1.4287e-16
7386.350 1.3582e-16
7387.875 1.2911e-16
7389.400 1.238e-16
7390.925 1.261e-16
7392.450 1.3255e-16
7393.975 1.3402e-16
7395.500 1.3409e-16
7397.025 1.3266e-16
7398.550 1.3127e-16
7400.075 1.354e-16
7401.600 1.3332e-16
7403.125 1.279e-16
7404.650 1.296e-16
7406.175 1.3199e-16
7407.700 1.3186e-16
7409.225 1.2875e-16
7410.750 1.2503e-16
7412.275 1.2271e-16
7413.800 1.2606e-16
7415.325 1.3197e-16
7416.850 1.3056e-16
7418.375 1.2869e-16
7419.900 1.3125e-16
7421.425 1.2847e-16
7422.950 1.291e-16
7424.475 1.4089e-16
7426.000 1.4081e-16
7427.525 1.3624e-16
7429.050 1.4093e-16
7430.575 1.4199e-16
7432.100 1.4066e-16
7433.625 1.3414e-16
7435.150 1.2953e-16
7436.675 1.2969e-16
7438.200 1.3401e-16
7439.725 1.3624e-16
7441.250 1.2694e-16
7442.775 1.2549e-16
7444.300 1.3036e-16
7445.825 1.2813e-16
7447.350 1.2966e-16
7448.875 1.3857e-16
7450.400 1.3779e-16
7451.925 1.3452e-16
7453.450 1.3119e-16
7454.975 1.3078e-16
7456.500 1.3093e-16
7458.025 1.3633e-16
7459.550 1.3391e-16
7461.075 1.3085e-16
7462.600 1.2746e-16
7464.125 1.277e-16
7465.650 1.3303e-16
7467.175 1.3709e-16
7468.700 1.3656e-16
7470.225 1.3623e-16
7471.750 1.4647e-16
7473.275 1.4573e-16
7474.800 1.3726e-16
7476.325 1.4102e-16
7477.850 1.4107e-16
7479.375 1.4246e-16
7480.900 1.4042e-16
7482.425 1.3859e-16
7483.950 1.3791e-16
7485.475 1.4111e-16
7487.000 1.3339e-16
7488.525 1.324e-16
7490.050 1.322e-16
7491.575 1.2742e-16
7493.100 1.2405e-16
7494.625 1.2773e-16
7496.150 1.2783e-16
7497.675 1.2962e-16
7499.200 1.3215e-16
7500.725 1.3187e-16
7502.250 1.3434e-16
7503.775 1.2835e-16
7505.300 1.2246e-16
7506.825 1.1911e-16
7508.350 1.2179e-16
7509.875 1.2287e-16
7511.400 1.2406e-16
7512.925 1.265e-16
7514.450 1.3067e-16
7515.975 1.2977e-16
7517.500 1.2096e-16
7519.025 1.2055e-16
7520.550 1.2521e-16
7522.075 1.2054e-16
7523.600 1.223e-16
7525.125 1.2916e-16
7526.650 1.256e-16
7528.175 1.2729e-16
7529.700 1.3549e-16
7531.225 1.3385e-16
7532.750 1.3099e-16
7534.275 1.286e-16
7535.800 1.2224e-16
7537.325 1.2287e-16
7538.850 1.2329e-16
7540.375 1.2251e-16
7541.900 1.2894e-16
7543.425 1.2828e-16
7544.950 1.2799e-16
7546.475 1.2831e-16
7548.000 1.2171e-16
7549.525 1.21e-16
7551.050 1.2129e-16
7552.575 1.2266e-16
7554.100 1.2193e-16
7555.625 1.1528e-16
7557.150 1.1434e-16
7558.675 1.1765e-16
7560.200 1.2037e-16
7561.725 1.2356e-16
7563.250 1.2509e-16
7564.775 1.2211e-16
7566.300 1.1812e-16
7567.825 1.1816e-16
7569.350 1.1919e-16
7570.875 1.2038e-16
7572.400 1.2522e-16
7573.925 1.2498e-16
7575.450 1.189e-16
7576.975 1.1585e-16
7578.500 1.2511e-16
7580.025 1.2819e-16
7581.550 1.2338e-16
7583.075 1.1908e-16
7584.600 1.2185e-16
7586.125 1.2099e-16
7587.650 1.2227e-16
7589.175 1.2336e-16
7590.700 1.2671e-16
7592.225 1.2468e-16
7593.750 1.2078e-16
7595.275 1.2228e-16
7596.800 1.231e-16
7598.325 1.1946e-16
7599.850 1.1904e-16
7601.375 1.0906e-16
7602.900 1.0732e-16
7604.425 1.0158e-16
7605.950 1.0647e-16
7607.475 1.0603e-16
7609.000 1.1151e-16
7610.525 1.1165e-16
7612.050 1.0412e-16
7613.575 1.0692e-16
7615.100 1.1477e-16
7616.625 1.1929e-16
7618.150 1.2393e-16
7619.675 1.2965e-16
7621.200 1.2422e-16
7622.725 1.1848e-16
7624.250 1.1317e-16
7625.775 1.0652e-16
7627.300 9.8634e-17
7628.825 1.049e-16
7630.350 1.1351e-16
7631.875 1.0872e-16
7633.400 1.0939e-16
7634.925 1.1143e-16
7636.450 1.1275e-16
7637.975 1.1508e-16
7639.500 1.1532e-16
7641.025 1.1424e-16
7642.550 1.1962e-16
7644.075 1.2404e-16
7645.600 1.2095e-16
7647.125 1.172e-16
7648.650 1.1751e-16
7650.175 1.1933e-16
7651.700 1.1513e-16
7653.225 1.1497e-16
7654.750 1.2046e-16
7656.275 1.1947e-16
7657.800 1.1708e-16
7659.325 1.15e-16
7660.850 1.1412e-16
7662.375 1.1382e-16
7663.900 1.2118e-16
7665.425 1.2354e-16
7666.950 1.1965e-16
7668.475 1.1923e-16
7670.000 1.2074e-16
7671.525 1.2474e-16
7673.050 1.2258e-16
7674.575 1.2185e-16
7676.100 1.1972e-16
7677.625 1.1524e-16
7679.150 1.1699e-16
7680.675 1.1908e-16
7682.200 1.1954e-16
7683.725 1.1533e-16
7685.250 1.1417e-16
7686.775 1.1399e-16
7688.300 1.1182e-16
7689.825 1.1563e-16
7691.350 1.2185e-16
7692.875 1.2481e-16
7694.400 1.2651e-16
7695.925 1.2642e-16
7697.450 1.2583e-16
7698.975 1.2194e-16
7700.500 1.1619e-16
7702.025 1.1974e-16
7703.550 1.2568e-16
7705.075 1.2526e-16
7706.600 1.2208e-16
7708.125 1.1822e-16
7709.650 1.1816e-16
7711.175 1.2383e-16
7712.700 1.2206e-16
7714.225 1.2035e-16
7715.750 1.2583e-16
7717.275 1.2144e-16
7718.800 1.178e-16
7720.325 1.1638e-16
7721.850 1.1196e-16
7723.375 1.1321e-16
7724.900 1.1573e-16
7726.425 1.1333e-16
7727.950 1.0974e-16
7729.475 1.1225e-16
7731.000 1.1535e-16
7732.525 1.1486e-16
7734.050 1.1708e-16
7735.575 1.1531e-16
7737.100 1.1742e-16
7738.625 1.2003e-16
7740.150 1.2155e-16
7741.675 1.1991e-16
7743.200 1.1454e-16
7744.725 1.1811e-16
7746.250 1.2527e-16
7747.775 1.214e-16
7749.300 1.1887e-16
7750.825 1.2225e-16
7752.350 1.2481e-16
7753.875 1.1771e-16
7755.400 1.1149e-16
7756.925 1.0947e-16
7758.450 1.0758e-16
7759.975 1.1646e-16
7761.500 1.2128e-16
7763.025 1.2423e-16
7764.550 1.217e-16
7766.075 1.1782e-16
7767.600 1.1697e-16
7769.125 1.1499e-16
7770.650 1.1789e-16
7772.175 1.1925e-16
7773.700 1.1514e-16
7775.225 1.0743e-16
7776.750 1.0637e-16
7778.275 1.1043e-16
7779.800 1.1787e-16
7781.325 1.1407e-16
7782.850 1.1033e-16
7784.375 1.1432e-16
7785.900 1.101e-16
7787.425 1.1168e-16
7788.950 1.1211e-16
7790.475 1.1355e-16
7792.000 1.1342e-16
7793.525 1.1145e-16
7795.050 1.1611e-16
7796.575 1.1776e-16
7798.100 1.1263e-16
7799.625 1.1372e-16
7801.150 1.1486e-16
7802.675 1.0873e-16
7804.200 1.0719e-16
7805.725 1.1294e-16
7807.250 1.2079e-16
7808.775 1.1717e-16
7810.300 1.0593e-16
7811.825 1.071e-16
7813.350 1.1478e-16
7814.875 1.1771e-16
7816.400 1.17e-16
7817.925 1.1447e-16
7819.450 1.0539e-16
7820.975 1.0032e-16
7822.500 1.0635e-16
7824.025 1.1039e-16
7825.550 1.0719e-16
7827.075 1.0124e-16
7828.600 1.0236e-16
7830.125 1.0083e-16
7831.650 1.0204e-16
7833.175 1.023e-16
7834.700 1.0358e-16
7836.225 1.0121e-16
7837.750 1.0245e-16
7839.275 1.0556e-16
7840.800 1.1135e-16
7842.325 1.1135e-16
7843.850 1.0822e-16
7845.375 1.0647e-16
7846.900 1.0656e-16
7848.425 1.0666e-16
7849.950 1.046e-16
7851.475 9.9118e-17
7853.000 1.016e-16
7854.525 1.1268e-16
7856.050 1.1424e-16
7857.575 1.0291e-16
7859.100 1.0105e-16
7860.625 9.9897e-17
7862.150 1.0205e-16
7863.675 1.0094e-16
7865.200 9.9928e-17
7866.725 1.0458e-16
7868.250 1.1199e-16
7869.775 1.1056e-16
7871.300 1.078e-16
7872.825 1.0215e-16
7874.350 1.0414e-16
7875.875 1.0543e-16
7877.400 1.0736e-16
7878.925 1.0337e-16
7880.450 1.0435e-16
7881.975 1.1146e-16
7883.500 1.1283e-16
7885.025 1.0726e-16
7886.550 1.0243e-16
7888.075 1.0833e-16
7889.600 1.0999e-16
7891.125 1.0776e-16
7892.650 1.0973e-16
7894.175 1.0866e-16
7895.700 1.0713e-16
7897.225 1.0998e-16
7898.750 1.1062e-16
7900.275 1.153e-16
7901.800 1.1257e-16
7903.325 1.0824e-16
7904.850 1.1227e-16
7906.375 1.1003e-16
7907.900 1.0832e-16
7909.425 1.1562e-16
7910.950 1.2074e-16
7912.475 1.2047e-16
7914.000 1.1759e-16
7915.525 1.2289e-16
7917.050 1.2364e-16
7918.575 1.0997e-16
7920.100 1.1138e-16
7921.625 1.1564e-16
7923.150 1.1026e-16
7924.675 1.1196e-16
7926.200 1.155e-16
7927.725 1.1161e-16
7929.250 1.1278e-16
7930.775 1.1777e-16
7932.300 1.1448e-16
7933.825 1.0719e-16
7935.350 1.0736e-16
7936.875 1.1186e-16
7938.400 1.1069e-16
7939.925 1.0621e-16
7941.450 1.0834e-16
7942.975 1.1772e-16
7944.500 1.1422e-16
7946.025 1.1206e-16
7947.550 1.135e-16
7949.075 1.104e-16
7950.600 1.1224e-16
7952.125 1.1269e-16
7953.650 1.1043e-16
7955.175 1.1628e-16
7956.700 1.224e-16
7958.225 1.2029e-16
7959.750 1.129e-16
7961.275 1.1402e-16
7962.800 1.1533e-16
7964.325 1.1515e-16
7965.850 1.0825e-16
7967.375 1.0948e-16
7968.900 1.1478e-16
7970.425 1.1297e-16
7971.950 1.1261e-16
7973.475 1.1435e-16
7975.000 1.1323e-16
7976.525 1.1187e-16
7978.050 1.1226e-16
7979.575 1.1148e-16
7981.100 1.1409e-16
7982.625 1.1332e-16
7984.150 1.1575e-16
7985.675 1.1884e-16
7987.200 1.1318e-16
7988.725 1.2361e-16
7990.250 1.2881e-16
7991.775 1.2125e-16
7993.300 1.0998e-16
7994.825 1.0333e-16
7996.350 1.0672e-16
7997.875 1.1148e-16
7999.400 1.1252e-16
8000.925 1.0824e-16
8002.450 1.1536e-16
8003.975 1.1622e-16
8005.500 1.1421e-16
8007.025 1.1547e-16
8008.550 1.0845e-16
8010.075 1.0744e-16
8011.600 1.1506e-16
8013.125 1.1649e-16
8014.650 1.1675e-16
8016.175 1.2099e-16
8017.700 1.1928e-16
8019.225 1.1606e-16
8020.750 1.184e-16
8022.275 1.1659e-16
8023.800 1.1518e-16
8025.325 1.1126e-16
8026.850 1.082e-16
8028.375 1.1049e-16
8029.900 1.1189e-16
8031.425 1.1042e-16
8032.950 1.1484e-16
8034.475 1.1878e-16
8036.000 1.1538e-16
8037.525 1.093e-16
8039.050 1.0413e-16
8040.575 1.1031e-16
8042.100 1.1815e-16
8043.625 1.1445e-16
8045.150 1.1038e-16
8046.675 1.1332e-16
8048.200 1.1241e-16
8049.725 1.1229e-16
8051.250 1.1739e-16
8052.775 1.1296e-16
8054.300 1.0774e-16
8055.825 1.1113e-16
8057.350 1.1414e-16
8058.875 1.1441e-16
8060.400 1.1532e-16
8061.925 1.1049e-16
8063.450 1.0217e-16
8064.975 1.0531e-16
8066.500 1.1076e-16
8068.025 1.1769e-16
8069.550 1.2038e-16
8071.075 1.1473e-16
8072.600 1.1489e-16
8074.125 1.1576e-16
8075.650 1.1234e-16
8077.175 1.1208e-16
8078.700 1.0946e-16
8080.225 1.0974e-16
8081.750 1.1489e-16
8083.275 1.1314e-16
8084.800 1.0979e-16
8086.325 1.0916e-16
8087.850 1.1139e-16
8089.375 1.1276e-16
8090.900 1.147e-16
8092.425 1.112e-16
8093.950 1.1036e-16
8095.475 1.1257e-16
8097.000 1.1218e-16
8098.525 1.1314e-16
8100.050 1.0556e-16
8101.575 1.055e-16
8103.100 1.0832e-16
8104.625 1.0943e-16
8106.150 1.1046e-16
8107.675 1.0589e-16
8109.200 1.0704e-16
8110.725 1.1012e-16
8112.250 1.0489e-16
8113.775 1.0713e-16
8115.300 1.099e-16
8116.825 1.0832e-16
8118.350 1.0891e-16
8119.875 1.1012e-16
8121.400 1.0663e-16
8122.925 1.0808e-16
8124.450 1.0969e-16
8125.975 1.0527e-16
8127.500 1.0688e-16
8129.025 1.0925e-16
8130.550 1.0964e-16
8132.075 1.1027e-16
8133.600 1.0533e-16
8135.125 1.0506e-16
8136.650 1.1018e-16
8138.175 1.124e-16
8139.700 1.0809e-16
8141.225 1.0234e-16
8142.750 1.0117e-16
8144.275 1.0707e-16
8145.800 1.1064e-16
8147.325 1.0828e-16
8148.850 1.0355e-16
8150.375 9.9518e-17
8151.900 1.0164e-16
8153.425 1.0854e-16
8154.950 1.0455e-16
8156.475 1.0109e-16
8158.000 1.0296e-16
8159.525 1.0369e-16
8161.050 1.0065e-16
8162.575 1.0355e-16
8164.100 1.1409e-16
8165.625 1.1208e-16
8167.150 1.0271e-16
8168.675 1.0215e-16
8170.200 1.1026e-16
8171.725 1.1412e-16
8173.250 1.109e-16
8174.775 1.0923e-16
8176.300 1.1254e-16
8177.825 1.1223e-16
8179.350 1.0543e-16
8180.875 1.0187e-16
8182.400 1.0451e-16
8183.925 1.0809e-16
8185.450 1.0971e-16
8186.975 1.0599e-16
8188.500 1.0239e-16
8190.025 9.8978e-17
8191.550 1e-16
8193.075 1.0454e-16
8194.600 1.0681e-16
8196.125 1.0174e-16
8197.650 9.9084e-17
8199.175 1.0408e-16
8200.700 1.1159e-16
8202.225 1.0826e-16
8203.750 1.0418e-16
8205.275 1.069e-16
8206.800 1.0905e-16
8208.325 1.071e-16
8209.850 1.0563e-16
8211.375 1.0746e-16
8212.900 1.0248e-16
8214.425 1.0062e-16
8215.950 1.0481e-16
8217.475 1.0257e-16
8219.000 1.0715e-16
8220.525 1.0935e-16
8222.050 1.0833e-16
8223.575 1.0289e-16
8225.100 1.0006e-16
8226.625 1.0237e-16
8228.150 1.0339e-16
8229.675 1.0417e-16
8231.200 1.0038e-16
8232.725 1.0108e-16
8234.250 1.0588e-16
8235.775 1.0707e-16
8237.300 1.0916e-16
8238.825 1.0392e-16
8240.350 1.0048e-16
8241.875 1.0547e-16
8243.400 1.0513e-16
8244.925 1.0055e-16
8246.450 1.0375e-16
8247.975 1.0943e-16
8249.500 1.0414e-16
8251.025 1.0213e-16
8252.550 1.0331e-16
8254.075 1.0059e-16
8255.600 1.0164e-16
8257.125 1.0472e-16
8258.650 1.0642e-16
8260.175 1.0325e-16
8261.700 1.0065e-16
8263.225 9.9241e-17
8264.750 9.7451e-17
8266.275 9.8027e-17
8267.800 1.0127e-16
8269.325 1.0394e-16
8270.850 1.0612e-16
8272.375 1.0655e-16
8273.900 1.0422e-16
8275.425 1.0473e-16
8276.950 1.0424e-16
8278.475 9.9905e-17
8280.000 9.7615e-17
8281.525 9.7012e-17
8283.050 9.9113e-17
8284.575 9.6075e-17
8286.100 9.5451e-17
8287.625 1.076e-16
8289.150 1.0305e-16
8290.675 9.3124e-17
8292.200 9.7653e-17
8293.725 9.6121e-17
8295.250 9.8474e-17
8296.775 1.0582e-16
8298.300 1.0588e-16
8299.825 1.0117e-16
8301.350 1.0779e-16
8302.875 1.0979e-16
8304.400 1.0773e-16
8305.925 1.1292e-16
8307.450 1.1279e-16
8308.975 1.064e-16
8310.500 1.0087e-16
8312.025 9.8714e-17
8313.550 9.8613e-17
8315.075 9.9482e-17
8316.600 9.6426e-17
8318.125 9.4245e-17
8319.650 9.9302e-17
8321.175 9.872e-17
8322.700 9.5225e-17
8324.225 1.0238e-16
8325.750 1.0498e-16
8327.275 9.974e-17
8328.800 1.0393e-16
8330.325 9.8986e-17
8331.850 9.7533e-17
8333.375 1.0485e-16
8334.900 1.0588e-16
8336.425 1.0356e-16
8337.950 1.0554e-16
8339.475 1.0344e-16
8341.000 1.0726e-16
8342.525 1.0628e-16
8344.050 1.1481e-16
8345.575 1.0629e-16
8347.100 9.62e-17
8348.625 9.8948e-17
8350.150 9.8091e-17
8351.675 1.0094e-16
8353.200 1.0328e-16
8354.725 1.0078e-16
8356.250 1.0473e-16
8357.775 1.0852e-16
8359.300 1.05e-16
8360.825 1.0171e-16
8362.350 1.0411e-16
8363.875 1.019e-16
8365.400 9.7665e-17
8366.925 9.9349e-17
8368.450 1.0328e-16
8369.975 1.0392e-16
8371.500 9.9604e-17
8373.025 9.3832e-17
8374.550 9.8667e-17
8376.075 1.0477e-16
8377.600 1.0368e-16
8379.125 1.1073e-16
8380.650 1.163e-16
8382.175 1.0673e-16
8383.700 9.7314e-17
8385.225 1.0049e-16
8386.750 1.0376e-16
8388.275 1.0349e-16
8389.800 1.0441e-16
8391.325 1.0428e-16
8392.850 1.058e-16
8394.375 1.1729e-16
8395.900 1.2649e-16
8397.425 1.1862e-16
8398.950 1.1228e-16
8400.475 1.0534e-16
8402.000 9.533e-17
8403.525 9.3443e-17
8405.050 9.9291e-17
8406.575 9.925e-17
8408.100 9.3072e-17
8409.625 9.2536e-17
8411.150 9.4257e-17
8412.675 1.0595e-16
8414.200 1.095e-16
8415.725 1.037e-16
8417.250 1.0313e-16
8418.775 9.7859e-17
8420.300 9.8093e-17
8421.825 1.0055e-16
8423.350 9.8308e-17
8424.875 9.5229e-17
8426.400 9.6295e-17
8427.925 9.7172e-17
8429.450 9.4912e-17
8430.975 9.6054e-17
8432.500 9.8471e-17
8434.025 9.6203e-17
8435.550 9.6142e-17
8437.075 9.6116e-17
8438.600 9.5944e-17
8440.125 9.8459e-17
8441.650 9.9455e-17
8443.175 9.6711e-17
8444.700 1.0223e-16
8446.225 1.0937e-16
8447.750 1.107e-16
8449.275 1.1121e-16
8450.800 1.1433e-16
8452.325 1.0931e-16
8453.850 1.0107e-16
8455.375 9.723e-17
8456.900 9.9322e-17
8458.425 1.0125e-16
8459.950 1.0506e-16
8461.475 1.008e-16
8463.000 9.2764e-17
8464.525 9.3478e-17
8466.050 1.0041e-16
8467.575 9.9281e-17
8469.100 9.7986e-17
8470.625 9.6352e-17
8472.150 9.8155e-17
8473.675 1.0211e-16
8475.200 1.0521e-16
8476.725 1.0211e-16
8478.250 1.0304e-16
8479.775 1.0229e-16
8481.300 9.9455e-17
8482.825 9.9483e-17
8484.350 1.0078e-16
8485.875 1.0627e-16
8487.400 1.1079e-16
8488.925 1.1131e-16
8490.450 1.0719e-16
8491.975 1.027e-16
8493.500 1.0393e-16
8495.025 1.0564e-16
8496.550 1.0207e-16
8498.075 9.8687e-17
8499.600 9.7251e-17
8501.125 9.9771e-17
8502.650 1.0331e-16
8504.175 1.0133e-16
8505.700 9.7016e-17
8507.225 9.5802e-17
8508.750 1.008e-16
8510.275 9.8664e-17
8511.800 9.6337e-17
8513.325 9.8296e-17
8514.850 9.4418e-17
8516.375 9.44e-17
8517.900 9.801e-17
8519.425 9.607e-17
8520.950 9.3762e-17
8522.475 9.3839e-17
8524.000 9.2679e-17
8525.525 9.4228e-17
8527.050 9.5245e-17
8528.575 9.3921e-17
8530.100 9.7953e-17
8531.625 1.0186e-16
8533.150 9.9362e-17
8534.675 9.7356e-17
8536.200 9.3026e-17
8537.725 9.432e-17
8539.250 1.0116e-16
8540.775 9.8619e-17
8542.300 9.4809e-17
8543.825 9.1465e-17
8545.350 8.1774e-17
8546.875 8.6486e-17
8548.400 9.2946e-17
8549.925 9.1484e-17
8551.450 9.2088e-17
8552.975 9.3985e-17
8554.500 9.3534e-17
8556.025 8.9165e-17
8557.550 9.0643e-17
8559.075 9.1235e-17
8560.600 9.281e-17
8562.125 9.5592e-17
8563.650 9.1127e-17
8565.175 8.6437e-17
8566.700 8.89e-17
8568.225 9.1405e-17
8569.750 8.8389e-17
8571.275 9.2963e-17
8572.800 9.7398e-17
8574.325 9.0949e-17
8575.850 8.9355e-17
8577.375 9.182e-17
8578.900 8.6199e-17
8580.425 8.5679e-17
8581.950 9.0619e-17
8583.475 9.0332e-17
8585.000 8.5413e-17
8586.525 8.6464e-17
8588.050 9.2315e-17
8589.575 9.2477e-17
8591.100 8.7744e-17
8592.625 8.3324e-17
8594.150 8.5578e-17
8595.675 9.2802e-17
8597.200 8.79e-17
8598.725 8.3079e-17
8600.250 8.4744e-17
8601.775 8.6019e-17
8603.300 8.8713e-17
8604.825 9.0543e-17
8606.350 9.0919e-17
8607.875 8.7978e-17
8609.400 8.8938e-17
8610.925 9.2677e-17
8612.450 9.0287e-17
8613.975 8.8028e-17
8615.500 9.0144e-17
8617.025 9.2855e-17
8618.550 9.4892e-17
8620.075 9.5223e-17
8621.600 8.8841e-17
8623.125 8.9552e-17
8624.650 9.5974e-17
8626.175 9.2823e-17
8627.700 9.1622e-17
8629.225 9.2436e-17
8630.750 9.484e-17
8632.275 9.4784e-17
8633.800 9.2587e-17
8635.325 8.9619e-17
8636.850 9.1427e-17
8638.375 9.483e-17
8639.900 9.8334e-17
8641.425 9.7945e-17
8642.950 9.141e-17
8644.475 9.04e-17
8646.000 9.8159e-17
8647.525 9.7609e-17
8649.050 9.9099e-17
8650.575 9.6395e-17
8652.100 9.8208e-17
8653.625 9.6865e-17
8655.150 9.894e-17
8656.675 1.0199e-16
8658.200 9.2827e-17
8659.725 9.1059e-17
8661.250 9.8978e-17
8662.775 1.0027e-16
8664.300 9.4722e-17
8665.825 8.9302e-17
8667.350 9.506e-17
8668.875 9.7478e-17
8670.400 9.0532e-17
8671.925 8.989e-17
8673.450 8.8451e-17
8674.975 8.5572e-17
8676.500 8.6219e-17
8678.025 8.954e-17
8679.550 8.9555e-17
8681.075 9.285e-17
8682.600 8.9384e-17
8684.125 8.3687e-17
8685.650 8.7585e-17
8687.175 9.5626e-17
8688.700 9.845e-17
8690.225 9.4001e-17
8691.750 9.2417e-17
8693.275 9.3783e-17
8694.800 9.2239e-17
8696.325 8.8763e-17
8697.850 9.5658e-17
8699.375 9.7926e-17
8700.900 9.2188e-17
8702.425 9.6361e-17
8703.950 9.4811e-17
8705.475 8.883e-17
8707.000 8.8477e-17
8708.525 9.007e-17
8710.050 9.2816e-17
8711.575 9.3898e-17
8713.100 9.2291e-17
8714.625 8.6787e-17
8716.150 8.1249e-17
8717.675 7.8527e-17
8719.200 7.5481e-17
8720.725 7.0987e-17
8722.250 7.0461e-17
8723.775 7.1937e-17
8725.300 7.5417e-17
8726.825 8.5607e-17
8728.350 8.9755e-17
8729.875 9.2726e-17
8731.400 9.3026e-17
8732.925 8.9457e-17
8734.450 9.2712e-17
8735.975 9.4192e-17
8737.500 9.0704e-17
8739.025 9.5543e-17
8740.550 9.4831e-17
8742.075 9.2763e-17
8743.600 9.2453e-17
8745.125 9.2578e-17
8746.650 9.0729e-17
8748.175 9.2222e-17
8749.700 9.2441e-17
8751.225 9.4406e-17
8752.750 1.0144e-16
8754.275 9.9678e-17
8755.800 1.016e-16
8757.325 1.0512e-16
8758.850 1.0356e-16
8760.375 9.9408e-17
8761.900 9.7028e-17
8763.425 9.7588e-17
8764.950 1.0705e-16
8766.475 1.0515e-16
8768.000 9.8559e-17
8769.525 9.7934e-17
8771.050 8.9416e-17
8772.575 9.2145e-17
8774.100 9.1765e-17
8775.625 9.394e-17
8777.150 9.6468e-17
8778.675 1.0102e-16
8780.200 9.9097e-17
8781.725 9.0144e-17
8783.250 8.7716e-17
8784.775 9.5625e-17
8786.300 1.0084e-16
8787.825 9.8982e-17
8789.350 1.0082e-16
8790.875 1.0094e-16
8792.400 9.7017e-17
8793.925 9.5781e-17
8795.450 9.4011e-17
8796.975 9.6378e-17
8798.500 1.0136e-16
8800.025 1.026e-16
8801.550 1.0116e-16
8803.075 1.0191e-16
8804.600 1.0166e-16
8806.125 1.02e-16
8807.650 1.0341e-16
8809.175 9.9123e-17
8810.700 1.0008e-16
8812.225 1.0564e-16
8813.750 1.0039e-16
8815.275 9.3754e-17
8816.800 9.1481e-17
8818.325 9.4385e-17
8819.850 9.8652e-17
8821.375 9.8901e-17
8822.900 1.0302e-16
8824.425 1.0322e-16
8825.950 9.1952e-17
8827.475 9.9408e-17
8829.000 1.1177e-16
8830.525 9.8172e-17
8832.050 1.067e-16
8833.575 1.1144e-16
8835.100 9.3118e-17
8836.625 9.5515e-17
8838.150 1.0131e-16
8839.675 8.9649e-17
8841.200 9.0379e-17
8842.725 8.8734e-17
8844.250 8.4208e-17
8845.775 9.3607e-17
8847.300 1.0015e-16
8848.825 9.6797e-17
8850.350 9.6534e-17
8851.875 9.8049e-17
8853.400 9.498e-17
8854.925 9.5903e-17
8856.450 9.6889e-17
8857.975 9.4846e-17
8859.500 9.9748e-17
8861.025 1.0715e-16
8862.550 1.1003e-16
8864.075 1.1008e-16
8865.600 1.0454e-16
8867.125 1.0654e-16
8868.650 1.023e-16
8870.175 9.7396e-17
8871.700 9.8899e-17
8873.225 9.6996e-17
8874.750 9.8943e-17
8876.275 1.0118e-16
8877.800 1.0407e-16
8879.325 1.0251e-16
8880.850 9.8855e-17
8882.375 1.1749e-16
8883.900 1.3383e-16
8885.425 1.2503e-16
8886.950 1.122e-16
8888.475 9.8237e-17
8890.000 9.425e-17
8891.525 9.5099e-17
8893.050 9.3811e-17
8894.575 9.9282e-17
8896.100 9.7389e-17
8897.625 9.7121e-17
8899.150 1.0113e-16
8900.675 9.7107e-17
8902.200 9.2751e-17
8903.725 1.0045e-16
8905.250 1.019e-16
8906.775 9.787e-17
8908.300 9.6639e-17
8909.825 9.9801e-17
8911.350 1.0122e-16
8912.875 9.7465e-17
8914.400 9.7912e-17
8915.925 1.0856e-16
8917.450 1.113e-16
8918.975 1.0542e-16
8920.500 1.0392e-16
8922.025 1.0029e-16
8923.550 9.6125e-17
8925.075 9.7536e-17
8926.600 9.6979e-17
8928.125 9.0361e-17
8929.650 9.0025e-17
8931.175 9.4776e-17
8932.700 9.3351e-17
8934.225 9.471e-17
8935.750 9.818e-17
8937.275 9.9227e-17
8938.800 1.0193e-16
8940.325 1.0144e-16
8941.850 1.0069e-16
8943.375 1.0522e-16
8944.900 9.444e-17
8946.425 8.9888e-17
8947.950 9.6086e-17
8949.475 9.6681e-17
8951.000 9.2663e-17
8952.525 9.0072e-17
8954.050 1.014e-16
8955.575 1.0662e-16
8957.100 9.5385e-17
8958.625 8.6761e-17
8960.150 9.1328e-17
8961.675 9.1502e-17
8963.200 9.3613e-17
8964.725 9.7427e-17
8966.250 9.1469e-17
8967.775 8.7845e-17
8969.300 9.2064e-17
8970.825 9.4236e-17
8972.350 9.3966e-17
8973.875 9.3525e-17
8975.400 9.0007e-17
8976.925 9.0404e-17
8978.450 9.3047e-17
8979.975 9.2545e-17
8981.500 9.0186e-17
8983.025 9.1433e-17
8984.550 9.7888e-17
8986.075 9.4218e-17
8987.600 8.9442e-17
8989.125 9.2403e-17
8990.650 8.6034e-17
8992.175 8.2339e-17
8993.700 9.0868e-17
8995.225 9.6375e-17
8996.750 9.4972e-17
8998.275 9.7064e-17
8999.800 9.4705e-17
9001.325 8.5951e-17
9002.850 9.117e-17
9004.375 9.2215e-17
9005.900 9.1638e-17
9007.425 9.0299e-17
9008.950 8.8515e-17
9010.475 8.6034e-17
9012.000 8.5894e-17
9013.525 8.7219e-17
9015.050 8.8481e-17
9016.575 8.6542e-17
9018.100 8.5945e-17
9019.625 8.7682e-17
9021.150 9.3218e-17
9022.675 9.3066e-17
9024.200 8.5294e-17
9025.725 8.3365e-17
9027.250 8.7802e-17
9028.775 8.9034e-17
9030.300 9.1421e-17
9031.825 9.7828e-17
9033.350 9.8212e-17
9034.875 9.4504e-17
9036.400 9.3851e-17
9037.925 9.5106e-17
9039.450 9.1196e-17
9040.975 8.5753e-17
9042.500 8.3677e-17
9044.025 8.4012e-17
9045.550 8.4099e-17
9047.075 8.8545e-17
9048.600 9.31e-17
9050.125 9.2771e-17
9051.650 8.6618e-17
9053.175 8.1205e-17
9054.700 8.1626e-17
9056.225 8.7399e-17
9057.750 9.1671e-17
9059.275 8.7032e-17
9060.800 8.5014e-17
9062.325 8.7548e-17
9063.850 9.1088e-17
9065.375 9.1655e-17
9066.900 9.1063e-17
9068.425 8.7006e-17
9069.950 8.5391e-17
9071.475 8.7618e-17
9073.000 9.0736e-17
9074.525 8.7267e-17
9076.050 8.4884e-17
9077.575 8.5144e-17
9079.100 8.6289e-17
9080.625 8.3617e-17
9082.150 8.2418e-17
9083.675 8.2053e-17
9085.200 8.2836e-17
9086.725 8.4592e-17
9088.250 8.57e-17
9089.775 8.9249e-17
9091.300 8.9084e-17
9092.825 8.7201e-17
9094.350 8.786e-17
9095.875 8.8385e-17
9097.400 9.0991e-17
9098.925 8.5831e-17
9100.450 8.1384e-17
9101.975 8.3389e-17
9103.500 8.4614e-17
9105.025 8.377e-17
9106.550 8.1251e-17
9108.075 8.3169e-17
9109.600 8.5257e-17
9111.125 8.1438e-17
9112.650 8.2854e-17
9114.175 8.8768e-17
9115.700 8.8439e-17
9117.225 8.741e-17
9118.750 9.1286e-17
9120.275 8.9487e-17
9121.800 8.6507e-17
9123.325 8.9628e-17
9124.850 9.0576e-17
9126.375 8.9516e-17
9127.900 8.7388e-17
9129.425 8.3913e-17
9130.950 7.9255e-17
9132.475 7.7909e-17
9134.000 8.1833e-17
9135.525 8.5656e-17
9137.050 8.4855e-17
9138.575 7.9635e-17
9140.100 8.0849e-17
9141.625 8.5627e-17
9143.150 8.2982e-17
9144.675 8.1674e-17
9146.200 8.4368e-17
9147.725 8.1109e-17
9149.250 8.2624e-17
9150.775 8.6376e-17
9152.300 7.8063e-17
9153.825 7.9434e-17
9155.350 8.1986e-17
9156.875 7.6015e-17
9158.400 7.9694e-17
9159.925 8.5432e-17
9161.450 8.3525e-17
9162.975 7.9897e-17
9164.500 8.0761e-17
9166.025 8.3625e-17
9167.550 8.6166e-17
9169.075 8.087e-17
9170.600 7.9836e-17
9172.125 8.5755e-17
9173.650 8.8071e-17
9175.175 8.4729e-17
9176.700 8.2613e-17
9178.225 7.8673e-17
9179.750 8.5332e-17
9181.275 8.4155e-17
9182.800 8.2888e-17
9184.325 8.5417e-17
9185.850 8.2475e-17
9187.375 8.0604e-17
9188.900 8.0611e-17
9190.425 8.4115e-17
9191.950 7.7154e-17
9193.475 7.4446e-17
9195.000 8.0196e-17
9196.525 7.7881e-17
9198.050 7.4955e-17
9199.575 7.6348e-17
9201.100 8.0932e-17
9202.625 8.2149e-17
9204.150 7.8716e-17
9205.675 8.1865e-17
9207.200 8.7848e-17
9208.725 8.3886e-17
9210.250 8.1977e-17
9211.775 8.4566e-17
9213.300 8.6497e-17
9214.825 8.6281e-17
9216.350 8.1473e-17
9217.875 8.0407e-17
9219.400 8.5374e-17
9220.925 9.3934e-17
9222.450 9.3614e-17
9223.975 8.7662e-17
9225.500 8.8982e-17
9227.025 8.8809e-17
9228.550 8.1562e-17
9230.075 8.0769e-17
9231.600 8.5434e-17
9233.125 8.5901e-17
9234.650 8.4843e-17
9236.175 8.4184e-17
9237.700 8.3647e-17
9239.225 8.3301e-17
9240.750 8.7522e-17
9242.275 9.651e-17
9243.800 9.8685e-17
9245.325 9.4919e-17
9246.850 9.3671e-17
9248.375 9.2071e-17
9249.900 8.9068e-17
9251.425 8.5121e-17
9252.950 8.7314e-17
9254.475 9.7832e-17
9256.000 1.2845e-16
9257.525 1.7201e-16
9259.050 1.8733e-16
9260.575 1.6947e-16
9262.100 1.305e-16
9263.625 9.8847e-17
9265.150 9.2483e-17
9266.675 8.9494e-17
9268.200 8.7002e-17
9269.725 9.2281e-17
9271.250 9.3727e-17
9272.775 9.449e-17
9274.300 9.4126e-17
9275.825 8.9709e-17
9277.350 9.1125e-17
9278.875 9.003e-17
9280.400 8.6072e-17
9281.925 9.1465e-17
9283.450 8.802e-17
9284.975 8.8813e-17
9286.500 9.3922e-17
9288.025 9.1059e-17
9289.550 8.391e-17
9291.075 8.9955e-17
9292.600 9.4793e-17
9294.125 9.8361e-17
9295.650 9.4543e-17
9297.175 8.5996e-17
9298.700 8.8403e-17
9300.225 9.0257e-17
9301.750 1.0187e-16
9303.275 1.1387e-16
9304.800 9.5189e-17
9306.325 8.574e-17
9307.850 8.2878e-17
9309.375 8.976e-17
9310.900 9.2656e-17
9312.425 9.4665e-17
9313.950 9.1983e-17
9315.475 8.2608e-17
9317.000 8.5065e-17
9318.525 9.1295e-17
9320.050 8.8764e-17
9321.575 7.6831e-17
9323.100 8.8903e-17
9324.625 9.7169e-17
9326.150 7.902e-17
9327.675 7.4682e-17
9329.200 8.3105e-17
9330.725 8.5178e-17
9332.250 9.1929e-17
9333.775 1.0405e-16
9335.300 9.5311e-17
9336.825 8.2398e-17
9338.350 9.1521e-17
9339.875 9.4738e-17
9341.400 8.5939e-17
9342.925 8.6933e-17
9344.450 8.781e-17
9345.975 9.2454e-17
9347.500 9.4487e-17
9349.025 9.0949e-17
9350.550 8.6965e-17
9352.075 8.8239e-17
9353.600 9.6016e-17
9355.125 9.161e-17
9356.650 8.94e-17
9358.175 8.8994e-17
9359.700 8.104e-17
9361.225 7.7322e-17
9362.750 8.5621e-17
9364.275 9.1002e-17
9365.800 8.462e-17
9367.325 8.6279e-17
9368.850 8.2866e-17
9370.375 9.4233e-17
9371.900 1.0956e-16
9373.425 8.4269e-17
9374.950 8.0494e-17
9376.475 1.0858e-16
9378.000 8.8956e-17
9379.525 7.91e-17
9381.050 7.6786e-17
9382.575 7.8808e-17
9384.100 8.6091e-17
9385.625 8.3398e-17
9387.150 8.1863e-17
9388.675 8.8268e-17
9390.200 9.1037e-17
9391.725 8.3613e-17
9393.250 8.5518e-17
9394.775 8.5995e-17
9396.300 8.9421e-17
9397.825 9.6994e-17
9399.350 1.0265e-16
9400.875 9.3985e-17
9402.400 8.6819e-17
9403.925 8.2659e-17
9405.450 7.8836e-17
9406.975 8.3881e-17
9408.500 8.5612e-17
9410.025 7.9415e-17
9411.550 8.2395e-17
9413.075 8.0981e-17
9414.600 7.7863e-17
9416.125 8.8475e-17
9417.650 9.5565e-17
9419.175 9.8023e-17
9420.700 1.1158e-16
9422.225 1.0447e-16
9423.750 9.1109e-17
9425.275 9.5695e-17
9426.800 1.0934e-16
9428.325 1.0367e-16
9429.850 8.7786e-17
9431.375 8.1435e-17
9432.900 8.5332e-17
9434.425 8.7936e-17
9435.950 1.067e-16
9437.475 1.0256e-16
9439.000 7.153e-17
9440.525 8.3942e-17
9442.050 9.5169e-17
9443.575 8.2675e-17
9445.100 8.3802e-17
9446.625 9.1014e-17
9448.150 9.1681e-17
9449.675 9.3647e-17
9451.200 9.6253e-17
9452.725 9.3043e-17
9454.250 1.1344e-16
9455.775 1.2968e-16
9457.300 1.163e-16
9458.825 1.4005e-16
9460.350 1.301e-16
9461.875 8.1834e-17
9463.400 8.523e-17
9464.925 9.7692e-17
9466.450 9.8439e-17
9467.975 1.029e-16
9469.500 1.1148e-16
9471.025 1.001e-16
9472.550 1.0661e-16
9474.075 1.1004e-16
9475.600 1.041e-16
9477.125 1.1225e-16
9478.650 1.0194e-16
9480.175 8.7025e-17
9481.700 9.1611e-17
9483.225 8.4775e-17
9484.750 8.1698e-17
9486.275 8.7315e-17
9487.800 8.8477e-17
9489.325 8.5341e-17
9490.850 8.8684e-17
9492.375 9.7319e-17
9493.900 9.2401e-17
9495.425 8.9068e-17
9496.950 8.2181e-17
9498.475 8.3028e-17
9500.000 9.0935e-17
9501.525 8.1354e-17
9503.050 1.0021e-16
9504.575 9.4645e-17
9506.100 8.0934e-17
9507.625 8.2532e-17
9509.150 9.1989e-17
9510.675 9.1753e-17
9512.200 8.6883e-17
9513.725 8.7752e-17
9515.250 8.76e-17
9516.775 8.4108e-17
9518.300 8.6029e-17
9519.825 1.0033e-16
9521.350 9.6306e-17
9522.875 7.6163e-17
9524.400 7.9169e-17
9525.925 8.6787e-17
9527.450 9.6758e-17
9528.975 1.0108e-16
9530.500 9.4317e-17
9532.025 8.4585e-17
9533.550 8.2353e-17
9535.075 8.3088e-17
9536.600 8.2276e-17
9538.125 8.12e-17
9539.650 8.2281e-17
9541.175 9.0133e-17
9542.700 9.1568e-17
9544.225 9.6207e-17
9545.750 9.7681e-17
9547.275 8.9085e-17
9548.800 8.8069e-17
9550.325 9.6639e-17
9551.850 1.0356e-16
9553.375 9.3592e-17
9554.900 8.5593e-17
9556.425 9.1131e-17
9557.950 8.839e-17
9559.475 8.4319e-17
9561.000 8.3581e-17
9562.525 8.7075e-17
9564.050 8.4677e-17
9565.575 8.3152e-17
9567.100 9.5918e-17
9568.625 9.4548e-17
9570.150 8.6081e-17
9571.675 8.293e-17
9573.200 8.6289e-17
9574.725 9.5429e-17
9576.250 9.6519e-17
9577.775 8.9862e-17
9579.300 9.2042e-17
9580.825 9.2745e-17
9582.350 8.6997e-17
9583.875 8.068e-17
9585.400 8.5807e-17
9586.925 9.4546e-17
9588.450 9.4529e-17
9589.975 9.7227e-17
9591.500 9.3998e-17
9593.025 9.7449e-17
9594.550 9.9706e-17
9596.075 9.724e-17
9597.600 9.3632e-17
9599.125 8.9011e-17
9600.650 8.3275e-17
9602.175 8.4941e-17
9603.700 9.8563e-17
9605.225 1.0888e-16
9606.750 1.0117e-16
9608.275 9.1205e-17
9609.800 8.1768e-17
9611.325 8.514e-17
9612.850 8.8163e-17
9614.375 9.1952e-17
9615.900 9.4813e-17
9617.425 9.2651e-17
9618.950 9.2314e-17
9620.475 8.9138e-17
9622.000 9.767e-17
9623.525 1.0312e-16
9625.050 1.048e-16
9626.575 9.5578e-17
9628.100 8.2708e-17
9629.625 8.412e-17
9631.150 9.0336e-17
9632.675 8.9648e-17
9634.200 9.2659e-17
9635.725 9.9692e-17
9637.250 9.8763e-17
9638.775 9.3602e-17
9640.300 8.5886e-17
9641.825 8.9324e-17
9643.350 8.8374e-17
9644.875 8.8951e-17
9646.400 9.2488e-17
9647.925 9.2558e-17
9649.450 9.034e-17
9650.975 8.5431e-17
9652.500 8.4048e-17
9654.025 8.9882e-17
9655.550 9.3239e-17
9657.075 8.9897e-17
9658.600 8.7107e-17
9660.125 9.127e-17
9661.650 8.9293e-17
9663.175 8.3027e-17
9664.700 8.4439e-17
9666.225 8.5527e-17
9667.750 8.7202e-17
9669.275 9.7822e-17
9670.800 9.9107e-17
9672.325 9.0226e-17
9673.850 8.5898e-17
9675.375 8.1786e-17
9676.900 8.1491e-17
9678.425 8.6952e-17
9679.950 8.7667e-17
9681.475 8.5645e-17
9683.000 8.9441e-17
9684.525 8.4334e-17
9686.050 8.5162e-17
9687.575 8.2904e-17
9689.100 7.6706e-17
9690.625 7.515e-17
9692.150 7.4245e-17
9693.675 7.2602e-17
9695.200 7.5201e-17
9696.725 8.3712e-17
9698.250 9.3173e-17
9699.775 9.4467e-17
9701.300 8.3056e-17
9702.825 7.4199e-17
9704.350 7.9424e-17
9705.875 7.5966e-17
9707.400 6.7863e-17
9708.925 7.7946e-17
9710.450 8.4709e-17
9711.975 8.5353e-17
9713.500 7.897e-17
9715.025 8.385e-17
9716.550 9.4674e-17
9718.075 8.6927e-17
9719.600 7.635e-17
9721.125 7.6753e-17
9722.650 7.6078e-17
9724.175 8.224e-17
9725.700 9.5166e-17
9727.225 1.4661e-16
9728.750 2.4165e-16
9730.275 3.2112e-16
9731.800 3.2082e-16
9733.325 2.5758e-16
9734.850 1.7202e-16
9736.375 1.0624e-16
9737.900 8.3239e-17
9739.425 7.9795e-17
9740.950 7.474e-17
9742.475 8.4462e-17
9744.000 9.595e-17
9745.525 9.2327e-17
9747.050 8.6548e-17
9748.575 9.0171e-17
9750.100 8.6363e-17
9751.625 7.6932e-17
9753.150 7.7175e-17
9754.675 7.5711e-17
9756.200 6.8649e-17
9757.725 7.604e-17
9759.250 8.3926e-17
9760.775 7.8568e-17
9762.300 8.0415e-17
9763.825 8.9509e-17
9765.350 9.0226e-17
9766.875 8.1145e-17
9768.400 7.5241e-17
9769.925 7.545e-17
9771.450 7.5201e-17
9772.975 8.068e-17
9774.500 8.3372e-17
9776.025 8.1534e-17
9777.550 7.7789e-17
9779.075 7.2157e-17
9780.600 7.111e-17
9782.125 7.1494e-17
9783.650 7.4052e-17
9785.175 7.5123e-17
9786.700 8.5414e-17
9788.225 9.5992e-17
9789.750 9.5508e-17
9791.275 9.359e-17
9792.800 7.8363e-17
9794.325 6.9027e-17
9795.850 7.0121e-17
9797.375 7.677e-17
9798.900 7.86e-17
9800.425 7.7456e-17
9801.950 7.9623e-17
9803.475 8.4417e-17
9805.000 8.2161e-17
9806.525 7.5362e-17
9808.050 6.9375e-17
9809.575 7.0955e-17
9811.100 7.424e-17
9812.625 8.0457e-17
9814.150 8.6708e-17
9815.675 9.0455e-17
9817.200 9.2371e-17
9818.725 8.1515e-17
9820.250 7.9384e-17
9821.775 7.8806e-17
9823.300 8.155e-17
9824.825 9.2254e-17
9826.350 9.4916e-17
9827.875 8.971e-17
9829.400 8.5746e-17
9830.925 8.707e-17
9832.450 8.6619e-17
9833.975 8.1042e-17
9835.500 8.7404e-17
9837.025 8.5731e-17
9838.550 8.0615e-17
9840.075 8.1209e-17
9841.600 8.0287e-17
9843.125 8.2277e-17
9844.650 8.6606e-17
9846.175 9.0144e-17
9847.700 8.5365e-17
9849.225 8.8669e-17
9850.750 8.9769e-17
9852.275 8.794e-17
9853.800 8.7991e-17
9855.325 9.2281e-17
9856.850 9.0005e-17
9858.375 9.2408e-17
9859.900 9.2566e-17
9861.425 9.0288e-17
9862.950 7.9868e-17
9864.475 7.7009e-17
9866.000 7.8879e-17
9867.525 8.1056e-17
9869.050 9.435e-17
9870.575 1.0267e-16
9872.100 1.0371e-16
9873.625 9.7316e-17
9875.150 8.3846e-17
9876.675 7.7661e-17
9878.200 8.3953e-17
9879.725 8.1898e-17
9881.250 7.4969e-17
9882.775 7.3671e-17
9884.300 8.1827e-17
9885.825 9.3446e-17
9887.350 8.994e-17
9888.875 8.3455e-17
9890.400 8.7685e-17
9891.925 1.0024e-16
9893.450 9.7885e-17
9894.975 7.8686e-17
9896.500 7.8696e-17
9898.025 8.7564e-17
9899.550 8.2202e-17
9901.075 7.9641e-17
9902.600 8.4458e-17
9904.125 9.0337e-17
9905.650 9.7783e-17
9907.175 9.013e-17
9908.700 7.1626e-17
9910.225 6.9017e-17
9911.750 8.2413e-17
9913.275 9.5351e-17
9914.800 9.5398e-17
9916.325 8.1876e-17
9917.850 7.3963e-17
9919.375 8.154e-17
9920.900 7.9833e-17
9922.425 8.1556e-17
9923.950 7.9317e-17
9925.475 7.8143e-17
9927.000 8.768e-17
9928.525 8.637e-17
9930.050 8.6061e-17
9931.575 7.3339e-17
9933.100 7.1031e-17
9934.625 7.9524e-17
9936.150 8.7213e-17
9937.675 8.5029e-17
9939.200 1.0035e-16
9940.725 9.2465e-17
9942.250 8.678e-17
9943.775 7.1708e-17
9945.300 6.4317e-17
9946.825 7.2093e-17
9948.350 6.6568e-17
9949.875 6.412e-17
9951.400 6.4427e-17
9952.925 7.2925e-17
9954.450 6.3333e-17
9955.975 7.3389e-17
9957.500 7.8828e-17
9959.025 7.5416e-17
9960.550 7.0733e-17
9962.075 7.2303e-17
9963.600 7.7776e-17
9965.125 7.7053e-17
9966.650 6.7874e-17
9968.175 7.1754e-17
9969.700 7.7221e-17
9971.225 6.8982e-17
9972.750 7.6547e-17
9974.275 7.3541e-17
9975.800 6.8528e-17
9977.325 6.5176e-17
9978.850 6.6852e-17
9980.375 7.1314e-17
9981.900 8.1885e-17
9983.425 7.9073e-17
9984.950 7.1719e-17
9986.475 7.0871e-17
9988.000 7.0466e-17
9989.525 6.6398e-17
9991.050 6.0025e-17
9992.575 5.9067e-17
9994.100 6.4818e-17
9995.625 6.7792e-17
9997.150 7.3107e-17
9998.675 7.7181e-17
10000.200 6.7811e-17
