wavelength,flux
3400.603027,8.82612e-16
3403.59555,7.198771E-16
3406.588072,7.382661E-16
3409.580595,5.692215E-16
3412.573117,6.818834E-16
3415.56564,1.066081E-15
3418.558162,7.594423E-16
3421.550685,4.308764E-16
3424.543207,5.824691E-16
3427.53573,1.051402E-15
3430.528253,1.282165E-15
3433.520775,1.069398E-15
3436.513298,8.730495E-16
3439.50582,6.676564E-16
3442.498343,6.437149E-16
3445.490865,9.216563E-16
3448.483388,9.807739E-16
3451.47591,1.130229E-15
3454.468433,1.211337E-15
3457.460955,9.491552E-16
3460.453478,1.258107E-15
3463.446,1.571155E-15
3466.438523,1.254155E-15
3469.431045,1.078006E-15
3472.423568,1.322663E-15
3475.41609,1.37872e-15
3478.408613,1.127303E-15
3481.401135,1.221447E-15
3484.393658,1.256965E-15
3487.38618,1.256234E-15
3490.378703,1.375837E-15
3493.371225,1.256506E-15
3496.363748,1.245068E-15
3499.35627,1.253896E-15
3502.348793,1.263694E-15
3505.341315,1.023953E-15
3508.333838,1.0041e-15
3511.32636,1.158885E-15
3514.318883,1.105046E-15
3517.311405,9.978949E-16
3520.303928,9.543895E-16
3523.29645,1.065039E-15
3526.288973,1.156517E-15
3529.281496,1.17816e-15
3532.274018,1.115372E-15
3535.266541,1.068352E-15
3538.259063,9.766912E-16
3541.251586,8.515112E-16
3544.244108,8.100359E-16
3547.236631,8.230224E-16
3550.229153,9.901721E-16
3553.221676,9.529132E-16
3556.214198,8.136885E-16
3559.206721,9.387036E-16
3562.199243,9.283729E-16
3565.191766,6.963364E-16
3568.184288,6.873037E-16
3571.176811,8.522853E-16
3574.169333,9.596468E-16
3577.161856,9.950335E-16
3580.154378,1.059777E-15
3583.146901,1.096789E-15
3586.139423,9.586698E-16
3589.131946,8.882235E-16
3592.124468,9.855793E-16
3595.116991,9.913715E-16
3598.109513,8.324172E-16
3601.102036,9.260853E-16
3604.094558,1.085857E-15
3607.087081,1.130396E-15
3610.079603,1.110056E-15
3613.072126,1.153759E-15
3616.064648,1.139539E-15
3619.057171,9.223656E-16
3622.049694,8.44295e-16
3625.042216,8.938004E-16
3628.034739,8.448543E-16
3631.027261,8.037671E-16
3634.019784,9.326304E-16
3637.012306,9.347038E-16
3640.004829,9.732809E-16
3642.997351,1.061603E-15
3645.989874,1.060993E-15
3648.982396,1.001439E-15
3651.974919,9.700403E-16
3654.967441,1.011301E-15
3657.959964,1.002476E-15
3660.952486,9.693946E-16
3663.945009,9.324721E-16
3666.937531,1.014911E-15
3669.930054,1.042416E-15
3672.922576,1.035272E-15
3675.915099,1.070485E-15
3678.907621,1.018069E-15
3681.900144,9.239653E-16
3684.892666,9.120108E-16
3687.885189,1.036397E-15
3690.877711,1.082504E-15
3693.870234,1.076327E-15
3696.862756,1.094777E-15
3699.855279,1.173825E-15
3702.847801,1.210332E-15
3705.840324,1.240453E-15
3708.832846,1.360604E-15
3711.825369,1.388357E-15
3714.817892,1.451223E-15
3717.810414,1.476863E-15
3720.802937,1.420761E-15
3723.795459,1.370007E-15
3726.787982,1.370307E-15
3729.780504,1.524055E-15
3732.773027,1.649714E-15
3735.765549,1.613483E-15
3738.758072,1.546823E-15
3741.750594,1.573477E-15
3744.743117,1.563569E-15
3747.735639,1.432467E-15
3750.728162,1.284375E-15
3753.720684,1.226392E-15
3756.713207,1.198524E-15
3759.705729,1.055678E-15
3762.698252,8.928053E-16
3765.690774,7.630715E-16
3768.683297,6.636902E-16
3771.675819,6.331639E-16
3774.668342,6.229243E-16
3777.660864,6.120508E-16
3780.653387,6.159939E-16
3783.645909,5.849899E-16
3786.638432,4.343748E-16
3789.630954,3.938585E-16
3792.623477,4.012752E-16
3795.615999,3.517564E-16
3798.608522,3.260608E-16
3801.601044,3.76599e-16
3804.593567,3.841975E-16
3807.58609,3.569283E-16
3810.578612,3.195264E-16
3813.571135,3.06575e-16
3816.563657,3.954227E-16
3819.55618,3.91079e-16
3822.548702,3.051376E-16
3825.541225,3.228364E-16
3828.533747,3.970878E-16
3831.52627,3.708505E-16
3834.518792,3.222572E-16
3837.511315,3.266069E-16
3840.503837,4.045334E-16
3843.49636,4.454835E-16
3846.488882,3.611706E-16
3849.481405,3.201418E-16
3852.473927,3.913143E-16
3855.46645,4.593197E-16
3858.458972,5.235532E-16
3861.451495,5.262156E-16
3864.444017,4.479309E-16
3867.43654,4.505834E-16
3870.429062,5.007267E-16
3873.421585,6.226697E-16
3876.414107,6.812296E-16
3879.40663,7.203922E-16
3882.399152,7.610935E-16
3885.391675,8.304503E-16
3888.384197,9.276813E-16
3891.37672,1.030648E-15
3894.369242,1.144085E-15
3897.361765,1.27006e-15
3900.354287,1.401151E-15
3903.34681,1.565763E-15
3906.339333,1.735174E-15
3909.331855,1.938639E-15
3912.324378,2.033076E-15
3915.3169,2.105002E-15
3918.309423,2.22397e-15
3921.301945,2.354261E-15
3924.294468,2.465601E-15
3927.28699,2.557729E-15
3930.279513,2.639943E-15
3933.272035,2.67961e-15
3936.264558,2.781918E-15
3939.25708,2.805173E-15
3942.249603,2.789465E-15
3945.242125,2.773989E-15
3948.234648,2.832355E-15
3951.22717,2.884505E-15
3954.219693,2.910832E-15
3957.212215,2.870071E-15
3960.204738,2.849457E-15
3963.19726,2.88381e-15
3966.189783,2.886374E-15
3969.182305,2.826215E-15
3972.174828,2.836676E-15
3975.16735,2.895469E-15
3978.159873,2.877823E-15
3981.152395,2.861321E-15
3984.144918,2.839713E-15
3987.13744,2.88441e-15
3990.129963,2.945248E-15
3993.122485,2.938906E-15
3996.115008,2.999241E-15
3999.107531,3.087481E-15
4002.100053,3.104113E-15
4005.092576,3.085911E-15
4008.085098,3.120752E-15
4011.077621,3.177773E-15
4014.070143,3.245891E-15
4017.062666,3.267447E-15
4020.055188,3.330495E-15
4023.047711,3.399733E-15
4026.040233,3.418011E-15
4029.032756,3.468025E-15
4032.025278,3.558273E-15
4035.017801,3.655951E-15
4038.010323,3.787348E-15
4041.002846,3.854163E-15
4043.995368,3.876228E-15
4046.987891,3.953524E-15
4049.980413,4.072039E-15
4052.972936,4.098656E-15
4055.965458,4.11735e-15
4058.957981,4.209171E-15
4061.950503,4.177755E-15
4064.943026,4.110307E-15
4067.935548,4.12815e-15
4070.928071,4.039714E-15
4073.920593,4.002322E-15
4076.913116,4.021922E-15
4079.905638,3.946935E-15
4082.898161,3.845627E-15
4085.890683,3.843636E-15
4088.883206,3.785273E-15
4091.875729,3.638828E-15
4094.868251,3.522477E-15
4097.860774,3.461928E-15
4100.853296,3.450323E-15
4103.845819,3.408939E-15
4106.838341,3.284419E-15
4109.830864,3.128921E-15
4112.823386,3.018703E-15
4115.815909,2.971138E-15
4118.808431,3.002839E-15
4121.800954,2.994315E-15
4124.793476,2.938499E-15
4127.785999,2.885441E-15
4130.778521,2.827299E-15
4133.771044,2.771164E-15
4136.763566,2.755019E-15
4139.756089,2.745506E-15
4142.748611,2.715716E-15
4145.741134,2.747514E-15
4148.733656,2.795849E-15
4151.726179,2.77738e-15
4154.718701,2.722818E-15
4157.711224,2.724857E-15
4160.703746,2.746085E-15
4163.696269,2.718718E-15
4166.688791,2.673249E-15
4169.681314,2.646172E-15
4172.673836,2.51669e-15
4175.666359,2.449285E-15
4178.658881,2.485956E-15
4181.651404,2.523625E-15
4184.643927,2.482445E-15
4187.636449,2.443813E-15
4190.628972,2.49001e-15
4193.621494,2.478906E-15
4196.614017,2.501897E-15
4199.606539,2.518636E-15
4202.599062,2.52777e-15
4205.591584,2.55258e-15
4208.584107,2.582634E-15
4211.576629,2.606548E-15
4214.569152,2.653689E-15
4217.561674,2.685978E-15
4220.554197,2.660796E-15
4223.546719,2.637518E-15
4226.539242,2.635505E-15
4229.531764,2.639641E-15
4232.524287,2.646431E-15
4235.516809,2.607994E-15
4238.509332,2.548602E-15
4241.501854,2.475588E-15
4244.494377,2.468718E-15
4247.486899,2.510288E-15
4250.479422,2.443664E-15
4253.471944,2.388642E-15
4256.464467,2.431245E-15
4259.456989,2.451247E-15
4262.449512,2.47047e-15
4265.442034,2.481966E-15
4268.434557,2.547954E-15
4271.427079,2.650697E-15
4274.419602,2.651787E-15
4277.412124,2.587772E-15
4280.404647,2.584733E-15
4283.39717,2.65666e-15
4286.389692,2.690309E-15
4289.382215,2.716072E-15
4292.374737,2.712368E-15
4295.36726,2.76006e-15
4298.359782,2.790858E-15
4301.352305,2.778128E-15
4304.344827,2.784179E-15
4307.33735,2.795495E-15
4310.329872,2.799728E-15
4313.322395,2.760214E-15
4316.314917,2.762351E-15
4319.30744,2.781856E-15
4322.299962,2.789063E-15
4325.292485,2.692549E-15
4328.285007,2.611522E-15
4331.27753,2.619187E-15
4334.270052,2.635887E-15
4337.262575,2.58065e-15
4340.255097,2.533324E-15
4343.24762,2.533109E-15
4346.240142,2.522691E-15
4349.232665,2.544173E-15
4352.225187,2.570656E-15
4355.21771,2.552006E-15
4358.210232,2.540668E-15
4361.202755,2.5234e-15
4364.195277,2.450873E-15
4367.1878,2.386883E-15
4370.180322,2.328325E-15
4373.172845,2.234123E-15
4376.165368,2.158034E-15
4379.15789,2.149392E-15
4382.150413,2.132743E-15
4385.142935,2.084392E-15
4388.135458,2.028241E-15
4391.12798,1.990034E-15
4394.120503,1.990779E-15
4397.113025,2.005534E-15
4400.105548,2.019362E-15
4403.09807,2.048343E-15
4406.090593,2.057499E-15
4409.083115,2.059471E-15
4412.075638,2.104123E-15
4415.06816,2.135172E-15
4418.060683,2.147016E-15
4421.053205,2.1802e-15
4424.045728,2.231721E-15
4427.03825,2.293963E-15
4430.030773,2.338181E-15
4433.023295,2.371632E-15
4436.015818,2.402853E-15
4439.00834,2.421133E-15
4442.000863,2.418947E-15
4444.993385,2.466405E-15
4447.985908,2.504701E-15
4450.97843,2.492829E-15
4453.970953,2.524501E-15
4456.963475,2.582977E-15
4459.955998,2.597579E-15
4462.94852,2.644654E-15
4465.941043,2.654678E-15
4468.933566,2.619323E-15
4471.926088,2.653928E-15
4474.918611,2.70357e-15
4477.911133,2.727722E-15
4480.903656,2.728433E-15
4483.896178,2.757672E-15
4486.888701,2.802091E-15
4489.881223,2.841463E-15
4492.873746,2.88685e-15
4495.866268,2.89661e-15
4498.858791,2.908948E-15
4501.851313,2.864061E-15
4504.843836,2.925589E-15
4507.836358,3.058799E-15
4510.828881,3.135635E-15
4513.821403,3.189961E-15
4516.813926,3.209467E-15
4519.806448,3.2581e-15
4522.798971,3.366709E-15
4525.791493,3.48508e-15
4528.784016,3.6019e-15
4531.776538,3.701066E-15
4534.769061,3.802804E-15
4537.761583,3.955052E-15
4540.754106,4.071665E-15
4543.746628,4.163369E-15
4546.739151,4.305248E-15
4549.731673,4.45677e-15
4552.724196,4.580119E-15
4555.716718,4.672203E-15
4558.709241,4.789498E-15
4561.701764,4.927369E-15
4564.694286,5.060472E-15
4567.686809,5.187907E-15
4570.679331,5.276017E-15
4573.671854,5.341627E-15
4576.664376,5.388456E-15
4579.656899,5.531943E-15
4582.649421,5.625585E-15
4585.641944,5.685255E-15
4588.634466,5.738661E-15
4591.626989,5.727351E-15
4594.619511,5.721305E-15
4597.612034,5.669965E-15
4600.604556,5.674698E-15
4603.597079,5.822863E-15
4606.589601,5.913552E-15
4609.582124,5.850577E-15
4612.574646,5.849529E-15
4615.567169,5.897484E-15
4618.559691,5.970718E-15
4621.552214,5.991095E-15
4624.544736,5.924311E-15
4627.537259,5.908014E-15
4630.529781,5.944091E-15
4633.522304,5.991935E-15
4636.514826,6.060267E-15
4639.507349,6.108967E-15
4642.499871,6.136507E-15
4645.492394,6.123262E-15
4648.484916,6.06733e-15
4651.477439,6.042581E-15
4654.469962,6.048689E-15
4657.462484,6.052608E-15
4660.455007,6.020909E-15
4663.447529,6.018685E-15
4666.440052,5.967268E-15
4669.432574,5.892422E-15
4672.425097,5.80953e-15
4675.417619,5.665346E-15
4678.410142,5.5539e-15
4681.402664,5.497209E-15
4684.395187,5.360063E-15
4687.387709,5.296247E-15
4690.380232,5.235003E-15
4693.372754,5.184261E-15
4696.365277,5.2915e-15
4699.357799,5.406015E-15
4702.350322,5.476494E-15
4705.342844,5.607081E-15
4708.335367,5.794563E-15
4711.327889,5.925267E-15
4714.320412,6.034143E-15
4717.312934,6.136904E-15
4720.305457,6.24774e-15
4723.297979,6.361728E-15
4726.290502,6.413462E-15
4729.283024,6.474279E-15
4732.275547,6.554012E-15
4735.268069,6.562909E-15
4738.260592,6.542109E-15
4741.253114,6.53942e-15
4744.245637,6.487244E-15
4747.238159,6.369334E-15
4750.230682,6.318519E-15
4753.223205,6.297139E-15
4756.215727,6.237427E-15
4759.20825,6.177476E-15
4762.200772,6.13117e-15
4765.193295,6.076774E-15
4768.185817,6.052e-15
4771.17834,6.066998E-15
4774.170862,6.093839E-15
4777.163385,6.111626E-15
4780.155907,6.075686E-15
4783.14843,6.032216E-15
4786.140952,6.003067E-15
4789.133475,5.943793E-15
4792.125997,5.865165E-15
4795.11852,5.86963e-15
4798.111042,5.849131E-15
4801.103565,5.810712E-15
4804.096087,5.786431E-15
4807.08861,5.738572E-15
4810.081132,5.656242E-15
4813.073655,5.541215E-15
4816.066177,5.372329E-15
4819.0587,5.26006e-15
4822.051222,5.14241e-15
4825.043745,5.047043E-15
4828.036267,4.977117E-15
4831.02879,4.866858E-15
4834.021312,4.71075e-15
4837.013835,4.648022E-15
4840.006357,4.623628E-15
4842.99888,4.535941E-15
4845.991403,4.420332E-15
4848.983925,4.324037E-15
4851.976448,4.229319E-15
4854.96897,4.148781E-15
4857.961493,4.048665E-15
4860.954015,3.958465E-15
4863.946538,3.853105E-15
4866.93906,3.746398E-15
4869.931583,3.650869E-15
4872.924105,3.65224e-15
4875.916628,3.613998E-15
4878.90915,3.489355E-15
4881.901673,3.370327E-15
4884.894195,3.275519E-15
4887.886718,3.222915E-15
4890.87924,3.184855E-15
4893.871763,3.099742E-15
4896.864285,3.082797E-15
4899.856808,3.102346E-15
4902.84933,3.129708E-15
4905.841853,3.185469E-15
4908.834375,3.272859E-15
4911.826898,3.379592E-15
4914.81942,3.505993E-15
4917.811943,3.635789E-15
4920.804465,3.774296E-15
4923.796988,3.896787E-15
4926.78951,4.045118E-15
4929.782033,4.169091E-15
4932.774555,4.268437E-15
4935.767078,4.346772E-15
4938.759601,4.369626E-15
4941.752123,4.429383E-15
4944.744646,4.577517E-15
4947.737168,4.722155E-15
4950.729691,4.814388E-15
4953.722213,4.905742E-15
4956.714736,5.057341E-15
4959.707258,5.203765E-15
4962.699781,5.336942E-15
4965.692303,5.478441E-15
4968.684826,5.663717E-15
4971.677348,5.81409e-15
4974.669871,5.931947E-15
4977.662393,6.090697E-15
4980.654916,6.318679E-15
4983.647438,6.549462E-15
4986.639961,6.730498E-15
4989.632483,6.877703E-15
4992.625006,7.10704e-15
4995.617528,7.330531E-15
4998.610051,7.594248E-15
5001.602573,7.900084E-15
5004.595096,8.123435E-15
5007.587618,8.22549e-15
5010.580141,8.312709E-15
5013.572663,8.336386E-15
5016.565186,8.347101E-15
5019.557708,8.312051E-15
5022.550231,8.28693e-15
5025.542753,8.277015E-15
5028.535276,8.211985E-15
5031.527799,8.063068E-15
5034.520321,7.921472E-15
5037.512844,7.82406e-15
5040.505366,7.704192E-15
5043.497889,7.524256E-15
5046.490411,7.33959e-15
5049.482934,7.130449E-15
5052.475456,6.864022E-15
5055.467979,6.563882E-15
5058.460501,6.351122E-15
5061.453024,6.12305e-15
5064.445546,5.854941E-15
5067.438069,5.590393E-15
5070.430591,5.312686E-15
5073.423114,5.117177E-15
5076.415636,4.966923E-15
5079.408159,4.751529E-15
5082.400681,4.592859E-15
5085.393204,4.451987E-15
5088.385726,4.346531E-15
5091.378249,4.272973E-15
5094.370771,4.231169E-15
5097.363294,4.218148E-15
5100.355816,4.215109E-15
5103.348339,4.194804E-15
5106.340861,4.233744E-15
5109.333384,4.292549E-15
5112.325906,4.34328e-15
5115.318429,4.398766E-15
5118.310951,4.471932E-15
5121.303474,4.545297E-15
5124.295996,4.631578E-15
5127.288519,4.703015E-15
5130.281042,4.827228E-15
5133.273564,4.927605E-15
5136.266087,4.995567E-15
5139.258609,5.074597E-15
5142.251132,5.149008E-15
5145.243654,5.232841E-15
5148.236177,5.329932E-15
5151.228699,5.372121E-15
5154.221222,5.449105E-15
5157.213744,5.553206E-15
5160.206267,5.629694E-15
5163.198789,5.674147E-15
5166.191312,5.735803E-15
5169.183834,5.794424E-15
5172.176357,5.849882E-15
5175.168879,5.925324E-15
5178.161402,5.955149E-15
5181.153924,5.924382E-15
5184.146447,5.933581E-15
5187.138969,5.932035E-15
5190.131492,5.900513E-15
5193.124014,5.940918E-15
5196.116537,5.983061E-15
5199.109059,5.927018E-15
5202.101582,5.86524e-15
5205.094104,5.814582E-15
5208.086627,5.793706E-15
5211.079149,5.79341e-15
5214.071672,5.784385E-15
5217.064194,5.789389E-15
5220.056717,5.767104E-15
5223.04924,5.735634E-15
5226.041762,5.740967E-15
5229.034285,5.727744E-15
5232.026807,5.678559E-15
5235.01933,5.689775E-15
5238.011852,5.724036E-15
5241.004375,5.709728E-15
5243.996897,5.663836E-15
5246.98942,5.666293E-15
5249.981942,5.744755E-15
5252.974465,5.776453E-15
5255.966987,5.846013E-15
5258.95951,5.921186E-15
5261.952032,5.875334E-15
5264.944555,5.914527E-15
5267.937077,5.977016E-15
5270.9296,6.01007e-15
5273.922122,6.076501E-15
5276.914645,6.16814e-15
5279.907167,6.231864E-15
5282.89969,6.265524E-15
5285.892212,6.338202E-15
5288.884735,6.429464E-15
5291.877257,6.493834E-15
5294.86978,6.575141E-15
5297.862302,6.691691E-15
5300.854825,6.755983E-15
5303.847347,6.839149E-15
5306.83987,6.905139E-15
5309.832392,6.962642E-15
5312.824915,7.051065E-15
5315.817438,7.139446E-15
5318.80996,7.213668E-15
5321.802483,7.303376E-15
5324.795005,7.433263E-15
5327.787528,7.502978E-15
5330.78005,7.563941E-15
5333.772573,7.627384E-15
5336.765095,7.723815E-15
5339.757618,7.775319E-15
5342.75014,7.76865e-15
5345.742663,7.791118E-15
5348.735185,7.872053E-15
5351.727708,7.939291E-15
5354.72023,7.93058e-15
5357.712753,7.923228E-15
5360.705275,7.979396E-15
5363.697798,8.058214E-15
5366.69032,8.13288e-15
5369.682843,8.183797E-15
5372.675365,8.208224E-15
5375.667888,8.229897E-15
5378.66041,8.235685E-15
5381.652933,8.24568e-15
5384.645455,8.299539E-15
5387.637978,8.376012E-15
5390.6305,8.43278e-15
5393.623023,8.439724E-15
5396.615545,8.4658e-15
5399.608068,8.591431E-15
5402.60059,8.69354e-15
5405.593113,8.741293E-15
5408.585636,8.790394E-15
5411.578158,8.89348e-15
5414.570681,8.975787E-15
5417.563203,9.034915E-15
5420.555726,9.128153E-15
5423.548248,9.144089E-15
5426.540771,9.101467E-15
5429.533293,9.079758E-15
5432.525816,9.078497E-15
5435.518338,9.050039E-15
5438.510861,9.097669E-15
5441.503383,9.185863E-15
5444.495906,9.113279E-15
5447.488428,8.969179E-15
5450.480951,8.892342E-15
5453.473473,8.810819E-15
5456.465996,8.717147E-15
5459.458518,8.679005E-15
5462.451041,8.652011E-15
5465.443563,8.574298E-15
5468.436086,8.437358E-15
5471.428608,8.332709E-15
5474.421131,8.359714E-15
5477.413653,8.413343E-15
5480.406176,8.402643E-15
5483.398698,8.397544E-15
5486.391221,8.499745E-15
5489.383743,8.632539E-15
5492.376266,8.706618E-15
5495.368788,8.883525E-15
5498.361311,9.118249E-15
5501.353833,9.376038E-15
5504.346356,9.633277E-15
5507.338879,9.87993e-15
5510.331401,1.012971E-14
5513.323924,1.034884E-14
5516.316446,1.050409E-14
5519.308969,1.069108E-14
5522.301491,1.096742E-14
5525.294014,1.121215E-14
5528.286536,1.135684E-14
5531.279059,1.149006E-14
5534.271581,1.163076E-14
5537.264104,1.169932E-14
5540.256626,1.17124e-14
5543.249149,1.172025E-14
5546.241671,1.169982E-14
5549.234194,1.161498E-14
5552.226716,1.154158E-14
5555.219239,1.149809E-14
5558.211761,1.143102E-14
5561.204284,1.133548E-14
5564.196806,1.116771E-14
5567.189329,1.093247E-14
5570.181851,1.071199E-14
5573.174374,1.053354E-14
5576.166896,1.042578E-14
5579.159419,1.022166E-14
5582.151941,9.878165E-15
5585.144464,9.634189E-15
5588.136986,9.418508E-15
5591.129509,9.143178E-15
5594.122031,8.915686E-15
5597.114554,8.660818E-15
5600.107077,8.404273E-15
5603.099599,8.189538E-15
5606.092122,7.978056E-15
5609.084644,7.817686E-15
5612.077167,7.661262E-15
5615.069689,7.540986E-15
5618.062212,7.49029e-15
5621.054734,7.446359E-15
5624.047257,7.433351E-15
5627.039779,7.455379E-15
5630.032302,7.4535e-15
5633.024824,7.427105E-15
5636.017347,7.460427E-15
5639.009869,7.522896E-15
5642.002392,7.544199E-15
5644.994914,7.552072E-15
5647.987437,7.549887E-15
5650.979959,7.546632E-15
5653.972482,7.512238E-15
5656.965004,7.458606E-15
5659.957527,7.365547E-15
5662.950049,7.158452E-15
5665.942572,6.878078E-15
5668.935094,6.567877E-15
5671.927617,6.217352E-15
5674.920139,5.85554e-15
5677.912662,5.483439E-15
5680.905184,5.079014E-15
5683.897707,4.681015E-15
5686.890229,4.311748E-15
5689.882752,3.957069E-15
5692.875275,3.616507E-15
5695.867797,3.330976E-15
5698.86032,3.082572E-15
5701.852842,2.855783E-15
5704.845365,2.695245E-15
5707.837887,2.579506E-15
5710.83041,2.443005E-15
5713.822932,2.303126E-15
5716.815455,2.238167E-15
5719.807977,2.222213E-15
5722.8005,2.184394E-15
5725.793022,2.14705e-15
5728.785545,2.135195E-15
5731.778067,2.129537E-15
5734.77059,2.138383E-15
5737.763112,2.175187E-15
5740.755635,2.218101E-15
5743.748157,2.265026E-15
5746.74068,2.341602E-15
5749.733202,2.42093e-15
5752.725725,2.486213E-15
5755.718247,2.563661E-15
5758.71077,2.660859E-15
5761.703292,2.748461E-15
5764.695815,2.84673e-15
5767.688337,2.976627E-15
5770.68086,3.127128E-15
5773.673382,3.260073E-15
5776.665905,3.396881E-15
5779.658427,3.550085E-15
5782.65095,3.713743E-15
5785.643473,3.873793E-15
5788.635995,4.053203E-15
5791.628518,4.243851E-15
5794.62104,4.430755E-15
5797.613563,4.623982E-15
5800.606085,4.829343E-15
5803.598608,5.030926E-15
5806.59113,5.246228E-15
5809.583653,5.463815E-15
5812.576175,5.679222E-15
5815.568698,5.923102E-15
5818.56122,6.179405E-15
5821.553743,6.446758E-15
5824.546265,6.700271E-15
5827.538788,6.960665E-15
5830.53131,7.204353E-15
5833.523833,7.43139e-15
5836.516355,7.705979E-15
5839.508878,7.987006E-15
5842.5014,8.292702E-15
5845.493923,8.600489E-15
5848.486445,8.928096E-15
5851.478968,9.327683E-15
5854.47149,9.781196E-15
5857.464013,1.020759E-14
5860.456535,1.067085E-14
5863.449058,1.11952e-14
5866.44158,1.170319E-14
5869.434103,1.218323E-14
5872.426625,1.261629E-14
5875.419148,1.303758E-14
5878.411671,1.352606E-14
5881.404193,1.395651E-14
5884.396716,1.427218E-14
5887.389238,1.456735E-14
5890.381761,1.483032E-14
5893.374283,1.502578E-14
5896.366806,1.528873E-14
5899.359328,1.564834E-14
5902.351851,1.589461E-14
5905.344373,1.606559E-14
5908.336896,1.626006E-14
5911.329418,1.638085E-14
5914.321941,1.634311E-14
5917.314463,1.634164E-14
5920.306986,1.628319E-14
5923.299508,1.615064E-14
5926.292031,1.598697E-14
5929.284553,1.587432E-14
5932.277076,1.574451E-14
5935.269598,1.554502E-14
5938.262121,1.528662E-14
5941.254643,1.506511E-14
5944.247166,1.488903E-14
5947.239688,1.472773E-14
5950.232211,1.451698E-14
5953.224733,1.42357e-14
5956.217256,1.401294E-14
5959.209778,1.390311E-14
5962.202301,1.378429E-14
5965.194823,1.36371e-14
5968.187346,1.346033E-14
5971.179868,1.339975E-14
5974.172391,1.329917E-14
5977.164914,1.314107E-14
5980.157436,1.302055E-14
5983.149959,1.291618E-14
5986.142481,1.270845E-14
5989.135004,1.253748E-14
5992.127526,1.239222E-14
5995.120049,1.225941E-14
5998.112571,1.216654E-14
6001.105094,1.208094E-14
6004.097616,1.197881E-14
6007.090139,1.186096E-14
6010.082661,1.177912E-14
6013.075184,1.166364E-14
6016.067706,1.157628E-14
6019.060229,1.14706e-14
6022.052751,1.132354E-14
6025.045274,1.108938E-14
6028.037796,1.094026E-14
6031.030319,1.084119E-14
6034.022841,1.068553E-14
6037.015364,1.057277E-14
6040.007886,1.047222E-14
6043.000409,1.035124E-14
6045.992931,1.028617E-14
6048.985454,1.020729E-14
6051.977976,1.003346E-14
6054.970499,9.874261E-15
6057.963021,9.7808e-15
6060.955544,9.733965E-15
6063.948066,9.651719E-15
6066.940589,9.530827E-15
6069.933112,9.434751E-15
6072.925634,9.363809E-15
6075.918157,9.276579E-15
6078.910679,9.161879E-15
6081.903202,9.053731E-15
6084.895724,8.99996e-15
6087.888247,8.922343E-15
6090.880769,8.833962E-15
6093.873292,8.795885E-15
6096.865814,8.726494E-15
6099.858337,8.668996E-15
6102.850859,8.700019E-15
6105.843382,8.700911E-15
6108.835904,8.673736E-15
6111.828427,8.690359E-15
6114.820949,8.671107E-15
6117.813472,8.681646E-15
6120.805994,8.72501e-15
6123.798517,8.748356E-15
6126.791039,8.780497E-15
6129.783562,8.841212E-15
6132.776084,8.899265E-15
6135.768607,9.024788E-15
6138.761129,9.102746E-15
6141.753652,9.131816E-15
6144.746174,9.182955E-15
6147.738697,9.202386E-15
6150.731219,9.177678E-15
6153.723742,9.18018e-15
6156.716264,9.18755e-15
6159.708787,9.197629E-15
6162.70131,9.165192E-15
6165.693832,9.057037E-15
6168.686355,8.945074E-15
6171.678877,8.885684E-15
6174.6714,8.876287E-15
6177.663922,8.837223E-15
6180.656445,8.75089e-15
6183.648967,8.708516E-15
6186.64149,8.624039E-15
6189.634012,8.462446E-15
6192.626535,8.348819E-15
6195.619057,8.24741e-15
6198.61158,8.115693E-15
6201.604102,8.056806E-15
6204.596625,8.033406E-15
6207.589147,8.012752E-15
6210.58167,8.008502E-15
6213.574192,7.990216E-15
6216.566715,7.98148e-15
6219.559237,8.012802E-15
6222.55176,8.037799E-15
6225.544282,8.040217E-15
6228.536805,8.061692E-15
6231.529327,8.059863E-15
6234.52185,8.023863E-15
6237.514372,8.032525E-15
6240.506895,8.088634E-15
6243.499417,8.143993E-15
6246.49194,8.164102E-15
6249.484462,8.20693e-15
6252.476985,8.264839E-15
6255.469508,8.268642E-15
6258.46203,8.271163E-15
6261.454553,8.315841E-15
6264.447075,8.361522E-15
6267.439598,8.285095E-15
6270.43212,8.093667E-15
6273.424643,7.922743E-15
6276.417165,7.738906E-15
6279.409688,7.513001E-15
6282.40221,7.265405E-15
6285.394733,7.022725E-15
6288.387255,6.768451E-15
6291.379778,6.467433E-15
6294.3723,6.182476E-15
6297.364823,5.924812E-15
6300.357345,5.619704E-15
6303.349868,5.272476E-15
6306.34239,4.937673E-15
6309.334913,4.592064E-15
6312.327435,4.225989E-15
6315.319958,3.897162E-15
6318.31248,3.643768E-15
6321.305003,3.433326E-15
6324.297525,3.310599E-15
6327.290048,3.283644E-15
6330.28257,3.303664E-15
6333.275093,3.393469E-15
6336.267615,3.578402E-15
6339.260138,3.828716E-15
6342.25266,4.122083E-15
6345.245183,4.479073E-15
6348.237705,4.879551E-15
6351.230228,5.270165E-15
6354.222751,5.643931E-15
6357.215273,5.996455E-15
6360.207796,6.375481E-15
6363.200318,6.750688E-15
6366.192841,6.971985E-15
6369.185363,7.11968e-15
6372.177886,7.290311E-15
6375.170408,7.404502E-15
6378.162931,7.48025e-15
6381.155453,7.599474E-15
6384.147976,7.719147E-15
6387.140498,7.872942E-15
6390.133021,8.01612e-15
6393.125543,8.089562E-15
6396.118066,8.148041E-15
6399.110588,8.256103E-15
6402.103111,8.367278E-15
6405.095633,8.455043E-15
6408.088156,8.522122E-15
6411.080678,8.574867E-15
6414.073201,8.639697E-15
6417.065723,8.685356E-15
6420.058246,8.771987E-15
6423.050768,8.887431E-15
6426.043291,9.001207E-15
6429.035813,9.135694E-15
6432.028336,9.183875E-15
6435.020858,9.176948E-15
6438.013381,9.24645e-15
6441.005903,9.332187E-15
6443.998426,9.403936E-15
6446.990949,9.471768E-15
6449.983471,9.614888E-15
6452.975994,9.722511E-15
6455.968516,9.744386E-15
6458.961039,9.794358E-15
6461.953561,9.796984E-15
6464.946084,9.758894E-15
6467.938606,9.798595E-15
6470.931129,9.842658E-15
6473.923651,9.884839E-15
6476.916174,9.937683E-15
6479.908696,9.945198E-15
6482.901219,9.930698E-15
6485.893741,9.934963E-15
6488.886264,9.904776E-15
6491.878786,9.832962E-15
6494.871309,9.747907E-15
6497.863831,9.692302E-15
6500.856354,9.616926E-15
6503.848876,9.463234E-15
6506.841399,9.351713E-15
6509.833921,9.157605E-15
6512.826444,8.961409E-15
6515.818966,8.857036E-15
6518.811489,8.707627E-15
6521.804011,8.522139E-15
6524.796534,8.395069E-15
6527.789056,8.297374E-15
6530.781579,8.143664E-15
6533.774101,7.931439E-15
6536.766624,7.742881E-15
6539.759147,7.600344E-15
6542.751669,7.432431E-15
6545.744192,7.378284E-15
6548.736714,7.317751E-15
6551.729237,7.267627E-15
6554.721759,7.311172E-15
6557.714282,7.278024E-15
6560.706804,7.28884e-15
6563.699327,7.368609E-15
6566.691849,7.479458E-15
6569.684372,7.593584E-15
6572.676894,7.686871E-15
6575.669417,7.823689E-15
6578.661939,7.987077E-15
6581.654462,8.142951E-15
6584.646984,8.304674E-15
6587.639507,8.486355E-15
6590.632029,8.698329E-15
6593.624552,8.926735E-15
6596.617074,9.16086e-15
6599.609597,9.392517E-15
6602.602119,9.606487E-15
6605.594642,9.755429E-15
6608.587164,9.945779E-15
6611.579687,1.002276E-14
6614.572209,1.010176E-14
6617.564732,1.032246E-14
6620.557254,1.04926e-14
6623.549777,1.050805E-14
6626.542299,1.055345E-14
6629.534822,1.069451E-14
6632.527345,1.078079E-14
6635.519867,1.082356E-14
6638.51239,1.084906E-14
6641.504912,1.08548e-14
6644.497435,1.091942E-14
6647.489957,1.109814E-14
6650.48248,1.134682E-14
6653.475002,1.158983E-14
6656.467525,1.182815E-14
6659.460047,1.201656E-14
6662.45257,1.208859E-14
6665.445092,1.220445E-14
6668.437615,1.237226E-14
6671.430137,1.254229E-14
6674.42266,1.266659E-14
6677.415182,1.277361E-14
6680.407705,1.287878E-14
6683.400227,1.295651E-14
6686.39275,1.291307E-14
6689.385272,1.29417e-14
6692.377795,1.301036E-14
6695.370317,1.308082E-14
6698.36284,1.318641E-14
6701.355362,1.321559E-14
6704.347885,1.317652E-14
6707.340407,1.316124E-14
6710.33293,1.313308E-14
6713.325452,1.301826E-14
6716.317975,1.280076E-14
6719.310497,1.259207E-14
6722.30302,1.251291E-14
6725.295542,1.244826E-14
6728.288065,1.234659E-14
6731.280588,1.221727E-14
6734.27311,1.217424E-14
6737.265633,1.200107E-14
6740.258155,1.184945E-14
6743.250678,1.166528E-14
6746.2432,1.14376e-14
6749.235723,1.127541E-14
6752.228245,1.115625E-14
6755.220768,1.100813E-14
6758.21329,1.08725e-14
6761.205813,1.078075E-14
6764.198335,1.063666E-14
6767.190858,1.045569E-14
6770.18338,1.037368E-14
6773.175903,1.028876E-14
6776.168425,1.010172E-14
6779.160948,9.960852E-15
6782.15347,9.947511E-15
6785.145993,9.900822E-15
6788.138515,9.882176E-15
6791.131038,9.861451E-15
6794.12356,9.691217E-15
6797.116083,9.531398E-15
6800.108605,9.493986E-15
6803.101128,9.527804E-15
6806.09365,9.573675E-15
6809.086173,9.575223E-15
6812.078695,9.548638E-15
6815.071218,9.506862E-15
6818.06374,9.436178E-15
6821.056263,9.378948E-15
6824.048786,9.360922E-15
6827.041308,9.340953E-15
6830.033831,9.334034E-15
6833.026353,9.323972E-15
6836.018876,9.237429E-15
6839.011398,9.116774E-15
6842.003921,8.995384E-15
6844.996443,8.924659E-15
6847.988966,8.798622E-15
6850.981488,8.634212E-15
6853.974011,8.638521E-15
6856.966533,8.614311E-15
6859.959056,8.356968E-15
6862.951578,7.967049E-15
6865.944101,7.735927E-15
6868.936623,7.710132E-15
6871.929146,7.563045E-15
6874.921668,7.367685E-15
6877.914191,7.180892E-15
6880.906713,6.919602E-15
6883.899236,6.708983E-15
6886.891758,6.519053E-15
6889.884281,6.325867E-15
6892.876803,6.248732E-15
6895.869326,6.115704E-15
6898.861848,5.886181E-15
6901.854371,5.730072E-15
6904.846893,5.605721E-15
6907.839416,5.428466E-15
6910.831938,5.301053E-15
6913.824461,5.26026e-15
6916.816984,5.203022E-15
6919.809506,5.083528E-15
6922.802029,4.978656E-15
6925.794551,4.971713E-15
6928.787074,4.955083E-15
6931.779596,4.941136E-15
6934.772119,5.035286E-15
6937.764641,5.136216E-15
6940.757164,5.205475E-15
6943.749686,5.296778E-15
6946.742209,5.32474e-15
6949.734731,5.361794E-15
6952.727254,5.507473E-15
6955.719776,5.611884E-15
6958.712299,5.765011E-15
6961.704821,5.984988E-15
6964.697344,6.088369E-15
6967.689866,6.268644E-15
6970.682389,6.365558E-15
6973.674911,6.495474E-15
6976.667434,6.684869E-15
6979.659956,6.99128e-15
6982.652479,7.273788E-15
6985.645001,7.528314E-15
6988.637524,7.779466E-15
6991.630046,7.975184E-15
6994.622569,8.209959E-15
6997.615091,8.501422E-15
7000.607614,8.75281e-15
7003.600136,9.02822e-15
7006.592659,9.295772E-15
7009.585182,9.487455E-15
7012.577704,9.681865E-15
7015.570227,9.879851E-15
7018.562749,1.007295E-14
7021.555272,1.023848E-14
7024.547794,1.046413E-14
7027.540317,1.070707E-14
7030.532839,1.110084E-14
7033.525362,1.163429E-14
7036.517884,1.206017E-14
7039.510407,1.243135E-14
7042.502929,1.28199e-14
7045.495452,1.311459E-14
7048.487974,1.327619E-14
7051.480497,1.343574E-14
7054.473019,1.353903E-14
7057.465542,1.354637E-14
7060.458064,1.361764E-14
7063.450587,1.376806E-14
7066.443109,1.385888E-14
7069.435632,1.38815e-14
7072.428154,1.39458e-14
7075.420677,1.402935E-14
7078.413199,1.394192E-14
7081.405722,1.373047E-14
7084.398244,1.362108E-14
7087.390767,1.357174E-14
7090.383289,1.351639E-14
7093.375812,1.353288E-14
7096.368334,1.357985E-14
7099.360857,1.354987E-14
7102.35338,1.341119E-14
7105.345902,1.320114E-14
7108.338425,1.293808E-14
7111.330947,1.257728E-14
7114.32347,1.22311e-14
7117.315992,1.199954E-14
7120.308515,1.185265E-14
7123.301037,1.174484E-14
7126.29356,1.167063E-14
7129.286082,1.162897E-14
7132.278605,1.148267E-14
7135.271127,1.116807E-14
7138.26365,1.090009E-14
7141.256172,1.072942E-14
7144.248695,1.060673E-14
7147.241217,1.049618E-14
7150.23374,1.028528E-14
7153.226262,1.012622E-14
7156.218785,1.003364E-14
7159.211307,9.993007E-15
7162.20383,9.865815E-15
7165.196352,9.812546E-15
7168.188875,9.926146E-15
7171.181397,1.007892E-14
7174.17392,1.020262E-14
7177.166442,1.015334E-14
7180.158965,1.002906E-14
7183.151487,1.004618E-14
7186.14401,1.005109E-14
7189.136532,1.000213E-14
7192.129055,1.003295E-14
7195.121577,9.988349E-15
7198.1141,9.895573E-15
7201.106623,9.919225E-15
7204.099145,9.954387E-15
7207.091668,9.974398E-15
7210.08419,1.001191E-14
7213.076713,1.007913E-14
7216.069235,1.014297E-14
7219.061758,1.021114E-14
7222.05428,1.028327E-14
7225.046803,1.03457e-14
7228.039325,1.033002E-14
7231.031848,1.039596E-14
7234.02437,1.047439E-14
7237.016893,1.043969E-14
7240.009415,1.047439E-14
7243.001938,1.053765E-14
7245.99446,1.032901E-14
7248.986983,1.006523E-14
7251.979505,1.003077E-14
7254.972028,1.009899E-14
7257.96455,1.030186E-14
7260.957073,1.053849E-14
7263.949595,1.067863E-14
7266.942118,1.070361E-14
7269.93464,1.07281e-14
7272.927163,1.088267E-14
7275.919685,1.096296E-14
7278.912208,1.085424E-14
7281.90473,1.078515E-14
7284.897253,1.09173e-14
7287.889775,1.116189E-14
7290.882298,1.125371E-14
7293.874821,1.127177E-14
7296.867343,1.141797E-14
7299.859866,1.159599E-14
7302.852388,1.168332E-14
7305.844911,1.165742E-14
7308.837433,1.156753E-14
7311.829956,1.156169E-14
7314.822478,1.171466E-14
7317.815001,1.190867E-14
7320.807523,1.200642E-14
7323.800046,1.204098E-14
7326.792568,1.196898E-14
7329.785091,1.190316E-14
7332.777613,1.179264E-14
7335.770136,1.175706E-14
7338.762658,1.165854E-14
7341.755181,1.163316E-14
7344.747703,1.145598E-14
7347.740226,1.126158E-14
7350.732748,1.109684E-14
7353.725271,1.098228E-14
7356.717793,1.097743E-14
7359.710316,1.093069E-14
7362.702838,1.081446E-14
7365.695361,1.072323E-14
7368.687883,1.055002E-14
7371.680406,1.026092E-14
7374.672928,1.005219E-14
7377.665451,9.96427e-15
7380.657973,9.866264E-15
7383.650496,9.777152E-15
7386.643019,9.769613E-15
7389.635541,9.801816E-15
7392.628064,9.800952E-15
7395.620586,9.715212E-15
7398.613109,9.554728E-15
7401.605631,9.352019E-15
7404.598154,9.170847E-15
7407.590676,9.07245e-15
7410.583199,9.017073E-15
7413.575721,8.96765e-15
7416.568244,8.988536E-15
7419.560766,9.04178e-15
7422.553289,9.073256E-15
7425.545811,9.023862E-15
7428.538334,8.949616E-15
7431.530856,8.948178E-15
7434.523379,8.909603E-15
7437.515901,8.797957E-15
7440.508424,8.705794E-15
7443.500946,8.765923E-15
7446.493469,8.959107E-15
7449.485991,8.995453E-15
7452.478514,9.074821E-15
7455.471036,9.082286E-15
7458.463559,9.077129E-15
7461.456081,9.04478e-15
7464.448604,9.063945E-15
7467.441126,8.976006E-15
7470.433649,8.872679E-15
7473.426171,8.79093e-15
7476.418694,8.638314E-15
7479.411217,8.45926e-15
7482.403739,8.409806E-15
7485.396262,8.502127E-15
7488.388784,8.603569E-15
7491.381307,8.63166e-15
7494.373829,8.655915E-15
7497.366352,8.704666E-15
7500.358874,8.66068e-15
7503.351397,8.527301E-15
7506.343919,8.288601E-15
7509.336442,8.154983E-15
7512.328964,8.053708E-15
7515.321487,8.033376E-15
7518.314009,8.030911E-15
7521.306532,8.114363E-15
7524.299054,8.192992E-15
7527.291577,8.10436e-15
7530.284099,8.007612E-15
7533.276622,8.017689E-15
7536.269144,7.964759E-15
7539.261667,7.838296E-15
7542.254189,7.739917E-15
7545.246712,7.688972E-15
7548.239234,7.615114E-15
7551.231757,7.544062E-15
7554.224279,7.591642E-15
7557.216802,7.677182E-15
7560.209324,7.66109e-15
7563.201847,7.503891E-15
7566.194369,7.346602E-15
7569.186892,7.228577E-15
7572.179414,7.105914E-15
7575.171937,7.127499E-15
7578.16446,7.240272E-15
7581.156982,7.18236e-15
7584.149505,7.111453E-15
7587.142027,6.834954E-15
7590.13455,6.388315E-15
7593.127072,6.082007E-15
7596.119595,5.996321E-15
7599.112117,6.023343E-15
7602.10464,5.955043E-15
7605.097162,5.854077E-15
7608.089685,6.004959E-15
7611.082207,6.250595E-15
7614.07473,6.071164E-15
7617.067252,5.603019E-15
7620.059775,5.468468E-15
7623.052297,5.53733e-15
7626.04482,5.553063E-15
7629.037342,5.411065E-15
7632.029865,5.29252e-15
7635.022387,5.253841E-15
7638.01491,5.198486E-15
7641.007432,5.205704E-15
7643.999955,5.336061E-15
7646.992477,5.414521E-15
7649.985,5.503738E-15
7652.977522,5.494214E-15
7655.970045,5.520698E-15
7658.962567,5.562977E-15
7661.95509,5.494318E-15
7664.947612,5.449309E-15
7667.940135,5.468764E-15
7670.932658,5.472726E-15
7673.92518,5.475513E-15
7676.917703,5.503223E-15
7679.910225,5.514241E-15
7682.902748,5.431556E-15
7685.89527,5.393385E-15
7688.887793,5.419157E-15
7691.880315,5.407591E-15
7694.872838,5.452912E-15
7697.86536,5.521875E-15
7700.857883,5.559699E-15
7703.850405,5.62161e-15
7706.842928,5.692576E-15
7709.83545,5.788452E-15
7712.827973,5.942271E-15
7715.820495,6.075301E-15
7718.813018,6.163077E-15
7721.80554,6.279904E-15
7724.798063,6.426091E-15
7727.790585,6.518853E-15
7730.783108,6.558054E-15
7733.77563,6.588554E-15
7736.768153,6.638028E-15
7739.760675,6.734685E-15
7742.753198,6.84969e-15
7745.74572,7.03214e-15
7748.738243,7.226319E-15
7751.730765,7.459511E-15
7754.723288,7.680256E-15
7757.71581,7.843672E-15
7760.708333,8.092488E-15
7763.700856,8.291059E-15
7766.693378,8.412441E-15
7769.685901,8.461121E-15
7772.678423,8.476451E-15
7775.670946,8.562438E-15
7778.663468,8.672902E-15
7781.655991,8.708393E-15
7784.648513,8.714601E-15
7787.641036,8.651324E-15
7790.633558,8.574044E-15
7793.626081,8.645747E-15
7796.618603,8.753889E-15
7799.611126,8.806088E-15
7802.603648,8.826743E-15
7805.596171,8.834617E-15
7808.588693,8.771439E-15
7811.581216,8.676384E-15
7814.573738,8.65495e-15
7817.566261,8.645825E-15
7820.558783,8.657436E-15
7823.551306,8.552821E-15
7826.543828,8.430837E-15
7829.536351,8.316427E-15
7832.528873,8.116282E-15
7835.521396,7.922765E-15
7838.513918,7.765506E-15
7841.506441,7.637101E-15
7844.498963,7.669556E-15
7847.491486,7.904463E-15
7850.484008,8.114809E-15
7853.476531,8.083789E-15
7856.469054,7.921756E-15
7859.461576,7.8262e-15
7862.454099,7.748194E-15
7865.446621,7.636366E-15
7868.439144,7.546676E-15
7871.431666,7.472764E-15
7874.424189,7.480843E-15
7877.416711,7.581704E-15
7880.409234,7.65349e-15
7883.401756,7.601514E-15
7886.394279,7.432245E-15
7889.386801,7.328581E-15
7892.379324,7.422092E-15
7895.371846,7.650963E-15
7898.364369,7.900459E-15
7901.356891,8.014028E-15
7904.349414,7.784014E-15
7907.341936,7.478707E-15
7910.334459,7.492371E-15
7913.326981,7.652191E-15
7916.319504,7.670885E-15
7919.312026,7.53811e-15
7922.304549,7.428203E-15
7925.297071,7.437944E-15
7928.289594,7.499398E-15
7931.282116,7.667925E-15
7934.274639,7.716174E-15
7937.267161,7.612765E-15
7940.259684,7.548277E-15
7943.252206,7.443429E-15
7946.244729,7.292949E-15
7949.237251,7.249408E-15
7952.229774,7.282674E-15
7955.222297,7.235634E-15
7958.214819,7.119513E-15
7961.207342,7.047133E-15
7964.199864,7.017521E-15
7967.192387,7.093722E-15
7970.184909,7.248662E-15
7973.177432,7.395937E-15
7976.169954,7.530774E-15
7979.162477,7.513505E-15
7982.154999,7.422079E-15
7985.147522,7.282738E-15
7988.140044,6.959774E-15
7991.132567,6.733384E-15
7994.125089,6.598097E-15
7997.117612,6.560426E-15
8000.110134,6.645627E-15
8003.102657,6.738895E-15
8006.095179,6.751953E-15
8009.087702,6.716286E-15
8012.080224,6.680831E-15
8015.072747,6.627401E-15
8018.065269,6.545357E-15
8021.057792,6.449333E-15
8024.050314,6.433144E-15
8027.042837,6.426293E-15
8030.035359,6.372433E-15
8033.027882,6.310939E-15
8036.020404,6.245286E-15
8039.012927,6.219287E-15
8042.005449,6.155083E-15
8044.997972,6.189663E-15
8047.990495,6.294672E-15
8050.983017,6.306572E-15
8053.97554,6.312193E-15
8056.968062,6.321315E-15
8059.960585,6.305841E-15
8062.953107,6.326631E-15
8065.94563,6.281012E-15
8068.938152,6.209265E-15
8071.930675,6.127645E-15
8074.923197,5.982059E-15
8077.91572,5.855304E-15
8080.908242,5.751947E-15
8083.900765,5.702102E-15
8086.893287,5.7122e-15
8089.88581,5.767223E-15
8092.878332,5.872346E-15
8095.870855,5.980723E-15
8098.863377,6.067672E-15
8101.8559,6.085045E-15
8104.848422,6.121706E-15
8107.840945,6.180533E-15
8110.833467,6.13276e-15
8113.82599,6.013786E-15
8116.818512,6.072126E-15
8119.811035,6.174136E-15
8122.803557,6.119431E-15
8125.79608,5.984428E-15
8128.788602,5.86562e-15
8131.781125,5.822245E-15
8134.773647,5.747312E-15
8137.76617,5.62577e-15
8140.758693,5.567519E-15
8143.751215,5.597356E-15
8146.743738,5.601898E-15
8149.73626,5.538657E-15
8152.728783,5.451667E-15
8155.721305,5.393508E-15
8158.713828,5.406836E-15
8161.70635,5.43223e-15
8164.698873,5.466898E-15
8167.691395,5.47021e-15
8170.683918,5.484446E-15
8173.67644,5.597619E-15
8176.668963,5.700243E-15
8179.661485,5.720698E-15
8182.654008,5.681527E-15
8185.64653,5.601708E-15
8188.639053,5.602395E-15
8191.631575,5.578965E-15
8194.624098,5.528372E-15
8197.61662,5.592538E-15
8200.609143,5.600826E-15
8203.601665,5.505717E-15
8206.594188,5.510587E-15
8209.58671,5.606332E-15
8212.579233,5.694447E-15
8215.571755,5.731273E-15
8218.564278,5.609875E-15
8221.5568,5.41426e-15
8224.549323,5.359101E-15
8227.541845,5.388732E-15
8230.534368,5.445979E-15
8233.526891,5.546927E-15
8236.519413,5.567158E-15
8239.511936,5.53851e-15
8242.504458,5.532531E-15
8245.496981,5.489485E-15
8248.489503,5.364992E-15
8251.482026,5.244221E-15
8254.474548,5.145206E-15
8257.467071,5.016967E-15
8260.459593,4.910937E-15
8263.452116,4.846789E-15
8266.444638,4.785185E-15
8269.437161,4.603671E-15
8272.429683,4.353991E-15
8275.422206,4.19448e-15
8278.414728,4.072177E-15
8281.407251,3.984521E-15
8284.399773,3.84394e-15
8287.392296,3.670171E-15
8290.384818,3.581418E-15
8293.377341,3.501175E-15
8296.369863,3.342599E-15
8299.362386,3.239463E-15
8302.354908,3.141741E-15
8305.347431,3.020331E-15
8308.339953,2.864875E-15
8311.332476,2.675308E-15
8314.324998,2.515704E-15
8317.317521,2.4059e-15
8320.310043,2.229451E-15
8323.302566,2.054879E-15
8326.295089,1.987103E-15
8329.287611,1.920397E-15
8332.280134,1.835593E-15
8335.272656,1.79042e-15
8338.265179,1.765366E-15
8341.257701,1.774899E-15
8344.250224,1.737456E-15
8347.242746,1.619217E-15
8350.235269,1.511879E-15
8353.227791,1.491951E-15
8356.220314,1.503456E-15
8359.212836,1.562967E-15
8362.205359,1.54097e-15
8365.197881,1.462105E-15
8368.190404,1.419866E-15
8371.182926,1.47453e-15
8374.175449,1.523943E-15
8377.167971,1.514856E-15
8380.160494,1.46637e-15
8383.153016,1.497371E-15
8386.145539,1.604355E-15
8389.138061,1.714001E-15
8392.130584,1.816349E-15
8395.123106,1.890631E-15
8398.115629,1.96327e-15
8401.108151,2.054399E-15
8404.100674,2.164457E-15
8407.093196,2.257962E-15
8410.085719,2.303166E-15
8413.078241,2.420344E-15
8416.070764,2.541492E-15
8419.063286,2.599672E-15
8422.055809,2.593753E-15
8425.048332,2.612646E-15
8428.040854,2.663728E-15
8431.033377,2.738999E-15
8434.025899,2.847171E-15
8437.018422,2.921778E-15
8440.010944,2.991422E-15
8443.003467,3.085926E-15
8445.995989,3.123554E-15
8448.988512,3.132151E-15
8451.981034,3.211865E-15
8454.973557,3.323924E-15
8457.966079,3.439452E-15
8460.958602,3.584299E-15
8463.951124,3.677227E-15
8466.943647,3.715218E-15
8469.936169,3.768902E-15
8472.928692,3.795023E-15
8475.921214,3.81243e-15
8478.913737,3.819768E-15
8481.906259,3.784611E-15
8484.898782,3.690809E-15
8487.891304,3.639431E-15
8490.883827,3.674623E-15
8493.876349,3.879717E-15
8496.868872,4.099072E-15
8499.861394,4.077234E-15
8502.853917,3.980622E-15
8505.846439,3.942905E-15
8508.838962,4.016853E-15
8511.831484,4.337615E-15
8514.824007,4.499535E-15
8517.81653,4.265962E-15
8520.809052,4.157651E-15
8523.801575,4.221735E-15
8526.794097,4.412932E-15
8529.78662,4.70536e-15
8532.779142,4.950849E-15
8535.771665,5.070889E-15
8538.764187,5.087825E-15
8541.75671,5.08024e-15
8544.749232,5.26046e-15
8547.741755,5.470392E-15
8550.734277,5.622943E-15
8553.7268,5.844277E-15
8556.719322,6.080887E-15
8559.711845,6.30362e-15
8562.704367,6.597815E-15
8565.69689,6.932886E-15
8568.689412,7.239227E-15
8571.681935,7.469946E-15
8574.674457,7.593631E-15
8577.66698,7.706803E-15
8580.659502,7.917855E-15
8583.652025,8.17479e-15
8586.644547,8.314532E-15
8589.63707,8.253296E-15
8592.629592,8.181828E-15
8595.622115,8.272083E-15
8598.614637,8.571984E-15
8601.60716,8.879362E-15
8604.599682,8.933529E-15
8607.592205,8.956819E-15
8610.584728,9.100089E-15
8613.57725,9.369486E-15
8616.569773,9.816688E-15
8619.562295,1.015808E-14
8622.554818,1.037068E-14
8625.54734,1.069241E-14
8628.539863,1.105502E-14
8631.532385,1.138322E-14
8634.524908,1.169226E-14
8637.51743,1.197251E-14
8640.509953,1.227015E-14
8643.502475,1.245134E-14
8646.494998,1.246013E-14
8649.48752,1.237861E-14
8652.480043,1.233799E-14
8655.472565,1.241273E-14
8658.465088,1.241783E-14
8661.45761,1.241473E-14
8664.450133,1.225177E-14
8667.442655,1.225586E-14
8670.435178,1.231084E-14
8673.4277,1.228956E-14
8676.420223,1.234725E-14
8679.412745,1.23236e-14
8682.405268,1.235161E-14
8685.39779,1.258631E-14
8688.390313,1.283801E-14
8691.382835,1.299394E-14
8694.375358,1.305468E-14
8697.36788,1.297487E-14
8700.360403,1.287153E-14
8703.352926,1.28395e-14
8706.345448,1.266383E-14
8709.337971,1.254014E-14
8712.330493,1.232229E-14
8715.323016,1.194845E-14
8718.315538,1.175996E-14
8721.308061,1.160181E-14
8724.300583,1.135726E-14
8727.293106,1.129882E-14
8730.285628,1.11545e-14
8733.278151,1.089804E-14
8736.270673,1.076676E-14
8739.263196,1.0908e-14
8742.255718,1.111862E-14
8745.248241,1.1171e-14
8748.240763,1.108018E-14
8751.233286,1.091851E-14
8754.225808,1.079391E-14
8757.218331,1.072822E-14
8760.210853,1.061136E-14
8763.203376,1.048871E-14
8766.195898,1.038212E-14
8769.188421,1.02582e-14
8772.180943,1.015073E-14
8775.173466,1.005296E-14
8778.165988,1.004049E-14
8781.158511,9.990361E-15
8784.151033,9.754384E-15
8787.143556,9.488667E-15
8790.136078,9.356394E-15
8793.128601,9.382485E-15
8796.121123,9.385513E-15
8799.113646,9.339546E-15
8802.106169,9.317373E-15
8805.098691,9.291461E-15
8808.091214,9.403083E-15
8811.083736,9.566139E-15
8814.076259,9.527779E-15
8817.068781,9.417101E-15
8820.061304,9.32359e-15
8823.053826,9.229115E-15
8826.046349,9.114681E-15
8829.038871,8.876444E-15
8832.031394,8.793941E-15
8835.023916,8.826127E-15
8838.016439,8.64028e-15
8841.008961,8.318752E-15
8844.001484,7.871462E-15
8846.994006,7.576408E-15
8849.986529,7.559744E-15
8852.979051,7.461053E-15
8855.971574,7.2803e-15
8858.964096,7.097217E-15
8861.956619,7.070986E-15
8864.949141,7.152073E-15
8867.941664,7.267474E-15
8870.934186,7.387432E-15
8873.926709,7.395188E-15
8876.919231,7.373445E-15
8879.911754,7.328323E-15
8882.904276,7.276233E-15
8885.896799,7.628719E-15
8888.889321,8.121006E-15
8891.881844,7.82943e-15
8894.874367,6.941985E-15
8897.866889,6.381087E-15
8900.859412,6.468189E-15
8903.851934,6.656455E-15
8906.844457,6.595339E-15
8909.836979,6.273615E-15
8912.829502,6.024361E-15
8915.822024,6.005298E-15
8918.814547,5.573763E-15
8921.807069,5.292734E-15
8924.799592,6.002571E-15
8927.792114,6.536123E-15
8930.784637,6.07304e-15
8933.777159,5.442918E-15
8936.769682,5.22749e-15
8939.762204,5.417858E-15
8942.754727,5.751524E-15
8945.747249,6.012974E-15
8948.739772,6.173441E-15
8951.732294,6.112842E-15
8954.724817,5.972822E-15
8957.717339,5.916782E-15
8960.709862,5.883467E-15
8963.702384,5.824784E-15
8966.694907,5.735231E-15
8969.687429,5.541055E-15
8972.679952,5.437723E-15
8975.672474,5.542684E-15
8978.664997,5.419596E-15
8981.657519,5.280864E-15
8984.650042,5.327152E-15
8987.642565,5.393412E-15
8990.635087,5.514909E-15
8993.62761,5.671481E-15
8996.620132,5.73157e-15
8999.612655,5.773911E-15
9002.605177,5.870067E-15
9005.5977,5.830026E-15
9008.590222,5.691183E-15
9011.582745,5.693387E-15
9014.575267,5.728535E-15
9017.56779,5.705174E-15
9020.560312,5.669386E-15
9023.552835,5.647156E-15
9026.545357,5.647792E-15
9029.53788,5.727838E-15
9032.530402,5.680496E-15
9035.522925,5.654858E-15
9038.515447,5.707114E-15
9041.50797,5.678096E-15
9044.500492,5.712362E-15
9047.493015,5.858248E-15
9050.485537,5.997616E-15
9053.47806,6.164389E-15
9056.470582,6.289587E-15
9059.463105,6.277762E-15
9062.455627,6.255081E-15
9065.44815,6.266168E-15
9068.440672,6.27837e-15
9071.433195,6.291956E-15
9074.425717,6.174472E-15
9077.41824,6.049124E-15
9080.410763,5.98913e-15
9083.403285,5.959536E-15
9086.395808,6.120845E-15
9089.38833,6.212822E-15
9092.380853,6.184762E-15
9095.373375,6.122341E-15
9098.365898,6.082808E-15
9101.35842,6.107079E-15
9104.350943,6.23155e-15
9107.343465,6.313406E-15
9110.335988,6.3586e-15
9113.32851,6.479908E-15
9116.321033,6.575127E-15
9119.313555,6.580492E-15
9122.306078,6.567136E-15
9125.2986,6.510745E-15
9128.291123,6.285384E-15
9131.283645,6.190794E-15
9134.276168,6.284259E-15
9137.26869,6.235621E-15
9140.261213,6.143055E-15
9143.253735,6.103927E-15
9146.246258,6.089851E-15
9149.23878,5.969029E-15
9152.231303,5.782918E-15
9155.223825,5.663749E-15
9158.216348,5.572535E-15
9161.20887,5.528006E-15
9164.201393,5.503636E-15
9167.193915,5.335035E-15
9170.186438,5.146598E-15
9173.17896,5.223705E-15
9176.171483,5.422876E-15
9179.164006,5.469304E-15
9182.156528,5.453642E-15
9185.149051,5.463245E-15
9188.141573,5.500581E-15
9191.134096,5.652342E-15
9194.126618,5.74262e-15
9197.119141,5.773139E-15
