3500.  2.430634E-16
3502.98693060875  2.556003E-16
3505.9738612175  2.724590E-16
3508.96079182625  2.576533E-16
3511.947722435  2.294808E-16
3514.93465304375  2.251762E-16
3517.9215836525  2.492104E-16
3520.90851426125  2.539186E-16
3523.89544487  2.270335E-16
3526.88237547875  2.086821E-16
3529.8693060875  2.028837E-16
3532.85623669624  2.323221E-16
3535.84316730499  2.330431E-16
3538.83009791374  2.362400E-16
3541.81702852249  2.700945E-16
3544.80395913124  2.572554E-16
3547.79088973999  2.618854E-16
3550.77782034874  2.840947E-16
3553.76475095749  2.601045E-16
3556.75168156624  2.531220E-16
3559.73861217499  2.340572E-16
3562.72554278374  2.838883E-16
3565.71247339249  2.893759E-16
3568.69940400124  2.149379E-16
3571.68633460999  2.214125E-16
3574.67326521874  2.685864E-16
3577.66019582749  2.687140E-16
3580.64712643624  2.685076E-16
3583.63405704499  2.744947E-16
3586.62098765373  2.682458E-16
3589.60791826248  2.726923E-16
3592.59484887123  2.824505E-16
3595.58177947998  2.953584E-16
3598.56871008873  2.766285E-16
3601.55564069748  2.783912E-16
3604.54257130623  2.451541E-16
3607.52950191498  2.348762E-16
3610.51643252373  2.585492E-16
3613.50336313248  2.469260E-16
3616.49029374123  2.456864E-16
3619.47722434998  2.555340E-16
3622.46415495873  2.440496E-16
3625.45108556748  2.362803E-16
3628.43801617623  2.520075E-16
3631.42494678497  2.432941E-16
3634.41187739372  2.410001E-16
3637.39880800247  2.530556E-16
3640.38573861122  2.371241E-16
3643.37266921997  2.424172E-16
3646.35959982872  2.642110E-16
3649.34653043747  2.502505E-16
3652.33346104622  2.445684E-16
3655.32039165497  2.437802E-16
3658.30732226372  2.375860E-16
3661.29425287247  2.554917E-16
3664.28118348122  2.590580E-16
3667.26811408997  2.737261E-16
3670.25504469872  2.895851E-16
3673.24197530747  2.458150E-16
3676.22890591622  2.237567E-16
3679.21583652497  2.343996E-16
3682.20276713372  2.560981E-16
3685.18969774246  2.543213E-16
3688.17662835121  2.725451E-16
3691.16355895996  2.531748E-16
3694.15048956871  2.319946E-16
3697.13742017746  2.404221E-16
3700.12435078621  2.544390E-16
3703.11128139496  2.477948E-16
3706.09821200371  2.365329E-16
3709.08514261246  2.334145E-16
3712.07207322121  2.478526E-16
3715.05900382996  2.505734E-16
3718.04593443871  2.359094E-16
3721.03286504746  2.324879E-16
3724.01979565621  2.458154E-16
3727.00672626496  2.448121E-16
3729.99365687371  2.393376E-16
3732.98058748245  2.630880E-16
3735.9675180912  2.667847E-16
3738.95444869995  2.726970E-16
3741.9413793087  2.856785E-16
3744.92830991745  2.786748E-16
3747.9152405262  2.657622E-16
3750.90217113495  2.569861E-16
3753.8891017437  2.546371E-16
3756.87603235245  2.602060E-16
3759.8629629612  2.648729E-16
3762.84989356995  2.540360E-16
3765.8368241787  2.591056E-16
3768.82375478745  2.597744E-16
3771.8106853962  2.478152E-16
3774.79761600495  2.491229E-16
3777.7845466137  2.564053E-16
3780.77147722245  2.628624E-16
3783.75840783119  2.616103E-16
3786.74533843994  2.375278E-16
3789.73226904869  2.415287E-16
3792.71919965744  2.286446E-16
3795.70613026619  2.353904E-16
3798.69306087494  2.543896E-16
3801.67999148369  2.409126E-16
3804.66692209244  2.418860E-16
3807.65385270119  2.458192E-16
3810.64078330994  2.367076E-16
3813.62771391869  2.395103E-16
3816.61464452744  2.461439E-16
3819.60157513619  2.346867E-16
3822.58850574494  2.193922E-16
3825.57543635369  2.302264E-16
3828.56236696243  2.395444E-16
3831.54929757119  2.256384E-16
3834.53622817993  2.301333E-16
3837.52315878868  2.310655E-16
3840.51008939743  2.413738E-16
3843.49702000618  2.426815E-16
3846.48395061493  2.382544E-16
3849.47088122368  2.357048E-16
3852.45781183243  2.441276E-16
3855.44474244118  2.391788E-16
3858.43167304993  2.082314E-16
3861.41860365868  1.982023E-16
3864.40553426743  2.179918E-16
3867.39246487618  2.228409E-16
3870.37939548493  2.196933E-16
3873.36632609368  2.218719E-16
3876.35325670243  2.312627E-16
3879.34018731117  2.293513E-16
3882.32711791992  2.193307E-16
3885.31404852867  2.172500E-16
3888.30097913742  2.180762E-16
3891.28790974617  2.131766E-16
3894.27484035492  1.975281E-16
3897.26177096367  1.954824E-16
3900.24870157242  2.125689E-16
3903.23563218117  2.114627E-16
3906.22256278992  2.052813E-16
3909.20949339867  1.943191E-16
3912.19642400742  1.912201E-16
3915.18335461617  2.048675E-16
3918.17028522492  2.054636E-16
3921.15721583367  1.901496E-16
3924.14414644242  1.908787E-16
3927.13107705116  1.908684E-16
3930.11800765991  1.963584E-16
3933.10493826866  2.088516E-16
3936.09186887741  2.076019E-16
3939.07879948616  2.003112E-16
3942.06573009491  2.047989E-16
3945.05266070366  2.025533E-16
3948.03959131241  1.992599E-16
3951.02652192116  2.017370E-16
3954.01345252991  1.987444E-16
3957.00038313866  1.954231E-16
3959.98731374741  1.942430E-16
3962.97424435616  1.935569E-16
3965.96117496491  1.976184E-16
3968.94810557366  2.129022E-16
3971.93503618241  2.140738E-16
3974.92196679116  2.082195E-16
3977.90889739991  2.047693E-16
3980.89582800865  2.029359E-16
3983.8827586174  2.070489E-16
3986.86968922615  2.096948E-16
3989.8566198349  2.074794E-16
3992.84355044365  2.006565E-16
3995.8304810524  1.948017E-16
3998.81741166115  1.905501E-16
4001.8043422699  2.002210E-16
4004.79127287865  2.061387E-16
4007.7782034874  2.015298E-16
4010.76513409615  1.982286E-16
4013.7520647049  1.893653E-16
4016.73899531365  1.932877E-16
4019.7259259224  2.083001E-16
4022.71285653115  2.071068E-16
4025.69978713989  2.111283E-16
4028.68671774865  2.088739E-16
4031.67364835739  1.977576E-16
4034.66057896614  1.924993E-16
4037.64750957489  1.971962E-16
4040.63444018364  1.972303E-16
4043.62137079239  1.938482E-16
4046.60830140114  1.975120E-16
4049.59523200989  1.974016E-16
4052.58216261864  1.887008E-16
4055.56909322739  1.912670E-16
4058.55602383614  1.999789E-16
4061.54295444489  1.989011E-16
4064.52988505364  1.935738E-16
4067.51681566239  1.989706E-16
4070.50374627114  2.058112E-16
4073.49067687989  2.032881E-16
4076.47760748863  2.086546E-16
4079.46453809738  2.230473E-16
4082.45146870613  2.266099E-16
4085.43839931488  2.277433E-16
4088.42532992363  2.223446E-16
4091.41226053238  2.251048E-16
4094.39919114113  2.370165E-16
4097.38612174988  2.359200E-16
4100.37305235863  2.358328E-16
4103.35998296738  2.371420E-16
4106.34691357613  2.266485E-16
4109.33384418488  2.251175E-16
4112.32077479363  2.283993E-16
4115.30770540238  2.254693E-16
4118.29463601113  2.176037E-16
4121.28156661988  2.134103E-16
4124.26849722863  2.097543E-16
4127.25542783737  2.042738E-16
4130.24235844612  2.081840E-16
4133.22928905487  2.125979E-16
4136.21621966362  2.192537E-16
4139.20315027237  2.182344E-16
4142.19008088112  2.148966E-16
4145.17701148987  2.105516E-16
4148.16394209862  2.013922E-16
4151.15087270737  1.925179E-16
4154.13780331612  1.924316E-16
4157.12473392487  1.916426E-16
4160.11166453362  1.823518E-16
4163.09859514237  1.854939E-16
4166.08552575112  1.860324E-16
4169.07245635987  1.811065E-16
4172.05938696861  1.723680E-16
4175.04631757736  1.756176E-16
4178.03324818611  1.771180E-16
4181.02017879486  1.792340E-16
4184.00710940361  1.812184E-16
4186.99404001236  1.815595E-16
4189.98097062111  1.765008E-16
4192.96790122986  1.722383E-16
4195.95483183861  1.768686E-16
4198.94176244736  1.748312E-16
4201.92869305611  1.777545E-16
4204.91562366486  1.737155E-16
4207.90255427361  1.709964E-16
4210.88948488236  1.745903E-16
4213.87641549111  1.784655E-16
4216.86334609986  1.755924E-16
4219.85027670861  1.716752E-16
4222.83720731735  1.759415E-16
4225.8241379261  1.891585E-16
4228.81106853485  1.824287E-16
4231.7979991436  1.673633E-16
4234.78492975235  1.619758E-16
4237.7718603611  1.639400E-16
4240.75879096985  1.744290E-16
4243.7457215786  1.779754E-16
4246.73265218735  1.732866E-16
4249.7195827961  1.725540E-16
4252.70651340485  1.693786E-16
4255.6934440136  1.676996E-16
4258.68037462235  1.685629E-16
4261.6673052311  1.725939E-16
4264.65423583985  1.724682E-16
4267.6411664486  1.727633E-16
4270.62809705735  1.753783E-16
4273.61502766609  1.736012E-16
4276.60195827484  1.719287E-16
4279.58888888359  1.740188E-16
4282.57581949234  1.705118E-16
4285.56275010109  1.641304E-16
4288.54968070984  1.649003E-16
4291.53661131859  1.736426E-16
4294.52354192734  1.762997E-16
4297.51047253609  1.746548E-16
4300.49740314484  1.759719E-16
4303.48433375359  1.698544E-16
4306.47126436234  1.690299E-16
4309.45819497109  1.718526E-16
4312.44512557984  1.742832E-16
4315.43205618859  1.754911E-16
4318.41898679734  1.747436E-16
4321.40591740609  1.793293E-16
4324.39284801483  1.819203E-16
4327.37977862358  1.784496E-16
4330.36670923233  1.758892E-16
4333.35363984108  1.772718E-16
4336.34057044983  1.791916E-16
4339.32750105858  1.784800E-16
4342.31443166733  1.758012E-16
4345.30136227608  1.746405E-16
4348.28829288483  1.775255E-16
4351.27522349358  1.792120E-16
4354.26215410233  1.776658E-16
4357.24908471108  1.780691E-16
4360.23601531983  1.781847E-16
4363.22294592858  1.799961E-16
4366.20987653733  1.799098E-16
4369.19680714608  1.830307E-16
4372.18373775483  1.852203E-16
4375.17066836357  1.870803E-16
4378.15759897232  1.849891E-16
4381.14452958107  1.816328E-16
4384.13146018982  1.832628E-16
4387.11839079857  1.936915E-16
4390.10532140732  1.991832E-16
4393.09225201607  1.924273E-16
4396.07918262482  1.887331E-16
4399.06611323357  1.946519E-16
4402.05304384232  1.919532E-16
4405.03997445107  1.914956E-16
4408.02690505982  1.940239E-16
4411.01383566857  1.900332E-16
4414.00076627732  1.904060E-16
4416.98769688607  1.864393E-16
4419.97462749481  1.862055E-16
4422.96155810356  1.914557E-16
4425.94848871231  1.856150E-16
4428.93541932106  1.821275E-16
4431.92234992981  1.875981E-16
4434.90928053856  1.907149E-16
4437.89621114731  1.916828E-16
4440.88314175606  1.889704E-16
4443.87007236481  1.807864E-16
4446.85700297356  1.774166E-16
4449.84393358231  1.772719E-16
4452.83086419106  1.776111E-16
4455.81779479981  1.790732E-16
4458.80472540856  1.724759E-16
4461.79165601731  1.607720E-16
4464.77858662606  1.658953E-16
4467.76551723481  1.653396E-16
4470.75244784356  1.644371E-16
4473.7393784523  1.624114E-16
4476.72630906105  1.612028E-16
4479.7132396698  1.633791E-16
4482.70017027855  1.643308E-16
4485.6871008873  1.623218E-16
4488.67403149605  1.656122E-16
4491.6609621048  1.688039E-16
4494.64789271355  1.619060E-16
4497.6348233223  1.622651E-16
4500.62175393105  1.717874E-16
4503.6086845398  1.715401E-16
4506.59561514855  1.655587E-16
4509.5825457573  1.629749E-16
4512.56947636605  1.618745E-16
4515.5564069748  1.567966E-16
4518.54333758355  1.526772E-16
4521.5302681923  1.572908E-16
4524.51719880104  1.618715E-16
4527.50412940979  1.620799E-16
4530.49106001854  1.696412E-16
4533.47799062729  1.718986E-16
4536.46492123604  1.634177E-16
4539.45185184479  1.563032E-16
4542.43878245354  1.564160E-16
4545.42571306229  1.603634E-16
4548.41264367104  1.579022E-16
4551.39957427979  1.534130E-16
4554.38650488854  1.522408E-16
4557.37343549729  1.531408E-16
4560.36036610604  1.455244E-16
4563.34729671479  1.448157E-16
4566.33422732353  1.530274E-16
4569.32115793228  1.536753E-16
4572.30808854103  1.476369E-16
4575.29501914978  1.463788E-16
4578.28194975853  1.492886E-16
4581.26888036728  1.453964E-16
4584.25581097603  1.430477E-16
4587.24274158478  1.439741E-16
4590.22967219353  1.423557E-16
4593.21660280228  1.447068E-16
4596.20353341103  1.487557E-16
4599.19046401978  1.454902E-16
4602.17739462853  1.407687E-16
4605.16432523728  1.415354E-16
4608.15125584603  1.471559E-16
4611.13818645478  1.453775E-16
4614.12511706353  1.399501E-16
4617.11204767228  1.438354E-16
4620.09897828102  1.468654E-16
4623.08590888977  1.459897E-16
4626.07283949852  1.442218E-16
4629.05977010727  1.418651E-16
4632.04670071602  1.486496E-16
4635.03363132477  1.512029E-16
4638.02056193352  1.408958E-16
4641.00749254227  1.437169E-16
4643.99442315102  1.536484E-16
4646.98135375977  1.494047E-16
4649.96828436852  1.475725E-16
4652.95521497727  1.524913E-16
4655.94214558602  1.507511E-16
4658.92907619477  1.477412E-16
4661.91600680352  1.518878E-16
4664.90293741227  1.513626E-16
4667.88986802101  1.505408E-16
4670.87679862977  1.536173E-16
4673.86372923851  1.521017E-16
4676.85065984726  1.457835E-16
4679.83759045601  1.412622E-16
4682.82452106476  1.452698E-16
4685.81145167351  1.518938E-16
4688.79838228226  1.487783E-16
4691.78531289101  1.439111E-16
4694.77224349976  1.464579E-16
4697.75917410851  1.478240E-16
4700.74610471726  1.512483E-16
4703.73303532601  1.494856E-16
4706.71996593476  1.451335E-16
4709.70689654351  1.417155E-16
4712.69382715226  1.399440E-16
4715.68075776101  1.463205E-16
4718.66768836975  1.444092E-16
4721.6546189785  1.367451E-16
4724.64154958725  1.426134E-16
4727.628480196  1.513294E-16
4730.61541080475  1.485839E-16
4733.6023414135  1.451233E-16
4736.58927202225  1.468916E-16
4739.576202631  1.482707E-16
4742.56313323975  1.491108E-16
4745.5500638485  1.499895E-16
4748.53699445725  1.527001E-16
4751.523925066  1.526662E-16
4754.51085567475  1.540322E-16
4757.4977862835  1.625284E-16
4760.48471689225  1.719632E-16
4763.471647501  1.700203E-16
4766.45857810974  1.688631E-16
4769.44550871849  1.697520E-16
4772.43243932724  1.654447E-16
4775.41936993599  1.625050E-16
4778.40630054474  1.656669E-16
4781.39323115349  1.649840E-16
4784.38016176224  1.641097E-16
4787.36709237099  1.582992E-16
4790.35402297974  1.590387E-16
4793.34095358849  1.627322E-16
4796.32788419724  1.617393E-16
4799.31481480599  1.580979E-16
4802.30174541474  1.574373E-16
4805.28867602349  1.576401E-16
4808.27560663224  1.560559E-16
4811.26253724099  1.509738E-16
4814.24946784973  1.516258E-16
4817.23639845848  1.488658E-16
4820.22332906723  1.446375E-16
4823.21025967598  1.462063E-16
4826.19719028473  1.469582E-16
4829.18412089348  1.464732E-16
4832.17105150223  1.464960E-16
4835.15798211098  1.435422E-16
4838.14491271973  1.456092E-16
4841.13184332848  1.485029E-16
4844.11877393723  1.461663E-16
4847.10570454598  1.440017E-16
4850.09263515473  1.493789E-16
4853.07956576348  1.518620E-16
4856.06649637223  1.453659E-16
4859.05342698098  1.439999E-16
4862.04035758973  1.393905E-16
4865.02728819847  1.375975E-16
4868.01421880722  1.426071E-16
4871.00114941597  1.440163E-16
4873.98808002472  1.413093E-16
4876.97501063347  1.413562E-16
4879.96194124222  1.421751E-16
4882.94887185097  1.380287E-16
4885.93580245972  1.355849E-16
4888.92273306847  1.338728E-16
4891.90966367722  1.342857E-16
4894.89659428597  1.337672E-16
4897.88352489472  1.319314E-16
4900.87045550347  1.327987E-16
4903.85738611222  1.331366E-16
4906.84431672096  1.342007E-16
4909.83124732972  1.334380E-16
4912.81817793846  1.306237E-16
4915.80510854721  1.303573E-16
4918.79203915596  1.234282E-16
4921.77896976471  1.257249E-16
4924.76590037346  1.290423E-16
4927.75283098221  1.259030E-16
4930.73976159096  1.241973E-16
4933.72669219971  1.220464E-16
4936.71362280846  1.194960E-16
4939.70055341721  1.201532E-16
4942.68748402596  1.219233E-16
4945.67441463471  1.229160E-16
4948.66134524346  1.198450E-16
4951.64827585221  1.158088E-16
4954.63520646096  1.152561E-16
4957.62213706971  1.193287E-16
4960.60906767845  1.197097E-16
4963.5959982872  1.137988E-16
4966.58292889595  1.121121E-16
4969.5698595047  1.098829E-16
4972.55679011345  1.074706E-16
4975.5437207222  1.051952E-16
4978.53065133095  1.055931E-16
4981.5175819397  1.077397E-16
4984.50451254845  1.067251E-16
4987.4914431572  1.021756E-16
4990.47837376595  1.026172E-16
4993.4653043747  1.033330E-16
4996.45223498345  9.932616E-17
4999.4391655922  9.995909E-17
5002.42609620095  1.029787E-16
5005.4130268097  1.067802E-16
5008.39995741845  1.029759E-16
5011.3868880272  1.023040E-16
5014.37381863595  1.030894E-16
5017.36074924469  1.006216E-16
5020.34767985344  9.901586E-17
5023.33461046219  1.004380E-16
5026.32154107094  1.024128E-16
5029.30847167969  1.026245E-16
5032.29540228844  1.026395E-16
5035.28233289719  9.686648E-17
5038.26926350594  9.284980E-17
5041.25619411469  9.380077E-17
5044.24312472344  9.677576E-17
5047.23005533219  9.814167E-17
5050.21698594094  9.871661E-17
5053.20391654969  1.006410E-16
5056.19084715844  9.846114E-17
5059.17777776719  9.558740E-17
5062.16470837593  9.658131E-17
5065.15163898468  9.626196E-17
5068.13856959343  9.337214E-17
5071.12550020218  9.404773E-17
5074.11243081093  9.602159E-17
5077.09936141968  9.038769E-17
5080.08629202843  9.097373E-17
5083.07322263718  9.541667E-17
5086.06015324593  9.842570E-17
5089.04708385468  9.480555E-17
5092.03401446343  9.139542E-17
5095.02094507218  9.084105E-17
5098.00787568093  9.403179E-17
5100.99480628968  9.600932E-17
5103.98173689843  9.611766E-17
5106.96866750718  1.007839E-16
5109.95559811593  1.020968E-16
5112.94252872468  1.007892E-16
5115.92945933342  9.961618E-17
5118.91638994217  9.827655E-17
5121.90332055092  9.864580E-17
5124.89025115967  1.016671E-16
5127.87718176842  1.032183E-16
5130.86411237717  1.049733E-16
5133.85104298592  1.045825E-16
5136.83797359467  1.022603E-16
5139.82490420342  1.031389E-16
5142.81183481217  1.062466E-16
5145.79876542092  1.068694E-16
5148.78569602967  1.061410E-16
5151.77262663842  1.068613E-16
5154.75955724717  1.049943E-16
5157.74648785592  1.025070E-16
5160.73341846467  1.022631E-16
5163.72034907341  9.858339E-17
5166.70727968216  1.041054E-16
5169.69421029091  1.028578E-16
5172.68114089966  1.005686E-16
5175.66807150841  1.058112E-16
5178.65500211716  1.055780E-16
5181.64193272591  1.017887E-16
5184.62886333466  1.023367E-16
5187.61579394341  1.035610E-16
5190.60272455216  1.030610E-16
5193.58965516091  1.022904E-16
5196.57658576966  1.006766E-16
5199.56351637841  1.018649E-16
5202.55044698716  1.017394E-16
5205.53737759591  1.010661E-16
5208.52430820466  1.004186E-16
5211.51123881341  9.991795E-17
5214.49816942216  1.006490E-16
5217.4851000309  1.036585E-16
5220.47203063965  1.049398E-16
5223.4589612484  1.068354E-16
5226.44589185715  1.087319E-16
5229.4328224659  1.056716E-16
5232.41975307465  1.067622E-16
5235.4066836834  1.080468E-16
5238.39361429215  1.069365E-16
5241.3805449009  1.039911E-16
5244.36747550965  1.035354E-16
5247.3544061184  1.090615E-16
5250.34133672715  1.059444E-16
5253.3282673359  1.022569E-16
5256.31519794465  1.055292E-16
5259.3021285534  1.050652E-16
5262.28905916214  1.015940E-16
5265.27598977089  1.019665E-16
5268.26292037964  1.063997E-16
5271.24985098839  1.112626E-16
5274.23678159714  1.080491E-16
5277.22371220589  1.059603E-16
5280.21064281464  1.042142E-16
5283.19757342339  1.024339E-16
5286.18450403214  1.065430E-16
5289.17143464089  1.073560E-16
5292.15836524964  1.076511E-16
5295.14529585839  1.082579E-16
5298.13222646714  1.090409E-16
5301.11915707589  1.110508E-16
5304.10608768464  1.118293E-16
5307.09301829339  1.081964E-16
5310.07994890213  1.050864E-16
5313.06687951088  1.115538E-16
5316.05381011963  1.166799E-16
5319.04074072838  1.175470E-16
5322.02767133713  1.208600E-16
5325.01460194588  1.250474E-16
5328.00153255463  1.270371E-16
5330.98846316338  1.281954E-16
5333.97539377213  1.341383E-16
5336.96232438088  1.366453E-16
5339.94925498963  1.396781E-16
5342.93618559838  1.408662E-16
5345.92311620713  1.396688E-16
5348.91004681588  1.374222E-16
5351.89697742463  1.353752E-16
5354.88390803338  1.348293E-16
5357.87083864213  1.403554E-16
5360.85776925088  1.418692E-16
5363.84469985962  1.391924E-16
5366.83163046837  1.368506E-16
5369.81856107712  1.385059E-16
5372.80549168587  1.409801E-16
5375.79242229462  1.391410E-16
5378.77935290337  1.325560E-16
5381.76628351212  1.279516E-16
5384.75321412087  1.290279E-16
5387.74014472962  1.299754E-16
5390.72707533837  1.272244E-16
5393.71400594712  1.266341E-16
5396.70093655587  1.280283E-16
5399.68786716462  1.254203E-16
5402.67479777337  1.232973E-16
5405.66172838212  1.228512E-16
5408.64865899087  1.221982E-16
5411.63558959961  1.239366E-16
5414.62252020836  1.221117E-16
5417.60945081711  1.197076E-16
5420.59638142586  1.159651E-16
5423.58331203461  1.126781E-16
5426.57024264336  1.141070E-16
5429.55717325211  1.139741E-16
5432.54410386086  1.089087E-16
5435.53103446961  1.091731E-16
5438.51796507836  1.135874E-16
5441.50489568711  1.106952E-16
5444.49182629586  1.043234E-16
5447.47875690461  1.072781E-16
5450.46568751336  1.085033E-16
5453.45261812211  1.042321E-16
5456.43954873085  1.027956E-16
5459.4264793396  1.034548E-16
5462.41340994835  1.034166E-16
5465.4003405571  1.028990E-16
5468.38727116585  1.076556E-16
5471.3742017746  1.123710E-16
5474.36113238335  1.074822E-16
5477.3480629921  1.034491E-16
5480.33499360085  1.061330E-16
5483.3219242096  1.081383E-16
5486.30885481835  1.090875E-16
5489.2957854271  1.094291E-16
5492.28271603585  1.059922E-16
5495.2696466446  1.035307E-16
5498.25657725335  1.069949E-16
5501.2435078621  1.054107E-16
5504.23043847085  1.008983E-16
5507.21736907959  1.022870E-16
5510.20429968834  1.035797E-16
5513.19123029709  1.014323E-16
5516.17816090584  1.019219E-16
5519.16509151459  1.026040E-16
5522.15202212334  1.053777E-16
5525.13895273209  1.036620E-16
5528.12588334084  1.019570E-16
5531.11281394959  1.031867E-16
5534.09974455834  9.807007E-17
5537.08667516709  9.534346E-17
5540.07360577584  9.479588E-17
5543.06053638459  9.114052E-17
5546.04746699334  9.112175E-17
5549.03439760209  9.354109E-17
5552.02132821084  9.482925E-17
5555.00825881959  9.704884E-17
5557.99518942834  9.875426E-17
5560.98212003709  9.605047E-17
5563.96905064583  9.437797E-17
5566.95598125458  9.289741E-17
5569.94291186333  9.785844E-17
5572.92984247208  9.851568E-17
5575.91677308083  8.579896E-17
5578.90370368958  8.388994E-17
5581.89063429833  8.634277E-17
5584.87756490708  9.417617E-17
5587.86449551583  1.090085E-16
5590.85142612458  1.042435E-16
5593.83835673333  9.288799E-17
5596.82528734208  8.846977E-17
5599.81221795083  8.985619E-17
5602.79914855958  9.368196E-17
5605.78607916833  9.446076E-17
5608.77300977708  9.183947E-17
5611.75994038582  9.109528E-17
5614.74687099457  9.122302E-17
5617.73380160332  9.408817E-17
5620.72073221207  9.162514E-17
5623.70766282082  8.716396E-17
5626.69459342957  8.734037E-17
5629.68152403832  8.829278E-17
5632.66845464707  8.410598E-17
5635.65538525582  8.305078E-17
5638.64231586457  8.720157E-17
5641.62924647332  8.661529E-17
5644.61617708207  8.304671E-17
5647.60310769082  8.089296E-17
5650.59003829957  7.853450E-17
5653.57696890832  7.803359E-17
5656.56389951707  8.174908E-17
5659.55083012581  8.324829E-17
5662.53776073456  8.065604E-17
5665.52469134331  8.004688E-17
5668.51162195206  8.135116E-17
5671.49855256081  8.087234E-17
5674.48548316956  7.858764E-17
5677.47241377831  7.714136E-17
5680.45934438706  7.712323E-17
5683.44627499581  7.936527E-17
5686.43320560456  7.863467E-17
5689.42013621331  7.453572E-17
5692.40706682206  7.536151E-17
5695.39399743081  7.701591E-17
5698.38092803956  7.632080E-17
5701.36785864831  7.576503E-17
5704.35478925706  7.375398E-17
5707.34171986581  7.269672E-17
5710.32865047456  7.301963E-17
5713.3155810833  7.382485E-17
5716.30251169205  7.400911E-17
5719.2894423008  7.258034E-17
5722.27637290955  7.195591E-17
5725.2633035183  7.277864E-17
5728.25023412705  7.203811E-17
5731.2371647358  7.023426E-17
5734.22409534455  6.913685E-17
5737.2110259533  6.968141E-17
5740.19795656205  7.129459E-17
5743.1848871708  7.226622E-17
5746.17181777955  7.209256E-17
5749.1587483883  7.072607E-17
5752.14567899705  6.880901E-17
5755.1326096058  6.912144E-17
5758.11954021454  7.305283E-17
5761.10647082329  7.477533E-17
5764.09340143204  7.712581E-17
5767.08033204079  7.270837E-17
5770.06726264954  6.802194E-17
5773.05419325829  7.145661E-17
5776.04112386704  7.281222E-17
5779.02805447579  7.013083E-17
5782.01498508454  7.094606E-17
5785.00191569329  7.201437E-17
5787.98884630204  7.631647E-17
5790.97577691079  7.719889E-17
5793.96270751954  7.347401E-17
5796.94963812829  7.407231E-17
5799.93656873704  7.379505E-17
5802.92349934579  6.767830E-17
5805.91042995454  6.725876E-17
5808.89736056328  7.211547E-17
5811.88429117203  7.165750E-17
5814.87122178078  6.983709E-17
5817.85815238953  7.033296E-17
5820.84508299828  6.895222E-17
5823.83201360703  6.842957E-17
5826.81894421578  7.118140E-17
5829.80587482453  7.114748E-17
5832.79280543328  6.928094E-17
5835.77973604203  6.903280E-17
5838.76666665078  6.728875E-17
5841.75359725953  6.495749E-17
5844.74052786828  6.354145E-17
5847.72745847703  6.212455E-17
5850.71438908578  6.219886E-17
5853.70131969452  6.329603E-17
5856.68825030328  6.171499E-17
5859.67518091202  6.100392E-17
5862.66211152077  6.116809E-17
5865.64904212952  6.090662E-17
5868.63597273827  6.153716E-17
5871.62290334702  6.113056E-17
5874.60983395577  5.718073E-17
5877.59676456452  5.376989E-17
5880.58369517327  5.508332E-17
5883.57062578202  5.783267E-17
5886.55755639077  5.728549E-17
5889.54448699952  5.679194E-17
5892.53141760827  6.053078E-17
5895.51834821702  6.197493E-17
5898.50527882577  6.002652E-17
5901.49220943452  5.410093E-17
5904.47914004326  5.568882E-17
5907.46607065201  5.799750E-17
5910.45300126076  5.342746E-17
5913.43993186951  4.716782E-17
5916.42686247826  4.416972E-17
5919.41379308701  4.759574E-17
5922.40072369576  5.275189E-17
5925.38765430451  5.230860E-17
5928.37458491326  5.018972E-17
5931.36151552201  5.028681E-17
5934.34844613076  5.074840E-17
5937.33537673951  5.145958E-17
5940.32230734826  5.370984E-17
5943.30923795701  5.476325E-17
5946.29616856576  5.486429E-17
5949.28309917451  5.485693E-17
5952.27002978325  5.191811E-17
5955.256960392  4.857583E-17
5958.24389100075  4.609061E-17
5961.2308216095  4.411439E-17
5964.21775221825  4.422907E-17
5967.204682827  5.144455E-17
5970.19161343575  5.499558E-17
5973.1785440445  5.366896E-17
5976.16547465325  5.005758E-17
5979.152405262  5.015032E-17
5982.13933587075  5.293675E-17
5985.1262664795  5.259830E-17
5988.11319708825  5.116684E-17
5991.100127697  5.276929E-17
5994.08705830575  5.289459E-17
5997.0739889145  5.058791E-17
6000.06091952324  5.363142E-17
6003.04785013199  5.563068E-17
6006.03478074074  5.401004E-17
6009.02171134949  5.289063E-17
6012.00864195824  5.059440E-17
6014.99557256699  5.388417E-17
6017.98250317574  6.044698E-17
6020.96943378449  5.930027E-17
6023.95636439324  5.666623E-17
6026.94329500199  5.577163E-17
6029.93022561074  5.709842E-17
6032.91715621949  5.262377E-17
6035.90408682824  5.153297E-17
6038.89101743699  5.374317E-17
6041.87794804574  5.386910E-17
6044.86487865449  5.753234E-17
6047.85180926324  5.803460E-17
6050.83873987199  5.796909E-17
6053.82567048073  5.894642E-17
6056.81260108948  5.705042E-17
6059.79953169823  5.713150E-17
6062.78646230698  5.650288E-17
6065.77339291573  5.519172E-17
6068.76032352448  5.469299E-17
6071.74725413323  4.976903E-17
6074.73418474198  5.232294E-17
6077.72111535073  5.873375E-17
6080.70804595948  5.511210E-17
6083.69497656823  5.365802E-17
6086.68190717698  5.339617E-17
6089.66883778573  5.106942E-17
6092.65576839448  5.073184E-17
6095.64269900323  4.685787E-17
6098.62962961198  3.732768E-17
6101.61656022072  2.108722E-17
6104.60349082948  4.617194E-18
6107.59042143822  1.723229E-18
6110.57735204697  1.727571E-17
6113.56428265572  3.495142E-17
6116.55121326447  4.093747E-17
6119.53814387322  4.617890E-17
6122.52507448197  4.842161E-17
6125.51200509072  4.562558E-17
6128.49893569947  4.604125E-17
6131.48586630822  4.777063E-17
6134.47279691697  4.901236E-17
6137.45972752572  5.171104E-17
6140.44665813447  5.205426E-17
6143.43358874322  4.996708E-17
6146.42051935197  4.747663E-17
6149.40744996071  4.643146E-17
6152.39438056946  4.982041E-17
6155.38131117821  5.484850E-17
6158.36824178696  5.530200E-17
6161.35517239571  5.256040E-17
6164.34210300446  5.363515E-17
6167.32903361321  5.275047E-17
6170.31596422196  4.715461E-17
6173.30289483071  4.636653E-17
6176.28982543946  5.364024E-17
6179.27675604821  5.462969E-17
6182.26368665696  4.826951E-17
6185.25061726571  5.148980E-17
6188.23754787446  5.894117E-17
6191.22447848321  6.069817E-17
6194.21140909196  6.030739E-17
6197.19833970071  6.139825E-17
6200.18527030945  6.186255E-17
6203.1722009182  6.241587E-17
6206.15913152695  6.328279E-17
6209.1460621357  6.359385E-17
6212.13299274445  6.544304E-17
6215.1199233532  6.707482E-17
6218.10685396195  6.622826E-17
6221.0937845707  6.361852E-17
6224.08071517945  6.218858E-17
6227.0676457882  6.716483E-17
6230.05457639695  7.105493E-17
6233.0415070057  6.576967E-17
6236.02843761445  6.412923E-17
6239.0153682232  7.341943E-17
6242.00229883195  8.251745E-17
6244.9892294407  8.545589E-17
6247.97616004944  8.140073E-17
6250.96309065819  7.997467E-17
6253.95002126694  8.491572E-17
6256.93695187569  8.207040E-17
6259.92388248444  7.707723E-17
6262.91081309319  7.314530E-17
6265.89774370194  7.218195E-17
6268.88467431069  7.526973E-17
6271.87160491944  7.513229E-17
6274.85853552819  7.534846E-17
6277.84546613694  7.450134E-17
6280.83239674569  7.566989E-17
6283.81932735444  7.449728E-17
6286.80625796319  6.949159E-17
6289.79318857194  7.024146E-17
6292.78011918069  6.981062E-17
6295.76704978943  7.196060E-17
6298.75398039818  7.625085E-17
6301.74091100693  7.821048E-17
6304.72784161568  7.655072E-17
6307.71477222443  7.306339E-17
6310.70170283318  7.321009E-17
6313.68863344193  7.010742E-17
6316.67556405068  6.972233E-17
6319.66249465943  7.136049E-17
6322.64942526818  6.957521E-17
6325.63635587693  6.842840E-17
6328.62328648568  6.770515E-17
6331.61021709443  6.426003E-17
6334.59714770318  6.496888E-17
6337.58407831193  6.720326E-17
6340.57100892067  6.730119E-17
6343.55793952943  7.004972E-17
6346.54487013817  7.128189E-17
6349.53180074692  7.165377E-17
6352.51873135567  7.326868E-17
6355.50566196442  7.007513E-17
6358.49259257317  6.706568E-17
6361.47952318192  6.631534E-17
6364.46645379067  6.341503E-17
6367.45338439942  6.423760E-17
6370.44031500817  6.954731E-17
6373.42724561692  6.966677E-17
6376.41417622567  6.563616E-17
6379.40110683442  6.484851E-17
6382.38803744317  6.401988E-17
6385.37496805192  6.228354E-17
6388.36189866067  6.064733E-17
6391.34882926942  5.801742E-17
6394.33575987817  5.882115E-17
6397.32269048692  6.155452E-17
6400.30962109566  6.013597E-17
6403.29655170441  5.620890E-17
6406.28348231316  5.555184E-17
6409.27041292191  5.555267E-17
6412.25734353066  5.581584E-17
6415.24427413941  5.618100E-17
6418.23120474816  5.299568E-17
6421.21813535691  5.233350E-17
6424.20506596566  5.825382E-17
6427.19199657441  6.119438E-17
6430.17892718316  5.582273E-17
6433.16585779191  5.045055E-17
6436.15278840066  4.764548E-17
6439.13971900941  4.612358E-17
6442.12664961816  5.001535E-17
6445.11358022691  5.446097E-17
6448.10051083565  5.514353E-17
6451.0874414444  5.441047E-17
6454.07437205315  5.352999E-17
6457.0613026619  5.243635E-17
6460.04823327065  5.011462E-17
6463.0351638794  4.999596E-17
6466.02209448815  5.059670E-17
6469.0090250969  5.235132E-17
6471.99595570565  5.117042E-17
6474.9828863144  4.821666E-17
6477.96981692315  4.958056E-17
6480.9567475319  5.417146E-17
6483.94367814065  5.345504E-17
6486.9306087494  5.081173E-17
6489.91753935815  5.356912E-17
6492.9044699669  5.394393E-17
6495.89140057564  5.263049E-17
6498.8783311844  5.480075E-17
6501.86526179314  5.618136E-17
6504.85219240189  5.738528E-17
6507.83912301064  5.496745E-17
6510.82605361939  5.143570E-17
6513.81298422814  4.808967E-17
6516.79991483689  4.918442E-17
6519.78684544564  4.853314E-17
6522.77377605439  4.761259E-17
6525.76070666314  5.118693E-17
6528.74763727189  5.439139E-17
6531.73456788064  5.471958E-17
6534.72149848939  5.446626E-17
6537.70842909814  5.226821E-17
6540.69535970689  5.120594E-17
6543.68229031564  5.560479E-17
6546.66922092438  5.549610E-17
6549.65615153313  5.301905E-17
6552.64308214188  5.573189E-17
6555.63001275063  5.726453E-17
6558.61694335938  5.733039E-17
6561.60387396813  5.851152E-17
6564.59080457688  5.943240E-17
6567.57773518563  5.661201E-17
6570.56466579438  5.602484E-17
6573.55159640313  5.427203E-17
6576.53852701188  5.312890E-17
6579.52545762063  5.543332E-17
6582.51238822938  5.493397E-17
6585.49931883813  5.575252E-17
6588.48624944688  5.464511E-17
6591.47318005563  5.384424E-17
6594.46011066437  5.499874E-17
6597.44704127312  5.260120E-17
6600.43397188187  5.234310E-17
6603.42090249062  5.142004E-17
6606.40783309937  4.964610E-17
6609.39476370812  5.504742E-17
6612.38169431687  5.775392E-17
6615.36862492562  5.535917E-17
6618.35555553437  5.830359E-17
6621.34248614312  6.010470E-17
6624.32941675187  5.508233E-17
6627.31634736062  5.415189E-17
6630.30327796937  5.811685E-17
6633.29020857812  5.883896E-17
6636.27713918687  5.668780E-17
6639.26406979562  5.457845E-17
6642.25100040436  5.513675E-17
6645.23793101311  5.676933E-17
6648.22486162186  5.717179E-17
6651.21179223061  5.752768E-17
6654.19872283936  5.559241E-17
6657.18565344811  5.567376E-17
6660.17258405686  6.049584E-17
6663.15951466561  5.991634E-17
6666.14644527436  5.759207E-17
6669.13337588311  6.291385E-17
6672.12030649186  6.537744E-17
6675.10723710061  6.133358E-17
6678.09416770936  6.026185E-17
6681.08109831811  6.214261E-17
6684.06802892686  6.132724E-17
6687.05495953561  6.042920E-17
6690.04189014436  5.965705E-17
6693.0288207531  6.271302E-17
6696.01575136185  6.631286E-17
6699.0026819706  6.466463E-17
6701.98961257935  6.426070E-17
6704.9765431881  6.473386E-17
6707.96347379685  6.846248E-17
6710.9504044056  7.314416E-17
6713.93733501435  7.263856E-17
6716.9242656231  7.304516E-17
6719.91119623185  7.279627E-17
6722.8981268406  6.912212E-17
6725.88505744935  6.910706E-17
6728.8719880581  7.172013E-17
6731.85891866685  7.243378E-17
6734.8458492756  7.807044E-17
6737.83277988435  7.725523E-17
6740.8197104931  7.552461E-17
6743.80664110184  7.572688E-17
6746.79357171059  7.540470E-17
6749.78050231934  7.725655E-17
6752.76743292809  7.887607E-17
6755.75436353684  7.573003E-17
6758.74129414559  7.365403E-17
6761.72822475434  7.461661E-17
6764.71515536309  7.392876E-17
6767.70208597184  7.840956E-17
6770.68901658059  8.300826E-17
6773.67594718934  8.235689E-17
6776.66287779809  8.017356E-17
6779.64980840684  7.553488E-17
6782.63673901559  7.329200E-17
6785.62366962434  7.289520E-17
6788.61060023309  7.306130E-17
6791.59753084183  7.419385E-17
6794.58446145058  7.490474E-17
6797.57139205933  7.203107E-17
6800.55832266808  6.925880E-17
6803.54525327683  7.212531E-17
6806.53218388558  7.381204E-17
6809.51911449433  7.121989E-17
6812.50604510308  7.519936E-17
6815.49297571183  7.150594E-17
6818.47990632058  6.787228E-17
6821.46683692933  6.989011E-17
6824.45376753808  7.026152E-17
6827.44069814683  7.115410E-17
6830.42762875558  7.631069E-17
6833.41455936433  7.677179E-17
6836.40148997308  7.407923E-17
6839.38842058183  7.355249E-17
6842.37535119057  7.043350E-17
6845.36228179932  6.487526E-17
6848.34921240807  6.268328E-17
6851.33614301682  6.506573E-17
6854.32307362557  6.769654E-17
6857.31000423432  6.596980E-17
6860.29693484307  5.744831E-17
6863.28386545182  5.429959E-17
6866.27079606057  5.791479E-17
6869.25772666932  6.082023E-17
6872.24465727807  6.056763E-17
6875.23158788682  6.231962E-17
6878.21851849557  6.136363E-17
6881.20544910432  5.645665E-17
6884.19237971307  5.927754E-17
6887.17931032182  6.271855E-17
6890.16624093056  5.768613E-17
6893.15317153931  5.798328E-17
6896.14010214806  6.211170E-17
6899.12703275681  5.614403E-17
6902.11396336556  5.115945E-17
6905.10089397431  5.648472E-17
6908.08782458306  5.946040E-17
6911.07475519181  5.662603E-17
6914.06168580056  5.334850E-17
6917.04861640931  5.267305E-17
6920.03554701806  5.357841E-17
6923.02247762681  5.604780E-17
6926.00940823556  5.839870E-17
6928.99633884431  5.903125E-17
6931.98326945306  6.105388E-17
6934.97020006181  6.126599E-17
6937.95713067055  5.990036E-17
6940.9440612793  5.649835E-17
6943.93099188805  5.653000E-17
6946.9179224968  6.411812E-17
6949.90485310555  6.657320E-17
6952.8917837143  6.225486E-17
6955.87871432305  6.159743E-17
6958.8656449318  6.365443E-17
6961.85257554055  6.069302E-17
6964.8395061493  5.650054E-17
6967.82643675805  6.006191E-17
6970.8133673668  6.559597E-17
6973.80029797555  6.523280E-17
6976.7872285843  6.249297E-17
6979.77415919305  6.247678E-17
6982.7610898018  6.190094E-17
6985.74802041055  6.166979E-17
6988.73495101929  6.561501E-17
6991.72188162804  6.374012E-17
6994.70881223679  6.004257E-17
6997.69574284554  6.182502E-17
7000.68267345429  6.145128E-17
7003.66960406304  6.300330E-17
7006.65653467179  6.747020E-17
7009.64346528054  6.437761E-17
7012.63039588929  6.273038E-17
7015.61732649804  6.397948E-17
7018.60425710679  5.891265E-17
7021.59118771554  5.190169E-17
7024.57811832429  5.243124E-17
7027.56504893304  5.785633E-17
7030.55197954179  5.960889E-17
7033.53891015053  6.054742E-17
7036.52584075928  5.984210E-17
7039.51277136803  5.712792E-17
7042.49970197678  5.701006E-17
7045.48663258553  6.022166E-17
7048.47356319428  6.005969E-17
7051.46049380303  5.662739E-17
7054.44742441178  5.690155E-17
7057.43435502053  5.491819E-17
7060.42128562928  5.274885E-17
7063.40821623803  5.041770E-17
7066.39514684678  5.191224E-17
7069.38207745553  5.283562E-17
7072.36900806428  4.925677E-17
7075.35593867303  4.885772E-17
7078.34286928178  5.249728E-17
7081.32979989053  5.475088E-17
7084.31673049928  5.598714E-17
7087.30366110803  5.659642E-17
7090.29059171677  5.511056E-17
7093.27752232552  5.276724E-17
7096.26445293427  4.983664E-17
7099.25138354302  5.265799E-17
7102.23831415177  5.590061E-17
7105.22524476052  5.663469E-17
7108.21217536927  5.502625E-17
7111.19910597802  5.589334E-17
7114.18603658677  5.530073E-17
7117.17296719552  5.468361E-17
7120.15989780427  5.670389E-17
7123.14682841302  5.372715E-17
7126.13375902177  4.802967E-17
7129.12068963052  4.758062E-17
7132.10762023927  4.989967E-17
7135.09455084801  5.328174E-17
7138.08148145676  5.418356E-17
7141.06841206551  5.471367E-17
7144.05534267426  5.228410E-17
7147.04227328301  4.928255E-17
7150.02920389176  4.854818E-17
7153.01613450051  4.819319E-17
7156.00306510926  4.907337E-17
7158.98999571801  4.861873E-17
7161.97692632676  4.550579E-17
7164.96385693551  4.634850E-17
7167.95078754426  4.849545E-17
7170.93771815301  4.564113E-17
7173.92464876176  4.528395E-17
7176.91157937051  4.644078E-17
7179.89850997926  5.085930E-17
7182.885440588  4.523892E-17
7185.87237119676  4.145096E-17
7188.8593018055  4.328960E-17
7191.84623241425  4.511583E-17
7194.833163023  4.912468E-17
7197.82009363175  5.303149E-17
7200.8070242405  5.085839E-17
7203.79395484925  4.498643E-17
7206.780885458  4.176679E-17
7209.76781606675  4.170498E-17
7212.7547466755  4.290801E-17
7215.74167728425  4.373099E-17
7218.728607893  4.652335E-17
7221.71553850175  4.796794E-17
7224.7024691105  4.549029E-17
7227.68939971924  4.560588E-17
7230.676330328  4.422870E-17
7233.66326093675  4.122089E-17
7236.65019154549  4.662127E-17
7239.63712215424  4.869531E-17
7242.62405276299  4.380220E-17
7245.61098337174  4.588542E-17
7248.59791398049  4.041423E-17
7251.58484458924  3.761924E-17
7254.57177519799  3.715457E-17
7257.55870580674  3.906553E-17
7260.54563641549  4.077592E-17
7263.53256702424  4.053678E-17
7266.51949763299  3.700028E-17
7269.50642824174  2.908733E-17
7272.49335885049  3.010430E-17
7275.48028945924  3.682263E-17
7278.46722006799  3.333759E-17
7281.45415067673  2.904381E-17
7284.44108128548  3.057376E-17
7287.42801189423  3.702729E-17
7290.41494250298  4.166198E-17
7293.40187311173  4.327191E-17
7296.38880372048  3.967328E-17
7299.37573432923  3.656248E-17
7302.36266493798  3.615859E-17
7305.34959554673  3.387473E-17
7308.33652615548  3.315287E-17
7311.32345676423  3.342461E-17
7314.31038737298  3.171101E-17
7317.29731798173  3.390991E-17
7320.28424859048  3.818714E-17
7323.27117919923  3.702294E-17
7326.25810980798  3.782736E-17
7329.24504041672  4.168227E-17
7332.23197102547  4.383224E-17
7335.21890163422  4.369222E-17
7338.20583224297  4.385151E-17
7341.19276285172  4.066667E-17
7344.17969346047  3.779851E-17
7347.16662406922  3.644244E-17
7350.15355467797  3.762395E-17
7353.14048528672  4.099545E-17
7356.12741589547  3.632504E-17
7359.11434650422  3.645666E-17
7362.10127711297  4.310245E-17
7365.08820772172  3.988129E-17
7368.07513833047  3.216678E-17
7371.06206893922  3.326763E-17
7374.04899954796  3.775888E-17
7377.03593015671  3.702321E-17
7380.02286076547  3.385880E-17
7383.00979137421  3.396772E-17
7385.99672198296  3.412205E-17
7388.98365259171  3.312014E-17
7391.97058320046  3.461369E-17
7394.95751380921  3.753789E-17
7397.94444441796  4.619358E-17
7400.93137502671  4.705812E-17
7403.91830563546  4.239185E-17
7406.90523624421  3.854838E-17
7409.89216685296  3.525001E-17
7412.87909746171  3.618712E-17
7415.86602807046  3.672803E-17
7418.85295867921  3.443945E-17
7421.83988928796  3.523803E-17
7424.82681989671  3.846629E-17
7427.81375050545  3.892937E-17
7430.8006811142  3.861665E-17
7433.78761172295  3.927908E-17
7436.7745423317  3.987569E-17
7439.76147294045  4.247112E-17
7442.7484035492  4.176204E-17
7445.73533415795  3.885175E-17
7448.7222647667  4.130850E-17
7451.70919537545  4.427991E-17
7454.6961259842  4.471056E-17
7457.68305659295  4.529439E-17
7460.6699872017  4.499194E-17
7463.65691781045  4.382530E-17
7466.6438484192  4.048433E-17
7469.63077902795  3.873322E-17
7472.6177096367  4.543484E-17
7475.60464024545  4.707578E-17
7478.59157085419  4.678628E-17
7481.57850146294  4.953555E-17
7484.56543207169  4.947132E-17
7487.55236268044  4.958432E-17
7490.53929328919  5.179830E-17
7493.52622389794  5.539637E-17
7496.51315450669  5.749801E-17
7499.50008511544  5.544465E-17
7502.48701572419  5.418989E-17
7505.47394633294  5.598683E-17
7508.46087694169  5.807593E-17
7511.44780755044  5.388757E-17
7514.43473815919  5.152139E-17
7517.42166876794  4.864845E-17
7520.40859937669  4.705903E-17
7523.39552998543  4.833002E-17
7526.38246059418  5.315218E-17
7529.36939120293  5.779801E-17
7532.35632181168  5.670201E-17
7535.34325242043  5.428345E-17
7538.33018302918  5.131717E-17
7541.31711363793  4.774848E-17
7544.30404424668  4.435122E-17
7547.29097485543  4.530408E-17
7550.27790546418  5.230817E-17
7553.26483607293  5.575135E-17
7556.25176668168  5.121834E-17
7559.23869729043  4.873899E-17
7562.22562789918  4.545662E-17
7565.21255850793  3.973005E-17
7568.19948911668  4.081942E-17
7571.18641972542  4.441488E-17
7574.17335033418  4.426367E-17
7577.16028094292  3.698359E-17
7580.14721155167  3.825935E-17
7583.13414216042  3.871187E-17
7586.12107276917  3.963422E-17
7589.10800337792  4.527382E-17
7592.09493398667  4.753883E-17
7595.08186459542  4.480912E-17
7598.06879520417  7.695887E-17
7601.05572581292  1.602171E-16
7604.04265642167  1.641936E-16
7607.02958703042  9.271451E-17
7610.01651763917  5.971141E-17
7613.00344824792  5.229475E-17
7615.99037885667  3.990061E-17
7618.97730946542  3.636940E-17
7621.96424007417  4.906692E-17
7624.95117068292  6.493443E-17
7627.93810129167  6.823721E-17
7630.92503190041  6.582114E-17
7633.91196250916  6.439213E-17
7636.89889311791  5.649218E-17
7639.88582372666  5.124372E-17
7642.87275433541  5.000087E-17
7645.85968494416  4.384317E-17
7648.84661555291  4.441273E-17
7651.83354616166  4.522015E-17
7654.82047677041  4.833423E-17
7657.80740737916  4.264438E-17
7660.79433798791  4.008431E-17
7663.78126859666  4.614012E-17
7666.76819920541  4.786624E-17
7669.75512981416  4.625939E-17
7672.74206042291  4.223810E-17
7675.72899103165  3.467823E-17
7678.7159216404  3.891987E-17
7681.70285224916  4.579097E-17
7684.6897828579  4.944861E-17
7687.67671346665  4.617193E-17
7690.6636440754  4.207593E-17
7693.65057468415  4.214690E-17
7696.6375052929  4.282993E-17
7699.62443590165  4.500660E-17
7702.6113665104  5.106511E-17
7705.59829711915  5.277200E-17
7708.5852277279  4.931795E-17
7711.57215833665  5.583635E-17
7714.5590889454  6.808645E-17
7717.54601955415  7.148861E-17
7720.5329501629  7.314244E-17
7723.51988077164  7.490366E-17
7726.50681138039  7.002709E-17
7729.49374198914  6.122592E-17
7732.48067259789  5.308542E-17
7735.46760320664  5.240063E-17
7738.45453381539  5.990126E-17
7741.44146442414  6.570546E-17
7744.42839503289  6.293586E-17
7747.41532564164  5.583196E-17
7750.40225625039  5.285607E-17
7753.38918685914  4.913965E-17
7756.37611746789  4.368229E-17
7759.36304807664  4.027688E-17
7762.34997868539  4.421827E-17
7765.33690929414  4.475425E-17
7768.32383990289  4.156158E-17
7771.31077051164  3.736043E-17
7774.29770112039  3.756341E-17
7777.28463172913  5.029574E-17
7780.27156233788  5.549374E-17
7783.25849294663  4.960419E-17
7786.24542355538  5.075781E-17
7789.23235416413  5.107005E-17
7792.21928477288  4.542402E-17
7795.20621538163  3.718676E-17
7798.19314599038  3.190430E-17
7801.18007659913  3.126063E-17
7804.16700720788  3.282724E-17
7807.15393781663  3.632338E-17
7810.14086842538  3.712977E-17
7813.12779903413  3.120787E-17
7816.11472964288  2.954185E-17
7819.10166025163  3.411181E-17
7822.08859086038  3.469009E-17
7825.07552146912  4.203794E-17
7828.06245207787  4.382857E-17
7831.04938268662  3.540039E-17
7834.03631329537  3.376141E-17
7837.02324390412  3.951372E-17
7840.01017451287  4.224685E-17
7842.99710512162  3.859570E-17
7845.98403573037  3.094935E-17
7848.97096633912  3.085045E-17
7851.95789694787  3.223868E-17
7854.94482755662  3.494459E-17
7857.93175816537  4.332673E-17
7860.91868877412  4.604239E-17
7863.90561938287  4.086149E-17
7866.89254999162  3.646817E-17
7869.87948060037  3.427906E-17
7872.86641120911  3.104539E-17
7875.85334181787  3.054991E-17
7878.84027242661  3.500456E-17
7881.82720303536  3.652185E-17
7884.81413364411  4.016321E-17
7887.80106425286  3.459888E-17
7890.78799486161  2.888109E-17
7893.77492547036  3.371853E-17
7896.76185607911  4.242173E-17
7899.74878668786  4.449898E-17
7902.73571729661  3.780277E-17
7905.72264790536  3.124996E-17
7908.70957851411  3.217756E-17
7911.69650912286  3.597649E-17
7914.68343973161  4.140710E-17
7917.67037034036  4.568075E-17
7920.65730094911  4.345065E-17
7923.64423155785  4.094675E-17
7926.6311621666  3.137475E-17
7929.61809277535  2.627505E-17
7932.6050233841  3.113143E-17
7935.59195399285  3.668000E-17
7938.5788846016  3.468403E-17
7941.56581521035  3.364935E-17
7944.5527458191  3.874035E-17
7947.53967642785  3.837135E-17
7950.5266070366  3.358610E-17
7953.51353764535  2.677630E-17
7956.5004682541  2.767545E-17
7959.48739886285  3.292622E-17
7962.4743294716  2.848131E-17
7965.46126008035  2.708524E-17
7968.4481906891  3.821436E-17
7971.43512129784  4.569164E-17
7974.42205190659  3.858088E-17
7977.40898251534  3.460205E-17
7980.39591312409  4.072081E-17
7983.38284373284  4.051426E-17
7986.36977434159  4.641988E-17
7989.35670495034  4.561965E-17
7992.34363555909  3.622829E-17
7995.33056616784  2.992525E-17
7998.31749677659  2.626198E-17
8001.30442738534  2.628788E-17
8004.29135799409  3.010919E-17
8007.27828860284  3.270746E-17
8010.26521921159  3.256413E-17
8013.25214982034  2.973649E-17
8016.23908042908  3.071774E-17
8019.22601103783  3.201224E-17
8022.21294164658  3.166008E-17
8025.19987225533  3.670661E-17
8028.18680286408  3.702163E-17
8031.17373347283  3.573642E-17
8034.16066408158  3.328496E-17
8037.14759469033  3.229149E-17
8040.13452529908  3.479874E-17
8043.12145590783  3.214522E-17
8046.10838651658  3.624053E-17
8049.09531712533  4.452814E-17
8052.08224773408  4.467254E-17
8055.06917834283  4.188374E-17
8058.05610895158  3.656198E-17
8061.04303956033  4.052843E-17
8064.02997016908  4.710433E-17
8067.01690077782  4.593979E-17
8070.00383138658  4.483324E-17
8072.99076199532  4.206180E-17
8075.97769260407  3.420355E-17
8078.96462321282  3.208714E-17
8081.95155382157  3.367324E-17
8084.93848443032  3.301882E-17
8087.92541503907  3.507253E-17
8090.91234564782  3.545441E-17
8093.89927625657  3.962175E-17
8096.88620686532  4.090145E-17
8099.87313747407  4.182308E-17
8102.86006808282  3.908815E-17
8105.84699869157  3.259578E-17
8108.83392930032  3.684555E-17
8111.82085990907  3.728390E-17
8114.80779051782  3.854936E-17
8117.79472112657  3.814761E-17
8120.78165173532  4.302564E-17
8123.76858234406  4.188722E-17
8126.75551295281  4.079878E-17
8129.74244356156  3.275780E-17
8132.72937417031  3.104553E-17
8135.71630477906  3.886633E-17
8138.70323538781  3.922324E-17
8141.69016599656  3.807611E-17
8144.67709660531  4.025565E-17
8147.66402721406  4.329901E-17
8150.65095782281  3.532836E-17
8153.63788843156  2.836311E-17
8156.62481904031  2.917444E-17
8159.61174964906  3.111246E-17
8162.59868025781  3.922433E-17
8165.58561086656  4.175074E-17
8168.57254147531  3.321247E-17
8171.55947208405  3.658370E-17
8174.5464026928  4.665028E-17
8177.53333330155  4.105211E-17
8180.5202639103  3.166946E-17
8183.50719451905  3.276003E-17
8186.4941251278  4.171279E-17
8189.48105573655  4.883826E-17
8192.4679863453  4.468309E-17
8195.45491695405  4.553235E-17
8198.4418475628  4.855948E-17
8201.42877817155  4.002501E-17
8204.4157087803  3.467343E-17
8207.40263938905  3.393851E-17
8210.3895699978  2.890993E-17
8213.37650060655  3.301853E-17
8216.3634312153  4.129946E-17
8219.35036182405  4.214842E-17
8222.33729243279  3.945969E-17
8225.32422304154  4.463854E-17
8228.31115365029  4.934627E-17
8231.29808425904  5.118436E-17
8234.28501486779  4.897667E-17
8237.27194547654  4.269705E-17
8240.25887608529  4.904320E-17
8243.24580669404  5.835621E-17
8246.23273730279  5.846717E-17
8249.21966791154  5.339178E-17
8252.20659852029  4.385577E-17
8255.19352912904  3.558646E-17
8258.18045973779  3.380859E-17
8261.16739034654  3.650364E-17
8264.15432095529  3.857450E-17
8267.14125156404  4.385473E-17
8270.12818217279  5.038880E-17
8273.11511278153  5.273051E-17
8276.10204339028  6.776881E-17
8279.08897399903  7.018769E-17
8282.07590460778  6.027324E-17
8285.06283521653  6.414787E-17
8288.04976582528  6.064717E-17
8291.03669643403  5.194718E-17
8294.02362704278  5.956857E-17
8297.01055765153  6.383925E-17
8299.99748826028  5.387556E-17
8302.98441886903  6.131942E-17
8305.97134947778  7.409611E-17
8308.95828008653  5.972322E-17
8311.94521069528  5.311898E-17
8314.93214130403  4.515371E-17
8317.91907191277  4.121437E-17
8320.90600252152  4.594696E-17
8323.89293313027  5.205067E-17
8326.87986373902  6.058676E-17
8329.86679434777  7.163932E-17
8332.85372495652  6.895734E-17
8335.84065556527  4.224117E-17
8338.82758617402  2.870345E-17
8341.81451678277  4.656269E-17
8344.80144739152  5.865270E-17
8347.78837800027  7.518752E-17
8350.77530860902  9.807746E-17
8353.76223921777  8.732595E-17
8356.74916982652  6.065721E-17
8359.73610043527  5.108791E-17
8362.72303104402  5.128485E-17
8365.70996165277  5.399735E-17
8368.69689226151  5.865953E-17
8371.68382287026  6.441112E-17
8374.67075347901  6.323994E-17
8377.65768408776  6.692942E-17
8380.64461469651  6.968011E-17
8383.63154530526  6.610728E-17
8386.61847591401  5.068290E-17
8389.60540652276  2.102023E-17
8392.59233713151  9.884642E-18
8395.57926774026  2.796735E-17
8398.56619834901  3.614712E-17
8401.55312895776  4.192051E-17
8404.54005956651  5.694396E-17
8407.52699017526  5.419016E-17
8410.51392078401  4.200332E-17
8413.50085139275  4.454187E-17
8416.48778200151  5.916612E-17
8419.47471261025  6.891715E-17
8422.461643219  7.401295E-17
8425.44857382775  8.004739E-17
8428.4355044365  7.677631E-17
8431.42243504525  6.956324E-17
8434.409365654  6.798057E-17
8437.39629626275  6.516606E-17
8440.3832268715  5.500443E-17
8443.37015748025  4.701139E-17
8446.357088089  4.261314E-17
8449.34401869775  3.919185E-17
8452.3309493065  3.884593E-17
8455.31787991525  4.114666E-17
8458.30481052399  4.346921E-17
8461.29174113275  4.420930E-17
8464.27867174149  3.993349E-17
8467.26560235024  2.789006E-17
8470.25253295899  1.607961E-17
8473.23946356774  1.696668E-17
8476.22639417649  2.439694E-17
8479.21332478524  2.952944E-17
8482.20025539399  3.245995E-17
8485.18718600274  3.058988E-17
8488.17411661149  2.492623E-17
8491.16104722024  2.521644E-17
8494.14797782899  3.215012E-17
8497.13490843774  3.559613E-17
8500.12183904649  3.244470E-17
8503.10876965524  2.938498E-17
8506.09570026399  2.870786E-17
8509.08263087274  3.049054E-17
8512.06956148149  3.160392E-17
8515.05649209024  3.314042E-17
8518.04342269898  3.387227E-17
8521.03035330773  2.897695E-17
8524.01728391648  2.449413E-17
8527.00421452523  2.456557E-17
8529.99114513398  2.650332E-17
8532.97807574273  2.684515E-17
8535.96500635148  2.702855E-17
8538.95193696023  2.824836E-17
8541.93886756898  3.240257E-17
8544.92579817773  2.871931E-17
8547.91272878648  2.349603E-17
8550.89965939523  2.688955E-17
8553.88659000398  2.666917E-17
8556.87352061273  2.971229E-17
8559.86045122148  3.490366E-17
8562.84738183022  3.787989E-17
8565.83431243898  3.608873E-17
8568.82124304772  3.448767E-17
8571.80817365647  3.323848E-17
8574.79510426522  3.270554E-17
8577.78203487397  3.257757E-17
8580.76896548272  3.463780E-17
8583.75589609147  3.405682E-17
8586.74282670022  2.333517E-17
8589.72975730897  2.433554E-17
8592.71668791772  3.086768E-17
8595.70361852647  2.494618E-17
8598.69054913522  2.972669E-17
8601.67747974397  3.963978E-17
8604.66441035272  3.772631E-17
8607.65134096146  4.349987E-17
8610.63827157022  5.913804E-17
8613.62520217896  5.500901E-17
8616.61213278771  3.883711E-17
8619.59906339646  4.354527E-17
8622.58599400521  5.740031E-17
8625.57292461396  4.855460E-17
8628.55985522271  3.941787E-17
8631.54678583146  3.446166E-17
8634.53371644021  3.578041E-17
8637.52064704896  3.736206E-17
8640.50757765771  3.234943E-17
8643.49450826646  3.193576E-17
8646.48143887521  3.210016E-17
8649.46836948396  3.321255E-17
8652.45530009271  4.417533E-17
8655.44223070146  3.828890E-17
8658.42916131021  3.935967E-17
8661.41609191896  4.412005E-17
8664.4030225277  4.223003E-17
8667.38995313645  3.824746E-17
8670.3768837452  3.476490E-17
8673.36381435395  3.186033E-17
8676.3507449627  3.104822E-17
8679.33767557145  3.250725E-17
8682.3246061802  3.013767E-17
8685.31153678895  3.283704E-17
8688.2984673977  4.175725E-17
8691.28539800645  3.812902E-17
8694.2723286152  3.848416E-17
8697.25925922395  4.501450E-17
8700.2461898327  4.606911E-17
8703.23312044145  4.325078E-17
8706.2200510502  4.337309E-17
8709.20698165895  4.946923E-17
8712.1939122677  4.592287E-17
8715.18084287645  4.061209E-17
8718.1677734852  4.637437E-17
8721.15470409394  4.452520E-17
8724.14163470269  4.630271E-17
8727.12856531144  4.906552E-17
8730.11549592019  5.103476E-17
8733.10242652894  5.649268E-17
8736.08935713769  5.412189E-17
8739.07628774644  4.971595E-17
8742.06321835519  5.247172E-17
8745.05014896394  5.469810E-17
8748.03707957269  5.026391E-17
8751.02401018144  4.144613E-17
8754.01094079019  3.901468E-17
8756.99787139894  4.033808E-17
8759.98480200769  4.009082E-17
8762.97173261644  3.454342E-17
8765.95866322519  3.140714E-17
8768.94559383394  3.698060E-17
8771.93252444268  4.359046E-17
8774.91945505143  5.517263E-17
8777.90638566018  4.279700E-17
8780.89331626893  3.783003E-17
8783.88024687768  3.172161E-17
8786.86717748643  2.684298E-17
8789.85410809518  3.275773E-17
8792.84103870393  3.738804E-17
8795.82796931268  3.617915E-17
8798.81489992143  3.444858E-17
8801.80183053018  3.419787E-17
8804.78876113893  3.340510E-17
8807.77569174768  3.293393E-17
8810.76262235643  2.531031E-17
8813.74955296518  1.659347E-18
8816.73648357392  -1.515721E-17
8819.72341418267  -6.443648E-18
8822.71034479142  4.618611E-18
8825.69727540017  7.622226E-18
8828.68420600892  2.171991E-17
8831.67113661767  3.464859E-17
8834.65806722642  3.004698E-17
8837.64499783517  2.601665E-17
8840.63192844392  2.969521E-17
8843.61885905267  3.841173E-17
8846.60578966142  3.335069E-17
8849.59272027017  2.772878E-17
8852.57965087892  3.203509E-17
8855.56658148767  3.324844E-17
8858.55351209642  2.690769E-17
8861.54044270517  2.443280E-17
8864.52737331392  3.436561E-17
8867.51430392267  3.501242E-17
8870.50123453141  2.236620E-17
8873.48816514016  1.400688E-18
8876.47509574891  -4.484696E-18
8879.46202635766  7.686216E-18
8882.44895696641  1.381497E-17
8885.43588757516  1.633713E-17
8888.42281818391  1.902679E-17
8891.40974879266  1.231550E-17
8894.39667940141  1.656371E-17
8897.38361001016  3.217026E-17
8900.37054061891  5.806345E-17
8903.35747122766  7.541279E-17
8906.34440183641  7.382052E-17
8909.33133244516  7.210674E-17
8912.31826305391  7.308420E-17
8915.30519366266  7.006752E-17
8918.29212427141  9.095288E-17
8921.27905488015  1.367427E-16
8924.2659854889  1.457744E-16
8927.25291609765  1.125053E-16
8930.2398467064  6.679353E-17
8933.22677731515  3.480995E-17
8936.2137079239  3.157798E-17
8939.20063853265  2.839301E-17
8942.1875691414  2.453622E-17
8945.17449975015  3.177618E-17
8948.1614303589  3.296356E-17
8951.14836096765  1.808372E-17
8954.1352915764  6.973405E-18
8957.12222218515  1.414952E-17
8960.1091527939  1.575466E-17
8963.09608340265  1.983462E-17
8966.08301401139  3.773088E-17
8969.06994462014  5.812004E-17
8972.05687522889  5.525966E-17
8975.04380583764  5.171918E-17
8978.03073644639  5.905731E-17
8981.01766705514  5.065391E-17
8984.00459766389  4.454010E-17
8986.99152827264  2.956016E-17
8989.97845888139  2.737168E-17
8992.96538949014  3.889866E-17
8995.95232009889  4.350561E-17
8998.93925070764  4.167799E-17
9001.92618131639  4.892791E-17
9004.91311192514  4.538362E-17
9007.90004253389  3.152293E-17
9010.88697314264  3.086937E-17
9013.87390375139  3.359125E-17
9016.86083436013  4.210304E-17
9019.84776496888  5.473023E-17
9022.83469557763  5.577548E-17
9025.82162618638  6.403641E-17
9028.80855679513  6.881249E-17
9031.79548740388  6.804619E-17
9034.78241801263  6.086449E-17
9037.76934862138  5.183524E-17
9040.75627923013  6.850865E-17
9043.74320983888  8.225455E-17
9046.73014044763  6.681467E-17
9049.71707105638  7.789490E-17
9052.70400166513  7.825947E-17
9055.69093227388  7.444095E-17
9058.67786288263  6.141835E-17
9061.66479349137  4.446146E-17
9064.65172410013  3.744385E-17
9067.63865470887  3.472252E-17
9070.62558531762  2.164420E-17
9073.61251592637  1.168803E-17
9076.59944653512  3.129709E-17
