3676.1901821761  1.666262E-16
3681.7123956022  1.529945E-16
3687.23460902829  1.450513E-16
3692.75682245439  1.432534E-16
3698.27903588049  1.394715E-16
3703.80124930659  1.408702E-16
3709.32346273268  1.606686E-16
3714.84567615878  1.570709E-16
3720.36788958488  1.481484E-16
3725.89010301097  1.551425E-16
3731.41231643707  1.550797E-16
3736.93452986317  1.451405E-16
3742.45674328927  1.499425E-16
3747.97895671536  1.525743E-16
3753.50117014146  1.530140E-16
3759.02338356756  1.404999E-16
3764.54559699365  1.399635E-16
3770.06781041975  1.508930E-16
3775.59002384585  1.436004E-16
3781.11223727195  1.533231E-16
3786.63445069804  1.584103E-16
3792.15666412414  1.412370E-16
3797.67887755024  1.522369E-16
3803.20109097633  1.459089E-16
3808.72330440243  1.530399E-16
3814.24551782853  1.465904E-16
3819.76773125462  1.424230E-16
3825.28994468072  1.357657E-16
3830.81215810682  1.409378E-16
3836.33437153292  1.405506E-16
3841.85658495901  1.376290E-16
3847.37879838511  1.353805E-16
3852.90101181121  1.368419E-16
3858.42322523731  1.271392E-16
3863.9454386634  1.266588E-16
3869.4676520895  1.362508E-16
3874.9898655156  1.287607E-16
3880.51207894169  1.327105E-16
3886.03429236779  1.245163E-16
3891.55650579389  1.222674E-16
3897.07871921998  1.253598E-16
3902.60093264608  1.242091E-16
3908.12314607218  1.177934E-16
3913.64535949828  1.251031E-16
3919.16757292437  1.144757E-16
3924.68978635047  1.199612E-16
3930.21199977657  1.185996E-16
3935.73421320266  1.153751E-16
3941.25642662876  1.197619E-16
3946.77864005486  1.215001E-16
3952.30085348096  1.180088E-16
3957.82306690705  1.240096E-16
3963.34528033315  1.242456E-16
3968.86749375925  1.295403E-16
3974.38970718534  1.239957E-16
3979.91192061144  1.284746E-16
3985.43413403754  1.222995E-16
3990.95634746364  1.228737E-16
3996.47856088973  1.227079E-16
4002.00077431583  1.258793E-16
4007.52298774193  1.284848E-16
4013.04520116802  1.320649E-16
4018.56741459412  1.272375E-16
4024.08962802022  1.221703E-16
4029.61184144632  1.252094E-16
4035.13405487241  1.213843E-16
4040.65626829851  1.175271E-16
4046.17848172461  1.166240E-16
4051.7006951507  1.145031E-16
4057.2229085768  1.152584E-16
4062.7451220029  1.133213E-16
4068.26733542899  1.146850E-16
4073.78954885509  1.118781E-16
4079.31176228119  1.159391E-16
4084.83397570729  1.164718E-16
4090.35618913338  1.177100E-16
4095.87840255948  1.162643E-16
4101.40061598558  1.216031E-16
4106.92282941167  1.216520E-16
4112.44504283777  1.211967E-16
4117.96725626387  1.149759E-16
4123.48946968997  1.100917E-16
4129.01168311606  1.126536E-16
4134.53389654216  1.202818E-16
4140.05610996826  1.320899E-16
4145.57832339436  1.311624E-16
4151.10053682045  1.264707E-16
4156.62275024655  1.135610E-16
4162.14496367265  1.151708E-16
4167.66717709874  1.099952E-16
4173.18939052484  1.147606E-16
4178.71160395094  1.087486E-16
4184.23381737703  1.108752E-16
4189.75603080313  1.058968E-16
4195.27824422923  1.110688E-16
4200.80045765533  1.102161E-16
4206.32267108142  1.116508E-16
4211.84488450752  1.079147E-16
4217.36709793362  1.131256E-16
4222.88931135971  1.106309E-16
4228.41152478581  1.160787E-16
4233.93373821191  1.148258E-16
4239.45595163801  1.152411E-16
4244.9781650641  1.122356E-16
4250.5003784902  1.084154E-16
4256.0225919163  1.140199E-16
4261.54480534239  1.104571E-16
4267.06701876849  1.150399E-16
4272.58923219459  1.096551E-16
4278.11144562069  1.129525E-16
4283.63365904678  1.117645E-16
4289.15587247288  1.127043E-16
4294.67808589898  1.155783E-16
4300.20029932507  1.112503E-16
4305.72251275117  1.133142E-16
4311.24472617727  1.110641E-16
4316.76693960337  1.105704E-16
4322.28915302946  1.068881E-16
4327.81136645556  1.091951E-16
4333.33357988166  1.098277E-16
4338.85579330775  1.097708E-16
4344.37800673385  1.081957E-16
4349.90022015995  1.112398E-16
4355.42243358604  1.083920E-16
4360.94464701214  1.069392E-16
4366.46686043824  1.112757E-16
4371.98907386434  1.105093E-16
4377.51128729043  1.102326E-16
4383.03350071653  1.127897E-16
4388.55571414263  1.156022E-16
4394.07792756873  1.106304E-16
4399.60014099482  1.149682E-16
4405.12235442092  1.175053E-16
4410.64456784702  1.196426E-16
4416.16678127311  1.151661E-16
4421.68899469921  1.185878E-16
4427.21120812531  1.207085E-16
4432.7334215514  1.109236E-16
4438.2556349775  1.153378E-16
4443.7778484036  1.152460E-16
4449.3000618297  1.144044E-16
4454.82227525579  1.170917E-16
4460.34448868189  1.135860E-16
4465.86670210799  1.165720E-16
4471.38891553408  1.192381E-16
4476.91112896018  1.151780E-16
4482.43334238628  1.104612E-16
4487.95555581238  1.101183E-16
4493.47776923847  1.034898E-16
4498.99998266457  1.108171E-16
4504.52219609067  1.116490E-16
4510.04440951676  1.119711E-16
4515.56662294286  1.126293E-16
4521.08883636896  1.111307E-16
4526.61104979506  1.091427E-16
4532.13326322115  1.054322E-16
4537.65547664725  1.103376E-16
4543.17769007334  1.059418E-16
4548.69990349944  1.032908E-16
4554.22211692554  1.049818E-16
4559.74433035164  1.025781E-16
4565.26654377774  1.032808E-16
4570.78875720383  1.043466E-16
4576.31097062993  1.035188E-16
4581.83318405603  1.043441E-16
4587.35539748212  1.026284E-16
4592.87761090822  1.027534E-16
4598.39982433432  1.033905E-16
4603.92203776041  1.038442E-16
4609.44425118651  1.082854E-16
4614.96646461261  1.001689E-16
4620.48867803871  1.096637E-16
4626.0108914648  1.055414E-16
4631.5331048909  1.011507E-16
4637.055318317  1.032312E-16
4642.57753174309  1.019843E-16
4648.09974516919  1.043969E-16
4653.62195859529  1.012683E-16
4659.14417202139  9.873262E-17
4664.66638544748  9.816320E-17
4670.18859887358  1.018679E-16
4675.71081229968  9.990787E-17
4681.23302572577  1.019657E-16
4686.75523915187  9.624968E-17
4692.27745257797  9.952319E-17
4697.79966600406  9.971992E-17
4703.32187943016  9.668269E-17
4708.84409285626  9.714807E-17
4714.36630628236  9.737418E-17
4719.88851970845  9.643231E-17
4725.41073313455  9.545245E-17
4730.93294656065  9.975294E-17
4736.45515998675  9.887662E-17
4741.97737341284  9.488243E-17
4747.49958683894  9.374509E-17
4753.02180026504  9.815862E-17
4758.54401369113  9.891587E-17
4764.06622711723  1.054010E-16
4769.58844054333  1.091712E-16
4775.11065396942  1.068929E-16
4780.63286739552  1.102066E-16
4786.15508082162  1.123902E-16
4791.67729424772  1.083254E-16
4797.19950767381  1.080018E-16
4802.72172109991  1.049227E-16
4808.24393452601  1.051649E-16
4813.7661479521  1.071907E-16
4819.2883613782  1.080812E-16
4824.8105748043  1.059453E-16
4830.33278823039  1.077359E-16
4835.85500165649  1.045648E-16
4841.37721508259  1.026922E-16
4846.89942850869  1.027636E-16
4852.42164193478  1.072947E-16
4857.94385536088  1.073141E-16
4863.46606878698  1.056866E-16
4868.98828221308  1.041340E-16
4874.51049563917  1.027545E-16
4880.03270906527  1.034905E-16
4885.55492249137  1.009872E-16
4891.07713591746  1.015217E-16
4896.59934934356  1.010300E-16
4902.12156276966  9.793905E-17
4907.64377619575  9.584690E-17
4913.16598962185  9.569687E-17
4918.68820304795  9.455323E-17
4924.21041647405  9.504693E-17
4929.73262990014  9.587464E-17
4935.25484332624  9.253735E-17
4940.77705675234  9.081132E-17
4946.29927017843  8.638043E-17
4951.82148360453  8.535409E-17
4957.34369703063  8.123761E-17
4962.86591045673  8.660981E-17
4968.38812388282  8.587178E-17
4973.91033730892  8.104548E-17
4979.43255073502  8.158706E-17
4984.95476416111  7.940689E-17
4990.47697758721  7.688504E-17
4995.99919101331  7.290018E-17
5001.52140443941  7.390302E-17
5007.0436178655  6.820996E-17
5012.5658312916  7.076874E-17
5018.0880447177  6.682894E-17
5023.6102581438  6.865481E-17
5029.13247156989  7.069441E-17
5034.65468499599  6.468044E-17
5040.17689842209  5.935888E-17
5045.69911184818  6.212591E-17
5051.22132527428  6.268231E-17
5056.74353870038  6.177139E-17
5062.26575212647  6.077257E-17
5067.78796555257  5.734503E-17
5073.31017897867  5.823096E-17
5078.83239240477  5.905219E-17
5084.35460583086  5.881717E-17
5089.87681925696  6.142222E-17
5095.39903268306  6.327879E-17
5100.92124610915  6.082666E-17
5106.44345953525  6.176581E-17
5111.96567296135  5.893393E-17
5117.48788638745  6.701697E-17
5123.01009981354  6.567090E-17
5128.53231323964  6.558045E-17
5134.05452666574  6.870348E-17
5139.57674009183  6.621746E-17
5145.09895351793  6.856332E-17
5150.62116694403  7.270730E-17
5156.14338037013  6.923815E-17
5161.66559379622  6.910719E-17
5167.18780722232  7.100387E-17
5172.71002064842  7.280660E-17
5178.23223407452  7.089692E-17
5183.75444750061  7.041596E-17
5189.27666092671  7.193856E-17
5194.79887435281  7.167983E-17
5200.3210877789  7.153371E-17
5205.843301205  7.339192E-17
5211.3655146311  7.058833E-17
5216.88772805719  7.099982E-17
5222.40994148329  7.592455E-17
5227.93215490939  7.084895E-17
5233.45436833549  7.644809E-17
5238.97658176158  7.500199E-17
5244.49879518768  7.460781E-17
5250.02100861378  7.361827E-17
5255.54322203987  7.539817E-17
5261.06543546597  7.217932E-17
5266.58764889207  7.257856E-17
5272.10986231816  6.941390E-17
5277.63207574426  6.933539E-17
5283.15428917036  7.025995E-17
5288.67650259646  6.908724E-17
5294.19871602255  6.919118E-17
5299.72092944865  7.210980E-17
5305.24314287475  7.082702E-17
5310.76535630084  6.810110E-17
5316.28756972694  7.069997E-17
5321.80978315304  7.411979E-17
5327.33199657914  7.441240E-17
5332.85421000523  8.206240E-17
5338.37642343133  8.313033E-17
5343.89863685743  8.320473E-17
5349.42085028352  8.587471E-17
5354.94306370962  7.774357E-17
5360.46527713572  7.349843E-17
5365.98749056182  7.714269E-17
5371.50970398791  7.316572E-17
5377.03191741401  7.296164E-17
5382.55413084011  7.380179E-17
5388.0763442662  7.202597E-17
5393.5985576923  7.162438E-17
5399.1207711184  7.022316E-17
5404.6429845445  7.010393E-17
5410.16519797059  6.705861E-17
5415.68741139669  6.716164E-17
5421.20962482279  6.587401E-17
5426.73183824888  6.501227E-17
5432.25405167498  6.569949E-17
5437.77626510108  6.377515E-17
5443.29847852718  6.515957E-17
5448.82069195327  6.609468E-17
5454.34290537937  6.697350E-17
5459.86511880547  6.809448E-17
5465.38733223156  6.983852E-17
5470.90954565766  6.794867E-17
5476.43175908376  6.883434E-17
5481.95397250986  7.255242E-17
5487.47618593595  7.443546E-17
5492.99839936205  7.176370E-17
5498.52061278815  7.197995E-17
5504.04282621424  7.400683E-17
5509.56503964034  7.529557E-17
5515.08725306644  7.323772E-17
5520.60946649254  6.911181E-17
5526.13167991863  6.955347E-17
5531.65389334473  7.174689E-17
5537.17610677083  7.329279E-17
5542.69832019692  7.313974E-17
5548.22053362302  6.781996E-17
5553.74274704912  7.084443E-17
5559.26496047522  7.189726E-17
5564.78717390131  6.932289E-17
5570.30938732741  7.107228E-17
5575.83160075351  7.376958E-17
5581.3538141796  7.910735E-17
5586.8760276057  6.399177E-17
5592.3982410318  5.865186E-17
5597.92045445789  6.656500E-17
5603.44266788399  6.628767E-17
5608.96488131009  6.949607E-17
5614.48709473619  6.827082E-17
5620.00930816228  6.500919E-17
5625.53152158838  6.596380E-17
5631.05373501448  6.759165E-17
5636.57594844057  6.374477E-17
5642.09816186667  5.923781E-17
5647.62037529277  6.118638E-17
5653.14258871887  6.229351E-17
5658.66480214496  6.196978E-17
5664.18701557106  5.831713E-17
5669.70922899716  5.766455E-17
5675.23144242325  5.807292E-17
5680.75365584935  5.589530E-17
5686.27586927545  5.381121E-17
5691.79808270154  5.399286E-17
5697.32029612764  5.356619E-17
5702.84250955374  5.006379E-17
5708.36472297984  4.935915E-17
5713.88693640593  4.863524E-17
5719.40914983203  4.926926E-17
5724.93136325813  4.523908E-17
5730.45357668422  4.151694E-17
5735.97579011032  4.679606E-17
5741.49800353642  4.820625E-17
5747.02021696252  4.528316E-17
5752.54243038861  4.362370E-17
5758.06464381471  4.239461E-17
5763.58685724081  4.164347E-17
5769.1090706669  4.284296E-17
5774.631284093  4.265161E-17
5780.1534975191  4.316635E-17
5785.6757109452  4.239279E-17
5791.19792437129  4.325788E-17
5796.72013779739  3.801379E-17
5802.24235122349  3.420536E-17
5807.76456464958  3.715923E-17
5813.28677807568  4.158896E-17
5818.80899150178  3.790218E-17
5824.33120492788  3.653128E-17
5829.85341835397  3.903195E-17
5835.37563178007  3.803778E-17
5840.89784520617  3.844515E-17
5846.42005863226  3.712164E-17
5851.94227205836  4.002597E-17
5857.46448548446  3.455377E-17
5862.98669891056  3.553034E-17
5868.50891233665  3.692513E-17
5874.03112576275  3.106351E-17
5879.55333918885  3.448866E-17
5885.07555261494  3.819273E-17
5890.59776604104  3.445724E-17
5896.11997946714  3.169673E-17
5901.64219289324  3.105879E-17
5907.16440631933  2.449395E-17
5912.68661974543  2.749891E-17
5918.20883317153  3.027276E-17
5923.73104659762  2.957982E-17
5929.25326002372  2.679565E-17
5934.77547344982  2.626105E-17
5940.29768687591  2.988880E-17
5945.81990030201  2.742978E-17
5951.34211372811  2.721170E-17
5956.86432715421  2.102462E-17
5962.3865405803  2.729682E-17
5967.9087540064  2.750564E-17
5973.4309674325  1.994180E-17
5978.9531808586  2.257458E-17
5984.47539428469  2.473149E-17
5989.99760771079  2.570417E-17
5995.51982113689  2.443996E-17
6001.04203456298  2.281131E-17
6006.56424798908  2.474918E-17
6012.08646141518  2.935910E-17
6017.60867484128  2.179688E-17
6023.13088826737  2.648789E-17
6028.65310169347  2.518770E-17
6034.17531511957  2.749440E-17
6039.69752854566  2.544734E-17
6045.21974197176  2.339515E-17
6050.74195539786  2.211418E-17
6056.26416882395  2.274643E-17
6061.78638225005  2.543324E-17
6067.30859567615  2.477549E-17
6072.83080910224  1.820942E-17
6078.35302252834  2.239397E-17
6083.87523595444  2.020077E-17
6089.39744938054  2.389666E-17
6094.91966280663  2.303011E-17
6100.44187623273  1.794788E-17
6105.96408965883  2.274894E-17
6111.48630308492  2.078532E-17
6117.00851651102  1.926761E-17
6122.53072993712  2.237080E-17
6128.05294336322  2.361039E-17
6133.57515678931  2.356842E-17
6139.09737021541  2.407906E-17
6144.61958364151  2.077649E-17
6150.14179706761  1.986436E-17
6155.6640104937  2.132854E-17
6161.1862239198  2.609016E-17
6166.7084373459  2.952964E-17
6172.23065077199  2.659501E-17
6177.75286419809  2.771879E-17
6183.27507762419  3.112296E-17
6188.79729105028  3.118017E-17
6194.31950447638  3.197735E-17
6199.84171790248  3.729408E-17
6205.36393132858  3.959241E-17
6210.88614475467  4.341490E-17
6216.40835818077  4.634097E-17
6221.93057160687  4.625038E-17
6227.45278503296  5.201872E-17
6232.97499845906  5.472261E-17
6238.49721188516  5.489576E-17
6244.01942531126  5.649225E-17
6249.54163873735  6.143946E-17
6255.06385216345  5.989293E-17
6260.58606558955  5.963651E-17
6266.10827901564  5.600489E-17
6271.63049244174  5.069893E-17
6277.15270586784  4.701493E-17
6282.67491929394  4.327937E-17
6288.19713272003  4.304741E-17
6293.71934614613  4.017175E-17
6299.24155957223  4.639252E-17
6304.76377299832  3.801952E-17
6310.28598642442  2.833021E-17
6315.80819985052  3.316226E-17
6321.33041327662  3.500455E-17
6326.85262670271  3.176581E-17
6332.37484012881  3.284914E-17
6337.89705355491  3.601454E-17
6343.419266981  3.247891E-17
6348.9414804071  3.003349E-17
6354.4636938332  2.859609E-17
6359.9859072593  3.421630E-17
6365.50812068539  3.118846E-17
6371.03033411149  2.605894E-17
6376.55254753759  2.683680E-17
6382.07476096368  2.499690E-17
6387.59697438978  2.922767E-17
6393.11918781588  2.815432E-17
6398.64140124197  2.553342E-17
6404.16361466807  2.464195E-17
6409.68582809417  2.344192E-17
6415.20804152027  2.543514E-17
6420.73025494636  2.394514E-17
6426.25246837246  2.595526E-17
6431.77468179856  2.413999E-17
6437.29689522465  1.949704E-17
6442.81910865075  2.289015E-17
6448.34132207685  2.431317E-17
6453.86353550295  2.612964E-17
6459.38574892904  2.636068E-17
6464.90796235514  2.263306E-17
6470.43017578124  2.397909E-17
6475.95238920733  2.302832E-17
6481.47460263343  2.456367E-17
6486.99681605953  2.480596E-17
6492.51902948563  2.575691E-17
6498.04124291172  2.604982E-17
6503.56345633782  2.595589E-17
6509.08566976392  2.528525E-17
6514.60788319002  2.616107E-17
6520.13009661611  2.527913E-17
6525.65231004221  2.634615E-17
6531.17452346831  2.654574E-17
6536.6967368944  2.752864E-17
6542.2189503205  2.136245E-17
6547.7411637466  2.355436E-17
6553.26337717269  2.663308E-17
6558.78559059879  2.490872E-17
6564.30780402489  2.601544E-17
6569.83001745098  2.499832E-17
6575.35223087708  2.437498E-17
6580.87444430318  2.303545E-17
6586.39665772928  2.612112E-17
6591.91887115537  2.543285E-17
6597.44108458147  2.451641E-17
6602.96329800757  2.549318E-17
6608.48551143367  2.692335E-17
6614.00772485976  2.393640E-17
6619.52993828586  2.656833E-17
6625.05215171196  2.625831E-17
6630.57436513805  2.542939E-17
6636.09657856415  2.710691E-17
6641.61879199025  2.737865E-17
6647.14100541634  2.691744E-17
6652.66321884244  2.625389E-17
6658.18543226854  2.592713E-17
6663.70764569464  2.481367E-17
6669.22985912073  2.627913E-17
6674.75207254683  2.821224E-17
6680.27428597293  2.541831E-17
6685.79649939902  2.467106E-17
6691.31871282512  2.705801E-17
6696.84092625122  3.081494E-17
6702.36313967732  2.918323E-17
6707.88535310341  2.978682E-17
6713.40756652951  3.322041E-17
6718.92977995561  3.287982E-17
6724.4519933817  3.416817E-17
6729.9742068078  3.457863E-17
6735.4964202339  3.367734E-17
6741.01863365999  3.311102E-17
6746.54084708609  3.767277E-17
6752.06306051219  4.009855E-17
6757.58527393829  3.919753E-17
6763.10748736438  3.873561E-17
6768.62970079048  3.964356E-17
6774.15191421658  3.544009E-17
6779.67412764267  3.861474E-17
6785.19634106877  3.758691E-17
6790.71855449487  3.222431E-17
6796.24076792097  3.765748E-17
6801.76298134706  3.417944E-17
6807.28519477316  3.350722E-17
6812.80740819926  3.873128E-17
6818.32962162536  3.734502E-17
6823.85183505145  3.600367E-17
6829.37404847755  3.794842E-17
6834.89626190365  3.867826E-17
6840.41847532974  3.282043E-17
6845.94068875584  3.107663E-17
6851.46290218194  3.359583E-17
6856.98511560804  3.302437E-17
6862.50732903413  3.337561E-17
6868.02954246023  3.210360E-17
6873.55175588633  3.181729E-17
6879.07396931242  2.899637E-17
6884.59618273852  3.166940E-17
6890.11839616462  2.869827E-17
6895.64060959071  2.701113E-17
6901.16282301681  2.473365E-17
6906.68503644291  2.792288E-17
6912.20724986901  2.502326E-17
6917.7294632951  2.889993E-17
6923.2516767212  2.905233E-17
6928.7738901473  3.032076E-17
6934.29610357339  2.828828E-17
6939.81831699949  2.889252E-17
6945.34053042559  3.273309E-17
6950.86274385169  3.173131E-17
6956.38495727778  3.170277E-17
6961.90717070388  3.306819E-17
6967.42938412998  3.157288E-17
6972.95159755607  3.268943E-17
6978.47381098217  3.320419E-17
6983.99602440827  3.123660E-17
6989.51823783437  3.502417E-17
6995.04045126046  3.149641E-17
7000.56266468656  3.040365E-17
7006.08487811266  3.128714E-17
7011.60709153875  2.938808E-17
7017.12930496485  2.901781E-17
7022.65151839095  2.709599E-17
7028.17373181705  2.735496E-17
7033.69594524314  2.743582E-17
7039.21815866924  2.871669E-17
7044.74037209534  2.798268E-17
7050.26258552144  2.745389E-17
7055.78479894753  3.097656E-17
7061.30701237363  2.964297E-17
7066.82922579973  3.051841E-17
7072.35143922582  3.017786E-17
7077.87365265192  3.115046E-17
7083.39586607802  3.129721E-17
7088.91807950411  3.010647E-17
7094.44029293021  3.378553E-17
7099.96250635631  3.402347E-17
7105.48471978241  3.195702E-17
7111.0069332085  3.368049E-17
7116.5291466346  3.491451E-17
7122.0513600607  2.995299E-17
7127.57357348679  2.935854E-17
7133.09578691289  2.569260E-17
7138.61800033899  2.860332E-17
7144.14021376509  2.807923E-17
7149.66242719118  2.513204E-17
7155.18464061728  2.661192E-17
7160.70685404338  2.544635E-17
7166.22906746947  2.154905E-17
7171.75128089557  2.226303E-17
7177.27349432167  2.216643E-17
7182.79570774776  1.870855E-17
7188.31792117386  2.064858E-17
7193.84013459996  2.219300E-17
7199.36234802605  2.063381E-17
7204.88456145215  1.666565E-17
7210.40677487825  1.749088E-17
7215.92898830435  1.891727E-17
7221.45120173044  1.952173E-17
7226.97341515654  1.890144E-17
7232.49562858264  1.483470E-17
7238.01784200873  1.538716E-17
7243.54005543483  1.498527E-17
7249.06226886093  1.823290E-17
7254.58448228703  1.848196E-17
7260.10669571312  1.571410E-17
7265.62890913922  1.443008E-17
7271.15112256532  1.540582E-17
7276.67333599141  2.130577E-17
7282.19554941751  1.594492E-17
7287.71776284361  1.700660E-17
7293.23997626971  1.235529E-17
7298.7621896958  1.421386E-17
7304.2844031219  1.568166E-17
7309.806616548  1.326671E-17
7315.32882997409  1.327564E-17
7320.85104340019  1.157409E-17
7326.37325682629  1.320644E-17
7331.89547025239  1.957016E-17
7337.41768367848  1.923251E-17
7342.93989710458  1.203554E-17
7348.46211053068  1.140098E-17
7353.98432395678  1.679334E-17
7359.50653738287  1.906708E-17
7365.02875080897  1.635600E-17
7370.55096423507  1.230901E-17
7376.07317766116  1.513426E-17
7381.59539108726  1.468707E-17
7387.11760451336  1.680516E-17
7392.63981793945  2.159962E-17
7398.16203136555  1.645608E-17
7403.68424479165  1.488461E-17
7409.20645821774  1.159436E-17
7414.72867164384  1.556149E-17
7420.25088506994  1.825018E-17
7425.77309849604  1.602420E-17
7431.29531192213  1.463879E-17
7436.81752534823  1.820891E-17
7442.33973877433  2.024279E-17
7447.86195220043  1.981929E-17
7453.38416562652  2.244391E-17
7458.90637905262  1.762600E-17
7464.42859247872  1.554723E-17
7469.95080590481  2.217568E-17
7475.47301933091  2.752932E-17
7480.99523275701  3.043807E-17
7486.51744618311  2.989822E-17
7492.0396596092  2.843940E-17
7497.5618730353  2.644590E-17
7503.0840864614  2.474754E-17
7508.60629988749  3.017896E-17
7514.12851331359  3.842403E-17
7519.65072673969  3.753125E-17
7525.17294016579  3.536983E-17
7530.69515359188  3.235194E-17
7536.21736701798  2.960259E-17
7541.73958044408  2.702301E-17
7547.26179387017  2.916269E-17
7552.78400729627  2.804388E-17
7558.30622072237  2.429200E-17
7563.82843414847  2.241260E-17
7569.35064757456  1.952582E-17
7574.87286100066  1.907578E-17
7580.39507442676  2.280294E-17
7585.91728785285  2.446632E-17
7591.43950127895  2.211219E-17
7596.96171470505  1.934153E-17
7602.48392813115  1.732068E-17
7608.00614155724  1.769175E-17
7613.52835498334  1.584514E-17
7619.05056840944  2.063295E-17
7624.57278183553  2.420249E-17
7630.09499526163  1.953155E-17
7635.61720868773  1.551518E-17
7641.13942211382  1.163425E-17
7646.66163553992  1.582496E-17
7652.18384896602  1.767519E-17
7657.70606239211  1.669102E-17
7663.22827581821  1.703430E-17
7668.75048924431  1.388083E-17
7674.27270267041  1.276564E-17
7679.7949160965  2.187947E-17
7685.3171295226  2.476044E-17
7690.8393429487  2.088617E-17
7696.3615563748  1.602018E-17
7701.88376980089  1.921694E-17
7707.40598322699  1.822601E-17
7712.92819665309  2.278642E-17
7718.45041007918  2.980507E-17
7723.97262350528  3.029305E-17
7729.49483693138  2.611860E-17
7735.01705035747  2.013269E-17
7740.53926378357  1.885952E-17
7746.06147720967  2.295640E-17
7751.58369063577  2.657349E-17
7757.10590406186  2.908546E-17
7762.62811748796  2.360335E-17
7768.15033091406  1.625628E-17
7773.67254434015  1.864240E-17
7779.19475776625  1.767799E-17
7784.71697119235  2.140940E-17
7790.23918461845  2.650184E-17
7795.76139804454  2.273595E-17
7801.28361147064  2.151249E-17
7806.80582489674  1.650897E-17
7812.32803832283  1.272544E-17
7817.85025174893  2.159928E-17
7823.37246517503  2.168051E-17
7828.89467860113  1.725697E-17
7834.41689202722  9.842650E-18
7839.93910545332  1.174151E-17
7845.46131887942  1.142930E-17
7850.98353230551  3.471417E-18
7856.50574573161  1.712461E-17
7862.02795915771  1.647944E-17
7867.5501725838  1.737874E-17
7873.0723860099  1.258008E-17
7878.594599436  8.578546E-18
7884.1168128621  1.265293E-17
7889.63902628819  1.435154E-17
7895.16123971429  1.800514E-17
7900.68345314039  2.157668E-17
7906.20566656649  1.350318E-17
7911.72787999258  7.106555E-18
7917.25009341868  9.268842E-18
7922.77230684478  1.091654E-17
7928.29452027087  1.383021E-17
7933.81673369697  1.967895E-17
7939.33894712307  1.376674E-17
7944.86116054916  1.207162E-17
7950.38337397526  1.211363E-17
7955.90558740136  1.264800E-17
7961.42780082746  1.544600E-17
7966.95001425355  2.158768E-17
7972.47222767965  1.775767E-17
7977.99444110575  7.565894E-18
7983.51665453185  1.194889E-17
7989.03886795794  1.636195E-17
7994.56108138404  1.873439E-17
8000.08329481014  1.749910E-17
8005.60550823623  1.582157E-17
8011.12772166233  1.875083E-17
8016.64993508843  1.318090E-17
8022.17214851452  1.604943E-17
8027.69436194062  1.061991E-17
8033.21657536672  1.124855E-17
8038.73878879282  1.592674E-17
8044.26100221891  1.360370E-17
8049.78321564501  1.229898E-17
8055.30542907111  1.149392E-17
8060.82764249721  1.236854E-17
8066.3498559233  1.004258E-17
8071.8720693494  1.620488E-17
8077.3942827755  1.715534E-17
8082.91649620159  1.230838E-17
8088.43870962769  1.642732E-17
8093.96092305379  1.301590E-17
8099.48313647988  1.374653E-17
8105.00534990598  1.062774E-17
8110.52756333208  1.044578E-17
8116.04977675817  1.606176E-17
8121.57199018427  1.135374E-17
8127.09420361037  9.586751E-18
8132.61641703647  9.070260E-18
8138.13863046256  1.245158E-17
8143.66084388866  1.100697E-17
8149.18305731476  1.884692E-17
8154.70527074085  1.866772E-17
8160.22748416695  1.511254E-17
8165.74969759305  1.368308E-17
8171.27191101915  1.392484E-17
8176.79412444524  1.482795E-17
8182.31633787134  1.490616E-17
8187.83855129744  1.242479E-17
8193.36076472353  1.688374E-17
8198.88297814963  1.847207E-17
8204.40519157573  1.373233E-17
8209.92740500182  1.750949E-17
8215.44961842792  1.462041E-17
8220.97183185402  1.638735E-17
8226.49404528012  2.267837E-17
8232.01625870621  1.837610E-17
8237.53847213231  1.431145E-17
8243.06068555841  1.633612E-17
8248.58289898451  2.114998E-17
8254.1051124106  2.672080E-17
8259.6273258367  2.707590E-17
8265.1495392628  2.089563E-17
8270.67175268889  2.200110E-17
8276.19396611499  1.824717E-17
8281.71617954109  1.720360E-17
8287.23839296719  2.346562E-17
8292.76060639328  3.216694E-17
8298.28281981938  2.673831E-17
8303.80503324548  2.975566E-17
8309.32724667157  2.246148E-17
8314.84946009767  2.018357E-17
8320.37167352377  2.166726E-17
8325.89388694987  2.428460E-17
8331.41610037596  2.820256E-17
8336.93831380206  3.182083E-17
8342.46052722816  2.836428E-17
8347.98274065425  1.717236E-17
8353.50495408035  1.405829E-17
8359.02716750645  2.249254E-17
8364.54938093255  3.063310E-17
8370.07159435864  3.159243E-17
8375.59380778474  2.868432E-17
8381.11602121084  3.027831E-17
8386.63823463693  2.416971E-17
8392.16044806303  2.843795E-17
8397.68266148913  3.083108E-17
8403.20487491522  4.319653E-17
8408.72708834132  3.431550E-17
8414.24930176742  2.875916E-17
8419.77151519352  3.363990E-17
8425.29372861961  2.252508E-17
8430.81594204571  1.703835E-17
8436.33815547181  1.692118E-17
8441.8603688979  1.973757E-17
8447.382582324  2.339107E-17
8452.9047957501  2.878916E-17
8458.4270091762  1.714136E-17
8463.94922260229  1.441018E-17
8469.47143602839  1.884993E-17
8474.99364945449  1.790696E-17
8480.51586288058  1.678857E-17
8486.03807630668  1.968083E-17
8491.56028973278  1.903478E-17
8497.08250315888  1.633492E-17
8502.60471658497  1.306255E-17
8508.12693001107  1.571217E-17
8513.64914343717  1.675553E-17
8519.17135686326  1.268729E-17
8524.69357028936  1.638583E-17
8530.21578371546  1.330616E-17
8535.73799714155  1.325214E-17
8541.26021056765  1.472249E-17
8546.78242399375  1.591098E-17
8552.30463741985  1.562935E-17
8557.82685084595  1.865651E-17
8563.34906427204  1.569720E-17
8568.87127769814  1.332858E-17
8574.39349112424  1.258347E-17
8579.91570455033  1.471123E-17
8585.43791797643  1.787810E-17
8590.96013140253  1.777193E-17
8596.48234482862  1.308970E-17
8602.00455825472  1.070180E-17
8607.52677168082  1.454742E-17
8613.04898510691  1.180986E-17
8618.57119853301  1.267028E-17
8624.09341195911  1.595908E-17
8629.61562538521  1.887659E-17
8635.1378388113  1.994562E-17
8640.6600522374  1.540873E-17
8646.1822656635  1.634398E-17
8651.70447908959  1.417575E-17
8657.22669251569  4.246342E-18
8662.74890594179  9.422371E-18
8668.27111936789  2.065316E-17
8673.79333279398  1.558177E-17
8679.31554622008  2.387844E-17
8684.83775964618  2.151914E-17
8690.35997307227  1.509812E-17
8695.88218649837  9.238310E-18
8701.40439992447  1.395810E-17
8706.92661335057  2.149931E-17
8712.44882677666  1.922790E-17
8717.97104020276  2.055187E-17
8723.49325362886  1.850385E-17
8729.01546705495  2.385304E-17
8734.53768048105  1.755081E-17
8740.05989390715  1.846095E-17
8745.58210733325  2.034417E-17
8751.10432075934  2.735437E-17
8756.62653418544  2.942183E-17
8762.14874761154  2.431199E-17
8767.67096103763  1.431362E-17
8773.19317446373  1.653588E-17
8778.71538788983  1.676745E-17
8784.23760131592  2.722424E-17
8789.75981474202  2.184066E-17
8795.28202816812  1.410876E-17
8800.80424159422  1.691636E-17
8806.32645502031  1.460810E-17
8811.84866844641  1.344080E-17
8817.37088187251  1.617761E-17
8822.89309529861  2.335682E-17
8828.4153087247  2.978154E-17
8833.9375221508  2.273298E-17
8839.4597355769  1.720503E-17
8844.98194900299  1.348054E-17
8850.50416242909  7.593983E-18
8856.02637585519  9.613562E-18
8861.54858928128  1.615463E-17
8867.07080270738  2.012456E-17
8872.59301613348  1.879334E-17
8878.11522955957  1.330350E-17
8883.63744298567  4.349385E-18
8889.15965641177  4.835767E-18
8894.68186983787  1.629383E-17
8900.20408326397  2.472123E-17
8905.72629669006  1.225829E-17
8911.24851011616  2.093785E-17
8916.77072354226  2.411016E-17
8922.29293696835  6.112543E-18
8927.81515039445  1.066952E-17
8933.33736382055  2.725799E-17
8938.85957724664  2.787009E-17
8944.38179067274  2.403176E-17
8949.90400409884  2.082337E-17
8955.42621752493  1.540210E-17
8960.94843095103  1.623023E-17
8966.47064437713  1.877776E-17
8971.99285780323  2.892352E-17
8977.51507122932  2.688770E-17
8983.03728465542  2.610841E-17
8988.55949808152  2.719671E-17
8994.08171150762  2.046652E-17
8999.60392493371  2.833124E-17
9005.12613835981  2.270600E-17
9010.64835178591  2.285167E-17
9016.170565212  1.890999E-17
9021.6927786381  1.692640E-17
9027.2149920642  2.140578E-17
9032.7372054903  2.503035E-17
9038.25941891639  2.569943E-17
9043.78163234249  3.049024E-17
9049.30384576859  3.206872E-17
9054.82605919468  3.381269E-17
9060.34827262078  2.247134E-17
9065.87048604688  3.133637E-17
9071.39269947298  2.077651E-17
9076.91491289907  2.959591E-17
9082.43712632517  2.767772E-17
9087.95933975127  1.244089E-17
9093.48155317736  2.060736E-17
9099.00376660346  2.156327E-17
9104.52598002956  2.286533E-17
9110.04819345566  2.020494E-17
9115.57040688175  2.246870E-17
9121.09262030785  2.426813E-17
9126.61483373394  2.348860E-17
9132.13704716004  2.018543E-17
9137.65926058614  2.874966E-17
9143.18147401224  2.759967E-17
9148.70368743833  3.113964E-17
9154.22590086443  2.726306E-17
9159.74811429053  2.650309E-17
9165.27032771663  2.672080E-17
9170.79254114272  1.266690E-17
9176.31475456882  1.936331E-17
9181.83696799492  2.533823E-17
9187.35918142101  1.706857E-17
9192.88139484711  2.414846E-17
9198.40360827321  2.764191E-17
9203.9258216993  2.207759E-17
9209.4480351254  2.206299E-17
9214.9702485515  2.071289E-17
9220.4924619776  2.344390E-17
9226.01467540369  3.314880E-17
9231.53688882979  2.565514E-17
9237.05910225589  1.650711E-17
9242.58131568199  2.183663E-17
9248.10352910808  1.974670E-17
9253.62574253418  2.390996E-17
9259.14795596028  2.547862E-17
9264.67016938637  0.
9270.19238281247  0.
