wavelength,flux
3671.522367,1.4274e-16
3677.046552,1.66018e-16
3682.570736,1.4946e-16
3688.094921,1.47421e-16
3693.619106,1.43657e-16
3699.14329,1.37591e-16
3704.667475,1.35343e-16
3710.19166,1.51967e-16
3715.715844,1.5311e-16
3721.240029,1.45291e-16
3726.764214,1.45083e-16
3732.288398,1.65041e-16
3737.812583,1.3345e-16
3743.336767,1.40537e-16
3748.860952,1.57443e-16
3754.385137,1.52835e-16
3759.909321,1.38332e-16
3765.433506,1.44965e-16
3770.957691,1.34913e-16
3776.481875,1.51344e-16
3782.00606,1.44419e-16
3787.530244,1.53694e-16
3793.054429,1.33889e-16
3798.578614,1.54126e-16
3804.102798,1.33637e-16
3809.626983,1.41156e-16
3815.151168,1.42608e-16
3820.675352,1.39734e-16
3826.199537,1.41659e-16
3831.723722,1.36403e-16
3837.247906,1.29672e-16
3842.772091,1.31995e-16
3848.296275,1.30352e-16
3853.82046,1.32908e-16
3859.344645,1.32366e-16
3864.868829,1.31592e-16
3870.393014,1.28053e-16
3875.917199,1.26359e-16
3881.441383,1.20511e-16
3886.965568,1.26448e-16
3892.489752,1.2225e-16
3898.013937,1.25568e-16
3903.538122,1.18801e-16
3909.062306,1.11513e-16
3914.586491,1.23578e-16
3920.110676,1.18066e-16
3925.63486,1.15369e-16
3931.159045,1.20759e-16
3936.68323,1.20444e-16
3942.207414,1.33467e-16
3947.731599,1.1545e-16
3953.255783,1.12872e-16
3958.779968,1.26137e-16
3964.304153,1.24257e-16
3969.828337,1.25893e-16
3975.352522,1.19385e-16
3980.876707,1.24154e-16
3986.400891,1.2058e-16
3991.925076,1.1837e-16
3997.44926,1.15324e-16
4002.973445,1.33071e-16
4008.49763,1.36253e-16
4014.021814,1.31816e-16
4019.545999,1.18292e-16
4025.070184,1.18962e-16
4030.594368,1.17304e-16
4036.118553,1.15152e-16
4041.642738,1.18426e-16
4047.166922,1.08598e-16
4052.691107,1.14963e-16
4058.215291,1.16397e-16
4063.739476,1.1635e-16
4069.263661,1.0793e-16
4074.787845,1.09048e-16
4080.31203,1.08921e-16
4085.836215,1.15241e-16
4091.360399,1.09976e-16
4096.884584,1.17565e-16
4102.408768,1.20792e-16
4107.932953,1.22357e-16
4113.457138,1.1812e-16
4118.981322,1.0911e-16
4124.505507,1.0534e-16
4130.029692,1.18499e-16
4135.553876,1.17288e-16
4141.078061,1.35849e-16
4146.602246,1.26708e-16
4152.12643,1.18887e-16
4157.650615,1.12023e-16
4163.174799,1.06826e-16
4168.698984,1.10986e-16
4174.223169,1.16233e-16
4179.747353,1.07772e-16
4185.271538,1.07094e-16
4190.795723,1.07553e-16
4196.319907,1.13247e-16
4201.844092,1.10457e-16
4207.368276,9.99703e-17
4212.892461,1.04726e-16
4218.416646,1.05673e-16
4223.94083,1.11415e-16
4229.465015,1.10094e-16
4234.9892,1.16984e-16
4240.513384,1.15467e-16
4246.037569,1.1003e-16
4251.561753,1.10583e-16
4257.085938,1.08082e-16
4262.610123,1.11821e-16
4268.134307,1.04986e-16
4273.658492,1.09672e-16
4279.182677,1.07841e-16
4284.706861,1.10515e-16
4290.231046,1.09106e-16
4295.755231,1.10635e-16
4301.279415,1.12873e-16
4306.8036,1.14648e-16
4312.327784,1.08769e-16
4317.851969,1.05609e-16
4323.376154,1.03344e-16
4328.900338,1.05789e-16
4334.424523,1.1001e-16
4339.948708,1.08632e-16
4345.472892,1.04542e-16
4350.997077,1.0562e-16
4356.521261,1.10376e-16
4362.045446,1.1345e-16
4367.569631,1.06518e-16
4373.093815,1.05886e-16
4378.618,1.10967e-16
4384.142185,1.12772e-16
4389.666369,1.09476e-16
4395.190554,1.10055e-16
4400.714739,1.15385e-16
4406.238923,1.17324e-16
4411.763108,1.15905e-16
4417.287292,1.13633e-16
4422.811477,1.12985e-16
4428.335662,1.19033e-16
4433.859846,1.18735e-16
4439.384031,1.13867e-16
4444.908216,1.06984e-16
4450.4324,1.15986e-16
4455.956585,1.08709e-16
4461.480769,1.13918e-16
4467.004954,1.16706e-16
4472.529139,1.15611e-16
4478.053323,1.07656e-16
4483.577508,1.09861e-16
4489.101693,1.03877e-16
4494.625877,1.14615e-16
4500.150062,1.12087e-16
4505.674247,1.05307e-16
4511.198431,1.11426e-16
4516.722616,1.08881e-16
4522.2468,1.10211e-16
4527.770985,1.08633e-16
4533.29517,1.07624e-16
4538.819354,1.03298e-16
4544.343539,9.86227e-17
4549.867724,1.0428e-16
4555.391908,1.01213e-16
4560.916093,9.99648e-17
4566.440277,1.0308e-16
4571.964462,1.01187e-16
4577.488647,1.05179e-16
4583.012831,9.3704e-17
4588.537016,9.8245e-17
4594.061201,1.06497e-16
4599.585385,1.03169e-16
4605.10957,1.03379e-16
4610.633754,9.77219e-17
4616.157939,9.75949e-17
4621.682124,1.00821e-16
4627.206308,9.82042e-17
4632.730493,1.01489e-16
4638.254678,1.04664e-16
4643.778862,1.02346e-16
4649.303047,9.89483e-17
4654.827232,1.03778e-16
4660.351416,9.84034e-17
4665.875601,9.75981e-17
4671.399785,9.62567e-17
4676.92397,1.03511e-16
4682.448155,9.59499e-17
4687.972339,9.44823e-17
4693.496524,1.03737e-16
4699.020709,9.49883e-17
4704.544893,9.34899e-17
4710.069078,9.57018e-17
4715.593262,9.24279e-17
4721.117447,9.36855e-17
4726.641632,9.67186e-17
4732.165816,9.86202e-17
4737.690001,9.00949e-17
4743.214186,8.98813e-17
4748.73837,9.82672e-17
4754.262555,9.59517e-17
4759.78674,1.04742e-16
4765.310924,1.03276e-16
4770.835109,1.06115e-16
4776.359293,9.93483e-17
4781.883478,1.07031e-16
4787.407663,1.05662e-16
4792.931847,1.05044e-16
4798.456032,9.70081e-17
4803.980217,1.0171e-16
4809.504401,1.07231e-16
4815.028586,1.06724e-16
4820.55277,1.04293e-16
4826.076955,1.07741e-16
4831.60114,1.00028e-16
4837.125324,9.73449e-17
4842.649509,1.01009e-16
4848.173694,1.09991e-16
4853.697878,1.04989e-16
4859.222063,1.01068e-16
4864.746248,1.01841e-16
4870.270432,9.81714e-17
4875.794617,1.01378e-16
4881.318801,9.94617e-17
4886.842986,9.27108e-17
4892.367171,1.00461e-16
4897.891355,1.00075e-16
4903.41554,9.19209e-17
4908.939725,9.37863e-17
4914.463909,9.22337e-17
4919.988094,9.79624e-17
4925.512278,8.86935e-17
4931.036463,9.00456e-17
4936.560648,8.87962e-17
4942.084832,8.2561e-17
4947.609017,8.4101e-17
4953.133202,8.12156e-17
4958.657386,8.28948e-17
4964.181571,8.00223e-17
4969.705756,7.54876e-17
4975.22994,7.66451e-17
4980.754125,7.4953e-17
4986.278309,7.56494e-17
4991.802494,7.54468e-17
4997.326679,6.65532e-17
5002.850863,6.18657e-17
5008.375048,6.93707e-17
5013.899233,6.90454e-17
5019.423417,6.61429e-17
5024.947602,6.5268e-17
5030.471786,6.2055e-17
5035.995971,5.75157e-17
5041.520156,6.14169e-17
5047.04434,6.40225e-17
5052.568525,6.22104e-17
5058.09271,5.60752e-17
5063.616894,5.27841e-17
5069.141079,6.22791e-17
5074.665264,5.45408e-17
5080.189448,5.52687e-17
5085.713633,5.8718e-17
5091.237817,6.05584e-17
5096.762002,5.87901e-17
5102.286187,6.03433e-17
5107.810371,6.22828e-17
5113.334556,6.75993e-17
5118.858741,6.11252e-17
5124.382925,6.18613e-17
5129.90711,6.81872e-17
5135.431294,6.51168e-17
5140.955479,6.84902e-17
5146.479664,6.80573e-17
5152.003848,6.45709e-17
5157.528033,7.13274e-17
5163.052218,6.9246e-17
5168.576402,7.20246e-17
5174.100587,6.80672e-17
5179.624771,6.43184e-17
5185.148956,6.79176e-17
5190.673141,6.85035e-17
5196.197325,6.51076e-17
5201.72151,6.56528e-17
5207.245695,7.01528e-17
5212.769879,6.91385e-17
5218.294064,7.28498e-17
5223.818249,6.72781e-17
5229.342433,7.10806e-17
5234.866618,7.03519e-17
5240.390802,7.12293e-17
5245.914987,6.75949e-17
5251.439172,7.79982e-17
5256.963356,7.19651e-17
5262.487541,6.9665e-17
5268.011726,6.94051e-17
5273.53591,6.96217e-17
5279.060095,6.7534e-17
5284.584279,6.62941e-17
5290.108464,6.80538e-17
5295.632649,6.25102e-17
5301.156833,6.44924e-17
5306.681018,6.20638e-17
5312.205203,6.71353e-17
5317.729387,7.04031e-17
5323.253572,7.23355e-17
5328.777757,7.94828e-17
5334.301941,8.06936e-17
5339.826126,8.06569e-17
5345.35031,7.97982e-17
5350.874495,7.2471e-17
5356.39868,7.18955e-17
5361.922864,7.49532e-17
5367.447049,7.31271e-17
5372.971234,7.03014e-17
5378.495418,6.93735e-17
5384.019603,6.8056e-17
5389.543787,6.91792e-17
5395.067972,6.71253e-17
5400.592157,6.57985e-17
5406.116341,6.51041e-17
5411.640526,6.40781e-17
5417.164711,6.451e-17
5422.688895,6.64758e-17
5428.21308,6.27469e-17
5433.737265,5.96353e-17
5439.261449,6.32523e-17
5444.785634,6.36247e-17
5450.309818,6.45943e-17
5455.834003,6.59765e-17
5461.358188,6.77205e-17
5466.882372,6.37376e-17
5472.406557,6.60568e-17
5477.930742,6.78601e-17
5483.454926,7.30354e-17
5488.979111,7.06803e-17
5494.503295,6.61487e-17
5500.02748,6.59976e-17
5505.551665,7.26798e-17
5511.075849,7.30869e-17
5516.600034,6.73575e-17
5522.124219,6.69545e-17
5527.648403,6.91656e-17
5533.172588,6.86246e-17
5538.696773,6.94672e-17
5544.220957,6.41229e-17
5549.745142,6.85321e-17
5555.269326,7.05494e-17
5560.793511,6.801e-17
5566.317696,7.17735e-17
5571.84188,7.60466e-17
5577.366065,7.40961e-17
5582.89025,5.93399e-17
5588.414434,5.64216e-17
5593.938619,6.36421e-17
5599.462803,6.41811e-17
5604.986988,7.04879e-17
5610.511173,6.33565e-17
5616.035357,6.35929e-17
5621.559542,6.51403e-17
5627.083727,6.31022e-17
5632.607911,6.06949e-17
5638.132096,6.46885e-17
5643.65628,5.91785e-17
5649.180465,5.35121e-17
5654.70465,5.89221e-17
5660.228834,5.10309e-17
5665.753019,5.1961e-17
5671.277204,6.00153e-17
5676.801388,5.28085e-17
5682.325573,4.94533e-17
5687.849758,5.09865e-17
5693.373942,4.70595e-17
5698.898127,5.04911e-17
5704.422311,4.89529e-17
5709.946496,4.83021e-17
5715.470681,4.81845e-17
5720.994865,4.52455e-17
5726.51905,3.65546e-17
5732.043235,4.23289e-17
5737.567419,4.6074e-17
5743.091604,4.10787e-17
5748.615788,4.04284e-17
5754.139973,4.03394e-17
5759.664158,3.76545e-17
5765.188342,4.00745e-17
5770.712527,4.12527e-17
5776.236712,4.0442e-17
5781.760896,4.01893e-17
5787.285081,4.219e-17
5792.809266,3.73167e-17
5798.33345,3.23984e-17
5803.857635,3.37974e-17
5809.381819,3.51727e-17
5814.906004,3.3437e-17
5820.430189,3.30172e-17
5825.954373,3.90606e-17
5831.478558,3.89567e-17
5837.002743,3.73897e-17
5842.526927,3.779e-17
5848.051112,3.86445e-17
5853.575296,3.69862e-17
5859.099481,4.04935e-17
5864.623666,3.76222e-17
5870.14785,2.63067e-17
5875.672035,3.87578e-17
5881.19622,3.30479e-17
5886.720404,2.94134e-17
5892.244589,3.32707e-17
5897.768774,2.51286e-17
5903.292958,3.22583e-17
5908.817143,2.65498e-17
5914.341327,2.51009e-17
5919.865512,2.45495e-17
5925.389697,2.66316e-17
5930.913881,2.54166e-17
5936.438066,2.7079e-17
5941.962251,2.48818e-17
5947.486435,1.97124e-17
5953.01062,1.84601e-17
5958.534804,2.86408e-17
5964.058989,2.89505e-17
5969.583174,1.58655e-17
5975.107358,2.38139e-17
5980.631543,2.19378e-17
5986.155728,2.79733e-17
5991.679912,2.58283e-17
5997.204097,1.8147e-17
6002.728281,2.71963e-17
6008.252466,2.86251e-17
6013.776651,1.85375e-17
6019.300835,2.3836e-17
6024.82502,2.55302e-17
6030.349205,2.66604e-17
6035.873389,2.76597e-17
6041.397574,2.06431e-17
6046.921759,2.008e-17
6052.445943,2.0374e-17
6057.970128,2.63114e-17
6063.494312,2.57058e-17
6069.018497,2.24271e-17
6074.542682,1.97501e-17
6080.066866,2.06095e-17
6085.591051,2.30942e-17
6091.115236,2.22826e-17
6096.63942,1.70633e-17
6102.163605,1.89042e-17
6107.687789,2.28304e-17
6113.211974,2.01309e-17
6118.736159,2.09144e-17
6124.260343,2.59176e-17
6129.784528,2.76455e-17
6135.308713,2.51219e-17
6140.832897,1.88717e-17
6146.357082,1.93815e-17
6151.881267,2.53577e-17
6157.405451,2.6204e-17
6162.929636,2.77956e-17
6168.45382,2.3387e-17
6173.978005,1.91442e-17
6179.50219,2.71144e-17
6185.026374,3.11409e-17
6190.550559,2.79952e-17
6196.074744,3.38704e-17
6201.598928,3.29729e-17
6207.123113,3.68749e-17
6212.647297,4.14933e-17
6218.171482,4.03824e-17
6223.695667,5.05551e-17
6229.219851,5.16755e-17
6234.744036,5.50284e-17
6240.268221,4.7879e-17
6245.792405,5.21486e-17
6251.31659,5.764e-17
6256.840775,5.96143e-17
6262.364959,5.53514e-17
6267.889144,4.66987e-17
6273.413328,4.14228e-17
6278.937513,4.22621e-17
6284.461698,4.43791e-17
6289.985882,4.42954e-17
6295.510067,4.76813e-17
6301.034252,4.03753e-17
6306.558436,2.19144e-17
6312.082621,2.85921e-17
6317.606805,3.34385e-17
6323.13099,2.83209e-17
6328.655175,3.11008e-17
6334.179359,3.0828e-17
6339.703544,2.88957e-17
6345.227729,3.32326e-17
6350.751913,2.16155e-17
6356.276098,2.85827e-17
6361.800283,2.75911e-17
6367.324467,2.53674e-17
6372.848652,2.60327e-17
6378.372836,2.49242e-17
6383.897021,2.62606e-17
6389.421206,2.76463e-17
6394.94539,2.39217e-17
6400.469575,2.33034e-17
6405.99376,2.18342e-17
6411.517944,2.24117e-17
6417.042129,2.63278e-17
6422.566313,2.60416e-17
6428.090498,2.47521e-17
6433.614683,1.93253e-17
6439.138867,1.7916e-17
6444.663052,2.08375e-17
6450.187237,2.42247e-17
6455.711421,2.0639e-17
6461.235606,1.4607e-17
6466.75979,2.28416e-17
6472.283975,2.49244e-17
6477.80816,2.83309e-17
6483.332344,2.52514e-17
6488.856529,2.33878e-17
6494.380714,2.123e-17
6499.904898,2.9705e-17
6505.429083,2.51579e-17
6510.953268,2.08721e-17
6516.477452,1.78367e-17
6522.001637,2.38856e-17
6527.525821,2.20244e-17
6533.050006,2.91049e-17
6538.574191,2.02603e-17
6544.098375,1.91294e-17
6549.62256,2.47074e-17
6555.146745,2.27987e-17
6560.670929,2.91077e-17
6566.195114,2.36526e-17
6571.719298,1.67783e-17
6577.243483,1.85057e-17
6582.767668,2.45353e-17
6588.291852,2.60599e-17
6593.816037,2.21546e-17
6599.340222,2.24321e-17
6604.864406,2.53536e-17
6610.388591,2.38053e-17
6615.912776,2.52589e-17
6621.43696,2.49039e-17
6626.961145,1.88951e-17
6632.485329,2.50586e-17
6638.009514,2.81722e-17
6643.533699,2.32307e-17
6649.057883,2.56322e-17
6654.582068,2.61239e-17
6660.106253,2.04831e-17
6665.630437,2.03724e-17
6671.154622,2.40331e-17
6676.678806,2.39144e-17
6682.202991,2.12466e-17
6687.727176,2.21978e-17
6693.25136,2.76215e-17
6698.775545,2.90366e-17
6704.29973,3.04441e-17
6709.823914,2.51416e-17
6715.348099,2.90531e-17
6720.872284,2.85239e-17
6726.396468,2.9194e-17
6731.920653,3.01604e-17
6737.444837,2.60588e-17
6742.969022,3.16931e-17
6748.493207,3.2225e-17
6754.017391,3.47492e-17
6759.541576,3.53112e-17
6765.065761,3.16643e-17
6770.589945,3.2887e-17
6776.11413,3.33796e-17
6781.638314,3.29769e-17
6787.162499,3.18231e-17
6792.686684,3.36979e-17
6798.210868,3.67581e-17
6803.735053,3.37167e-17
6809.259238,3.38808e-17
6814.783422,3.55846e-17
6820.307607,3.19264e-17
6825.831791,3.18476e-17
6831.355976,3.5565e-17
6836.880161,3.06581e-17
6842.404345,3.13713e-17
6847.92853,2.40724e-17
6853.452715,2.90956e-17
6858.976899,2.85627e-17
6864.501084,2.90827e-17
6870.025269,3.25044e-17
6875.549453,2.62016e-17
6881.073638,2.42878e-17
6886.597822,2.65224e-17
6892.122007,2.8898e-17
6897.646192,2.12821e-17
6903.170376,2.71091e-17
6908.694561,2.60601e-17
6914.218746,2.34383e-17
6919.74293,2.43995e-17
6925.267115,2.66735e-17
6930.791299,2.64948e-17
6936.315484,2.53453e-17
6941.839669,2.5366e-17
6947.363853,2.58326e-17
6952.888038,2.44538e-17
6958.412223,2.91456e-17
6963.936407,2.82423e-17
6969.460592,2.22751e-17
6974.984777,3.17593e-17
6980.508961,3.19719e-17
6986.033146,3.01777e-17
6991.55733,3.24581e-17
6997.081515,2.73265e-17
7002.6057,2.93209e-17
7008.129884,2.85752e-17
7013.654069,2.64002e-17
7019.178254,2.3676e-17
7024.702438,2.3071e-17
7030.226623,2.51947e-17
7035.750807,2.84816e-17
7041.274992,2.78608e-17
7046.799177,2.33504e-17
7052.323361,2.65182e-17
7057.847546,2.89598e-17
7063.371731,3.15223e-17
7068.895915,2.67242e-17
7074.4201,2.67989e-17
7079.944285,2.99986e-17
7085.468469,2.84138e-17
7090.992654,2.80253e-17
7096.516838,3.02919e-17
7102.041023,3.17837e-17
7107.565208,2.97032e-17
7113.089392,3.05724e-17
7118.613577,3.25016e-17
7124.137762,2.77181e-17
7129.661946,2.52795e-17
7135.186131,2.21488e-17
7140.710315,2.63307e-17
7146.2345,2.36731e-17
7151.758685,2.58439e-17
7157.282869,2.64032e-17
7162.807054,2.17562e-17
7168.331239,2.00985e-17
7173.855423,2.52578e-17
7179.379608,1.72549e-17
7184.903793,1.49905e-17
7190.427977,1.66199e-17
7195.952162,1.83436e-17
7201.476346,1.65466e-17
7207.000531,1.22696e-17
7212.524716,1.73936e-17
7218.0489,1.90241e-17
7223.573085,1.28202e-17
7229.09727,8.98088e-18
7234.621454,8.84003e-18
7240.145639,1.16205e-17
7245.669823,1.24575e-17
7251.194008,1.04182e-17
7256.718193,1.18875e-17
7262.242377,1.10675e-17
7267.766562,1.07932e-17
7273.290747,1.30773e-17
7278.814931,2.05061e-17
7284.339116,1.07059e-17
7289.863301,1.04409e-17
7295.387485,1.2206e-17
7300.91167,1.63362e-17
7306.435854,1.7157e-17
7311.960039,1.64911e-17
7317.484224,1.17351e-17
7323.008408,1.07305e-17
7328.532593,1.42359e-17
7334.056778,2.05135e-17
7339.580962,1.52109e-17
7345.105147,1.17136e-17
7350.629331,1.2094e-17
7356.153516,1.35579e-17
7361.677701,1.75206e-17
7367.201885,1.39979e-17
7372.72607,1.11062e-17
7378.250255,1.31314e-17
7383.774439,1.2306e-17
7389.298624,1.63254e-17
7394.822808,2.00432e-17
7400.346993,1.66219e-17
7405.871178,9.64194e-18
7411.395362,1.30134e-17
7416.919547,1.77112e-17
7422.443732,1.56107e-17
7427.967916,1.43731e-17
7433.492101,1.65932e-17
7439.016286,1.51618e-17
7444.54047,1.77618e-17
7450.064655,1.91367e-17
7455.588839,2.1676e-17
7461.113024,1.65135e-17
7466.637209,1.35331e-17
7472.161393,2.25509e-17
7477.685578,2.54927e-17
7483.209763,2.57026e-17
7488.733947,2.68872e-17
7494.258132,2.807e-17
7499.782316,2.59245e-17
7505.306501,2.55584e-17
7510.830686,3.05764e-17
7516.35487,3.88741e-17
7521.879055,3.67139e-17
7527.40324,3.27453e-17
7532.927424,3.51769e-17
7538.451609,2.78879e-17
7543.975794,2.65431e-17
7549.499978,2.52923e-17
7555.024163,2.11303e-17
7560.548347,2.59805e-17
7566.072532,2.14413e-17
7571.596717,1.91513e-17
7577.120901,2.07563e-17
7582.645086,2.28865e-17
7588.169271,2.41859e-17
7593.693455,2.15552e-17
7599.21764,2.09012e-17
7604.741824,1.78121e-17
7610.266009,1.26126e-17
7615.790194,1.16242e-17
7621.314378,1.39248e-17
7626.838563,1.22975e-17
7632.362748,9.33415e-18
7637.886932,5.6817e-18
7643.411117,8.97586e-18
7648.935302,1.23149e-17
7654.459486,1.35238e-17
7659.983671,1.63117e-17
7665.507855,1.30512e-17
7671.03204,1.01712e-17
7676.556225,1.30758e-17
7682.080409,1.92594e-17
7687.604594,2.40896e-17
7693.128779,1.54808e-17
7698.652963,1.66416e-17
7704.177148,2.66238e-17
7709.701332,1.76073e-17
7715.225517,2.41942e-17
7720.749702,3.17863e-17
7726.273886,2.23172e-17
7731.798071,2.86932e-17
7737.322256,1.71476e-17
7742.84644,2.55721e-17
7748.370625,1.96906e-17
7753.894809,2.60511e-17
7759.418994,2.61566e-17
7764.943179,2.45722e-17
7770.467363,2.07328e-17
7775.991548,1.35062e-17
7781.515733,1.28022e-17
7787.039917,2.3779e-17
7792.564102,2.49525e-17
7798.088287,1.73446e-17
7803.612471,2.00584e-17
7809.136656,1.77985e-17
7814.66084,1.84736e-17
7820.185025,2.1699e-17
7825.70921,2.33473e-17
7831.233394,1.55812e-17
7836.757579,9.53796e-18
7842.281764,1.4086e-17
7847.805948,3.58688e-18
7853.330133,-2.52417e-18
7858.854317,1.00898e-17
7864.378502,8.02948e-18
7869.902687,1.76489e-17
7875.426871,5.06316e-18
7880.951056,8.65219e-18
7886.475241,1.40106e-17
7891.999425,1.13741e-17
7897.52361,1.44989e-17
7903.047795,2.04829e-17
7908.571979,1.09938e-17
7914.096164,1.76209e-18
7919.620348,1.25148e-17
7925.144533,1.16335e-17
7930.668718,1.33639e-17
7936.192902,1.50841e-17
7941.717087,1.06008e-17
7947.241272,1.3643e-17
7952.765456,9.85304e-18
7958.289641,9.8839e-18
7963.813825,1.63804e-17
7969.33801,2.28984e-17
7974.862195,1.61425e-17
7980.386379,3.78541e-18
7985.910564,4.43861e-18
7991.434749,1.22783e-17
7996.958933,2.20343e-17
8002.483118,1.73427e-17
8008.007303,9.5249e-18
8013.531487,1.35286e-17
8019.055672,9.63947e-18
8024.579856,1.22874e-17
8030.104041,-2.24253e-18
8035.628226,9.47974e-18
8041.15241,1.039e-17
8046.676595,1.29649e-17
8052.20078,1.43406e-17
8057.724964,1.44909e-17
8063.249149,1.48998e-17
8068.773333,1.09002e-17
8074.297518,1.59242e-17
8079.821703,1.35379e-17
8085.345887,8.51507e-18
8090.870072,1.55082e-17
8096.394257,1.65571e-17
8101.918441,1.34586e-17
8107.442626,8.26229e-18
8112.966811,1.05758e-17
8118.490995,1.43536e-17
8124.01518,9.14753e-18
8129.539364,9.07165e-18
8135.063549,2.54088e-18
8140.587734,1.3348e-17
8146.111918,1.45013e-17
8151.636103,2.10352e-17
8157.160288,1.12923e-17
8162.684472,7.99576e-18
8168.208657,1.65683e-17
8173.732841,1.56572e-17
8179.257026,1.36662e-17
8184.781211,1.2675e-17
8190.305395,1.16578e-17
8195.82958,1.71388e-17
8201.353765,1.85143e-17
8206.877949,1.11676e-17
8212.402134,1.28798e-17
8217.926318,1.23843e-17
8223.450503,1.22002e-17
8228.974688,1.82519e-17
8234.498872,1.80991e-17
8240.023057,1.63022e-17
8245.547242,1.52672e-17
8251.071426,1.91618e-17
8256.595611,2.376e-17
8262.119796,2.5119e-17
8267.64398,1.9668e-17
8273.168165,2.07213e-17
8278.692349,1.16264e-17
8284.216534,1.6617e-17
8289.740719,1.84133e-17
8295.264903,3.6629e-17
8300.789088,2.57668e-17
8306.313273,2.95848e-17
8311.837457,1.58839e-17
8317.361642,2.1053e-17
8322.885826,2.76069e-17
8328.410011,2.20315e-17
8333.934196,2.19581e-17
8339.45838,2.65421e-17
8344.982565,2.20834e-17
8350.50675,1.15092e-17
8356.030934,1.30739e-17
8361.555119,1.5528e-17
8367.079304,2.53128e-17
8372.603488,3.23762e-17
8378.127673,2.62242e-17
8383.651857,3.04608e-17
8389.176042,2.81676e-17
8394.700227,2.54283e-17
8400.224411,3.19408e-17
8405.748596,5.43009e-17
8411.272781,3.56847e-17
8416.796965,2.36347e-17
8422.32115,3.69429e-17
8427.845334,1.93557e-17
8433.369519,1.99548e-17
8438.893704,1.32599e-17
8444.417888,2.15107e-17
8449.942073,1.84014e-17
8455.466258,1.93885e-17
8460.990442,7.49255e-18
8466.514627,8.92614e-18
8472.038812,1.80085e-17
8477.562996,1.64982e-17
8483.087181,1.92725e-17
8488.611365,2.22169e-17
8494.13555,1.81629e-17
8499.659735,2.11285e-17
8505.183919,1.6742e-17
8510.708104,1.55458e-17
8516.232289,1.04748e-17
8521.756473,5.54033e-18
8527.280658,1.9523e-17
8532.804842,1.37243e-17
8538.329027,8.47765e-18
8543.853212,1.42046e-17
8549.377396,9.128e-18
8554.901581,1.25766e-17
8560.425766,2.20448e-17
8565.94995,1.06705e-17
8571.474135,1.75015e-17
8576.99832,1.25761e-17
8582.522504,1.41815e-17
8588.046689,1.90713e-17
8593.570873,1.41811e-17
8599.095058,4.61454e-18
8604.619243,5.26296e-18
8610.143427,1.14738e-17
8615.667612,1.1102e-17
8621.191797,1.28227e-17
8626.715981,1.17922e-17
8632.240166,1.22232e-17
8637.76435,1.41353e-17
8643.288535,1.28867e-17
8648.81272,1.9648e-17
8654.336904,1.54411e-17
8659.861089,6.90833e-18
8665.385274,7.49994e-18
8670.909458,1.4734e-17
8676.433643,8.93179e-18
8681.957828,2.04737e-17
8687.482012,2.00992e-17
8693.006197,1.14089e-17
8698.530381,1.12009e-17
8704.054566,6.97658e-18
8709.578751,6.9589e-18
8715.102935,1.10697e-17
8720.62712,1.23631e-17
8726.151305,2.42922e-17
8731.675489,2.99249e-17
8737.199674,2.5097e-17
8742.723858,1.49391e-17
8748.248043,1.00643e-17
8753.772228,3.05616e-17
8759.296412,2.04752e-17
8764.820597,1.77957e-17
8770.344782,1.66689e-17
8775.868966,1.55456e-17
8781.393151,1.98183e-17
8786.917335,1.97101e-17
8792.44152,1.33589e-17
8797.965705,1.12544e-17
8803.489889,1.55521e-17
8809.014074,2.05964e-17
8814.538259,2.05755e-17
8820.062443,1.19802e-17
8825.586628,9.94664e-18
8831.110813,5.46692e-18
8836.634997,4.9424e-18
8842.159182,1.20999e-17
8847.683366,9.68223e-18
8853.207551,9.51799e-18
8858.731736,3.05249e-18
8864.25592,1.2217e-17
8869.780105,1.79403e-17
8875.30429,1.96881e-17
8880.828474,5.91326e-18
8886.352659,-4.24808e-18
8891.876843,-5.44865e-18
8897.401028,1.68814e-17
8902.925213,2.55789e-17
8908.449397,1.08542e-17
8913.973582,1.68506e-17
8919.497767,1.72894e-17
8925.021951,1.46244e-17
8930.546136,1.19187e-17
8936.070321,2.41507e-17
8941.594505,3.01172e-17
8947.11869,2.81e-17
8952.642874,6.40143e-18
8958.167059,6.45622e-18
8963.691244,1.75529e-17
8969.215428,9.46348e-18
8974.739613,2.63417e-17
8980.263798,2.69611e-17
8985.787982,1.68248e-17
8991.312167,1.33506e-17
8996.836351,8.34546e-18
9002.360536,2.4338e-17
9007.884721,3.34217e-17
9013.408905,1.9625e-17
9018.93309,1.6303e-17
9024.457275,1.68133e-17
9029.981459,2.09784e-17
9035.505644,1.79632e-17
9041.029829,1.96121e-17
9046.554013,2.31109e-17
9052.078198,2.40211e-17
9057.602382,3.46203e-17
9063.126567,2.07315e-17
9068.650752,2.51655e-17
9074.174936,2.57449e-17
9079.699121,2.14182e-17
9085.223306,3.96338e-17
9090.74749,1.31719e-17
9096.271675,1.08717e-17
9101.795859,1.90139e-17
9107.320044,2.96594e-17
9112.844229,2.38938e-17
9118.368413,2.25914e-17
9123.892598,2.48622e-17
9129.416783,2.02058e-17
9134.940967,2.14097e-17
9140.465152,2.92825e-17
9145.989337,1.67874e-17
9151.513521,2.49549e-17
9157.037706,2.58813e-17
9162.56189,2.26784e-17
9168.086075,2.93661e-17
9173.61026,1.90358e-17
9179.134444,2.09726e-17
9184.658629,2.88659e-17
9190.182814,1.46727e-17
9195.706998,1.56309e-17
9201.231183,2.1872e-17
9206.755367,2.44589e-17
9212.279552,1.87973e-17
9217.803737,1.15813e-17
9223.327921,1.87915e-17
9228.852106,2.43353e-17
9234.376291,3.3824e-17
9239.900475,1.924e-17
9245.42466,1.85769e-17
9250.948844,1.101e-17
9256.473029,3.64328e-17
9261.997214,3.42082e-17
9267.521398,1.43655e-17
9273.045583,0.0
