wavelength,flux
3673.875204,6.06774e-17
3679.399281,7.10294e-17
3684.923359,7.68909e-17
3690.447436,7.9e-17
3695.971513,6.3345e-17
3701.49559,7.46726e-17
3707.019668,6.85729e-17
3712.543745,8.0062e-17
3718.067822,6.79961e-17
3723.591899,6.78714e-17
3729.115976,6.18402e-17
3734.640054,7.4834e-17
3740.164131,6.26279e-17
3745.688208,6.90445e-17
3751.212285,7.24809e-17
3756.736363,7.24835e-17
3762.26044,7.0056e-17
3767.784517,7.3009e-17
3773.308594,6.52012e-17
3778.832672,6.6034e-17
3784.356749,5.72678e-17
3789.880826,6.77731e-17
3795.404903,6.90953e-17
3800.928981,6.69024e-17
3806.453058,6.63473e-17
3811.977135,6.93332e-17
3817.501212,6.97555e-17
3823.025289,7.61219e-17
3828.549367,6.57541e-17
3834.073444,6.64206e-17
3839.597521,6.95665e-17
3845.121598,5.59146e-17
3850.645676,6.48109e-17
3856.169753,6.58021e-17
3861.69383,6.33437e-17
3867.217907,6.05848e-17
3872.741985,5.92618e-17
3878.266062,6.40986e-17
3883.790139,5.65302e-17
3889.314216,6.7295e-17
3894.838294,5.61493e-17
3900.362371,5.02332e-17
3905.886448,5.71685e-17
3911.410525,5.34275e-17
3916.934603,5.76355e-17
3922.45868,5.7752e-17
3927.982757,5.71892e-17
3933.506834,4.99976e-17
3939.030911,5.31182e-17
3944.554989,5.57903e-17
3950.079066,5.7504e-17
3955.603143,5.76249e-17
3961.12722,6.44306e-17
3966.651298,5.76578e-17
3972.175375,5.78634e-17
3977.699452,5.80606e-17
3983.223529,5.67081e-17
3988.747607,5.32471e-17
3994.271684,5.7349e-17
3999.795761,6.15287e-17
4005.319838,6.13451e-17
4010.843916,6.26342e-17
4016.367993,6.10559e-17
4021.89207,6.37088e-17
4027.416147,6.35232e-17
4032.940224,6.44217e-17
4038.464302,5.64738e-17
4043.988379,5.14363e-17
4049.512456,6.16034e-17
4055.036533,5.19438e-17
4060.560611,5.27137e-17
4066.084688,5.86011e-17
4071.608765,5.43874e-17
4077.132842,5.67108e-17
4082.65692,5.46074e-17
4088.180997,5.91866e-17
4093.705074,5.79365e-17
4099.229151,6.19978e-17
4104.753229,5.6348e-17
4110.277306,5.67107e-17
4115.801383,5.24405e-17
4121.32546,5.25867e-17
4126.849538,4.86231e-17
4132.373615,5.39414e-17
4137.897692,5.71216e-17
4143.421769,6.28352e-17
4148.945846,6.29595e-17
4154.469924,5.48486e-17
4159.994001,5.24094e-17
4165.518078,5.31465e-17
4171.042155,5.35991e-17
4176.566233,5.07039e-17
4182.09031,4.79209e-17
4187.614387,5.4302e-17
4193.138464,5.28145e-17
4198.662542,5.38851e-17
4204.186619,5.29924e-17
4209.710696,5.79621e-17
4215.234773,4.91397e-17
4220.758851,4.73613e-17
4226.282928,5.99568e-17
4231.807005,6.04754e-17
4237.331082,5.81909e-17
4242.855159,4.88255e-17
4248.379237,5.55495e-17
4253.903314,5.65464e-17
4259.427391,5.46796e-17
4264.951468,5.49606e-17
4270.475546,5.54677e-17
4275.999623,5.45188e-17
4281.5237,5.16495e-17
4287.047777,5.52992e-17
4292.571855,5.23032e-17
4298.095932,5.04323e-17
4303.620009,5.15562e-17
4309.144086,5.45856e-17
4314.668164,5.02479e-17
4320.192241,5.14233e-17
4325.716318,4.75781e-17
4331.240395,5.37369e-17
4336.764473,5.47889e-17
4342.28855,4.71431e-17
4347.812627,5.35254e-17
4353.336704,4.98763e-17
4358.860781,5.37263e-17
4364.384859,4.93459e-17
4369.908936,5.47816e-17
4375.433013,5.45024e-17
4380.95709,5.22561e-17
4386.481168,5.61778e-17
4392.005245,5.61494e-17
4397.529322,5.64845e-17
4403.053399,5.23923e-17
4408.577477,5.06976e-17
4414.101554,5.5102e-17
4419.625631,5.18932e-17
4425.149708,4.59355e-17
4430.673786,5.40935e-17
4436.197863,6.11768e-17
4441.72194,5.03534e-17
4447.246017,5.45638e-17
4452.770094,5.30172e-17
4458.294172,5.47151e-17
4463.818249,5.50535e-17
4469.342326,5.02308e-17
4474.866403,5.18093e-17
4480.390481,5.47099e-17
4485.914558,4.96903e-17
4491.438635,5.41363e-17
4496.962712,5.4547e-17
4502.48679,5.03994e-17
4508.010867,5.76848e-17
4513.534944,5.37746e-17
4519.059021,4.67871e-17
4524.583099,5.25221e-17
4530.107176,5.00753e-17
4535.631253,5.65318e-17
4541.15533,5.03554e-17
4546.679407,4.99939e-17
4552.203485,5.07764e-17
4557.727562,4.81183e-17
4563.251639,5.04274e-17
4568.775716,5.12273e-17
4574.299794,4.46238e-17
4579.823871,4.41674e-17
4585.347948,4.77217e-17
4590.872025,4.80679e-17
4596.396103,4.85382e-17
4601.92018,4.7544e-17
4607.444257,5.21005e-17
4612.968334,4.95353e-17
4618.492412,4.96548e-17
4624.016489,4.70927e-17
4629.540566,5.08534e-17
4635.064643,4.99363e-17
4640.588721,4.77148e-17
4646.112798,5.67217e-17
4651.636875,4.97959e-17
4657.160952,4.91272e-17
4662.685029,4.24022e-17
4668.209107,4.37312e-17
4673.733184,4.7189e-17
4679.257261,4.91231e-17
4684.781338,4.44884e-17
4690.305416,4.51212e-17
4695.829493,4.69268e-17
4701.35357,4.57106e-17
4706.877647,4.58068e-17
4712.401725,4.50896e-17
4717.925802,4.29542e-17
4723.449879,4.13686e-17
4728.973956,4.44121e-17
4734.498034,4.20214e-17
4740.022111,4.49083e-17
4745.546188,4.51045e-17
4751.070265,4.52656e-17
4756.594342,5.20339e-17
4762.11842,4.87179e-17
4767.642497,5.39451e-17
4773.166574,4.85418e-17
4778.690651,5.56851e-17
4784.214729,5.60168e-17
4789.738806,4.76733e-17
4795.262883,4.70557e-17
4800.78696,5.39811e-17
4806.311038,5.28159e-17
4811.835115,4.99695e-17
4817.359192,4.70154e-17
4822.883269,5.20694e-17
4828.407347,4.99269e-17
4833.931424,4.93867e-17
4839.455501,5.15893e-17
4844.979578,5.0729e-17
4850.503656,5.01375e-17
4856.027733,5.24945e-17
4861.55181,4.77302e-17
4867.075887,4.9542e-17
4872.599964,4.9693e-17
4878.124042,5.07673e-17
4883.648119,5.32154e-17
4889.172196,5.06162e-17
4894.696273,4.72343e-17
4900.220351,4.41012e-17
4905.744428,4.77616e-17
4911.268505,4.7958e-17
4916.792582,4.66091e-17
4922.31666,4.28765e-17
4927.840737,4.25315e-17
4933.364814,3.90826e-17
4938.888891,4.452e-17
4944.412969,4.33926e-17
4949.937046,4.03521e-17
4955.461123,4.04781e-17
4960.9852,4.03656e-17
4966.509277,4.13106e-17
4972.033355,3.69141e-17
4977.557432,3.30376e-17
4983.081509,3.66527e-17
4988.605586,3.1396e-17
4994.129664,3.39596e-17
4999.653741,3.65123e-17
5005.177818,3.19251e-17
5010.701895,3.18779e-17
5016.225973,3.15105e-17
5021.75005,3.12858e-17
5027.274127,3.43786e-17
5032.798204,3.48219e-17
5038.322282,2.5966e-17
5043.846359,2.60318e-17
5049.370436,2.61813e-17
5054.894513,2.40626e-17
5060.418591,2.8865e-17
5065.942668,2.82975e-17
5071.466745,2.84978e-17
5076.990822,2.88034e-17
5082.514899,3.24011e-17
5088.038977,3.13404e-17
5093.563054,3.067e-17
5099.087131,3.40615e-17
5104.611208,3.00501e-17
5110.135286,3.06855e-17
5115.659363,3.06378e-17
5121.18344,3.1985e-17
5126.707517,2.72488e-17
5132.231595,3.34033e-17
5137.755672,2.88366e-17
5143.279749,3.99872e-17
5148.803826,3.33028e-17
5154.327904,3.4808e-17
5159.851981,3.92102e-17
5165.376058,3.60371e-17
5170.900135,3.37405e-17
5176.424212,3.59727e-17
5181.94829,3.2449e-17
5187.472367,3.4044e-17
5192.996444,3.17424e-17
5198.520521,3.60854e-17
5204.044599,3.3413e-17
5209.568676,3.6094e-17
5215.092753,3.57427e-17
5220.61683,3.56497e-17
5226.140908,3.7189e-17
5231.664985,3.46631e-17
5237.189062,3.50271e-17
5242.713139,3.38068e-17
5248.237217,4.25773e-17
5253.761294,3.57388e-17
5259.285371,3.46138e-17
5264.809448,3.21079e-17
5270.333526,3.60948e-17
5275.857603,3.73481e-17
5281.38168,3.37791e-17
5286.905757,3.40495e-17
5292.429834,3.34046e-17
5297.953912,3.10744e-17
5303.477989,3.24991e-17
5309.002066,3.43114e-17
5314.526143,3.20984e-17
5320.050221,3.40174e-17
5325.574298,3.93507e-17
5331.098375,4.05789e-17
5336.622452,3.99358e-17
5342.14653,3.80031e-17
5347.670607,3.71235e-17
5353.194684,3.86652e-17
5358.718761,3.36135e-17
5364.242839,3.50433e-17
5369.766916,3.7522e-17
5375.290993,3.51606e-17
5380.81507,3.58555e-17
5386.339147,3.56784e-17
5391.863225,3.43723e-17
5397.387302,2.97153e-17
5402.911379,3.08267e-17
5408.435456,3.46324e-17
5413.959534,3.00824e-17
5419.483611,3.18202e-17
5425.007688,3.22491e-17
5430.531765,3.33609e-17
5436.055843,3.28169e-17
5441.57992,3.19642e-17
5447.103997,3.38875e-17
5452.628074,3.04458e-17
5458.152152,3.32779e-17
5463.676229,3.22714e-17
5469.200306,3.18902e-17
5474.724383,3.56889e-17
5480.248461,3.53974e-17
5485.772538,3.26637e-17
5491.296615,3.44545e-17
5496.820692,3.70326e-17
5502.344769,3.78203e-17
5507.868847,3.65759e-17
5513.392924,3.76507e-17
5518.917001,3.77365e-17
5524.441078,3.75838e-17
5529.965156,3.49425e-17
5535.489233,3.38758e-17
5541.01331,3.45949e-17
5546.537387,3.58073e-17
5552.061465,3.27602e-17
5557.585542,3.37042e-17
5563.109619,3.44874e-17
5568.633696,3.21143e-17
5574.157774,2.73485e-17
5579.681851,3.39911e-17
5585.205928,2.80304e-17
5590.730005,2.69577e-17
5596.254082,3.51444e-17
5601.77816,3.61375e-17
5607.302237,3.42721e-17
5612.826314,3.41706e-17
5618.350391,3.11702e-17
5623.874469,3.05886e-17
5629.398546,2.8644e-17
5634.922623,2.71336e-17
5640.4467,2.95052e-17
5645.970778,3.15799e-17
5651.494855,3.22526e-17
5657.018932,3.06067e-17
5662.543009,2.87084e-17
5668.067087,2.76275e-17
5673.591164,2.69279e-17
5679.115241,2.79927e-17
5684.639318,2.74046e-17
5690.163396,2.61664e-17
5695.687473,2.30904e-17
5701.21155,2.16749e-17
5706.735627,2.25187e-17
5712.259704,2.23711e-17
5717.783782,2.08567e-17
5723.307859,2.05935e-17
5728.831936,2.26241e-17
5734.356013,1.9624e-17
5739.880091,2.22992e-17
5745.404168,2.34695e-17
5750.928245,1.83855e-17
5756.452322,1.769e-17
5761.9764,1.89885e-17
5767.500477,1.90951e-17
5773.024554,2.25237e-17
5778.548631,2.09949e-17
5784.072709,1.7776e-17
5789.596786,1.89162e-17
5795.120863,1.80093e-17
5800.64494,1.94098e-17
5806.169017,1.82892e-17
5811.693095,1.3777e-17
5817.217172,1.80718e-17
5822.741249,1.84452e-17
5828.265326,1.66031e-17
5833.789404,1.64076e-17
5839.313481,1.72645e-17
5844.837558,1.85897e-17
5850.361635,1.64679e-17
5855.885713,1.59614e-17
5861.40979,1.89791e-17
5866.933867,1.65898e-17
5872.457944,1.92933e-17
5877.982022,1.67549e-17
5883.506099,1.4702e-17
5889.030176,1.6763e-17
5894.554253,1.34349e-17
5900.078331,1.2613e-17
5905.602408,1.84192e-17
5911.126485,1.33269e-17
5916.650562,1.43071e-17
5922.174639,1.04817e-17
5927.698717,1.11197e-17
5933.222794,1.09413e-17
5938.746871,1.2483e-17
5944.270948,1.39495e-17
5949.795026,1.35305e-17
5955.319103,1.33634e-17
5960.84318,1.48584e-17
5966.367257,1.2135e-17
5971.891335,9.57456e-18
5977.415412,1.49677e-17
5982.939489,1.5245e-17
5988.463566,1.07287e-17
5993.987644,1.26864e-17
5999.511721,6.5408e-18
6005.035798,1.04492e-17
6010.559875,1.50247e-17
6016.083952,1.58272e-17
6021.60803,7.68339e-18
6027.132107,1.05411e-17
6032.656184,1.55853e-17
6038.180261,1.41567e-17
6043.704339,9.52459e-18
6049.228416,1.36693e-17
6054.752493,1.62235e-17
6060.27657,1.27234e-17
6065.800648,1.05697e-17
6071.324725,1.00432e-17
6076.848802,8.07188e-18
6082.372879,1.40538e-17
6087.896957,8.66734e-18
6093.421034,6.84379e-18
6098.945111,1.05451e-17
6104.469188,9.72438e-18
6109.993266,1.09695e-17
6115.517343,1.10228e-17
6121.04142,6.72025e-18
6126.565497,1.38074e-17
6132.089574,1.36336e-17
6137.613652,8.29595e-18
6143.137729,1.29542e-17
6148.661806,1.02258e-17
6154.185883,8.85274e-18
6159.709961,1.1674e-17
6165.234038,1.13707e-17
6170.758115,1.61104e-17
6176.282192,1.51922e-17
6181.80627,1.5688e-17
6187.330347,1.89747e-17
6192.854424,1.61203e-17
6198.378501,1.97102e-17
6203.902579,2.35264e-17
6209.426656,1.98942e-17
6214.950733,2.32505e-17
6220.47481,2.74147e-17
6225.998887,2.26152e-17
6231.522965,2.80684e-17
6237.047042,2.83627e-17
6242.571119,3.17829e-17
6248.095196,2.88478e-17
6253.619274,2.89025e-17
6259.143351,3.2438e-17
6264.667428,2.43025e-17
6270.191505,2.63719e-17
6275.715583,2.22326e-17
6281.23966,2.56326e-17
6286.763737,2.35087e-17
6292.287814,2.40872e-17
6297.811892,2.03893e-17
6303.335969,1.55333e-17
6308.860046,1.7257e-17
6314.384123,1.60267e-17
6319.908201,1.56061e-17
6325.432278,1.11685e-17
6330.956355,1.61743e-17
6336.480432,1.44786e-17
6342.004509,1.07773e-17
6347.528587,7.91073e-18
6353.052664,1.56895e-17
6358.576741,1.36982e-17
6364.100818,1.53665e-17
6369.624896,9.6471e-18
6375.148973,1.25094e-17
6380.67305,1.2064e-17
6386.197127,9.65164e-18
6391.721205,1.31463e-17
6397.245282,1.25139e-17
6402.769359,8.57942e-18
6408.293436,7.44382e-18
6413.817514,9.77824e-18
6419.341591,8.57937e-18
6424.865668,1.19161e-17
6430.389745,1.04956e-17
6435.913822,7.8043e-18
6441.4379,1.06356e-17
6446.961977,9.383e-18
6452.486054,1.10358e-17
6458.010131,9.5399e-18
6463.534209,8.67389e-18
6469.058286,1.65182e-17
6474.582363,1.09668e-17
6480.10644,1.08741e-17
6485.630518,8.4081e-18
6491.154595,1.08272e-17
6496.678672,1.28015e-17
6502.202749,1.52154e-17
6507.726827,1.24433e-17
6513.250904,1.06519e-17
6518.774981,1.23056e-17
6524.299058,1.41146e-17
6529.823135,1.16545e-17
6535.347213,1.19078e-17
6540.87129,1.5234e-17
6546.395367,1.40642e-17
6551.919444,8.06199e-18
6557.443522,9.85258e-18
6562.967599,1.03977e-17
6568.491676,9.69802e-18
6574.015753,1.41243e-17
6579.539831,1.33278e-17
6585.063908,1.27555e-17
6590.587985,1.30606e-17
6596.112062,1.07787e-17
6601.63614,9.69589e-18
6607.160217,1.26258e-17
6612.684294,1.20306e-17
6618.208371,1.14863e-17
6623.732449,9.18849e-18
6629.256526,8.56425e-18
6634.780603,1.01844e-17
6640.30468,1.35805e-17
6645.828757,1.28939e-17
6651.352835,1.23701e-17
6656.876912,1.56826e-17
6662.400989,1.40241e-17
6667.925066,1.05762e-17
6673.449144,1.17328e-17
6678.973221,1.16282e-17
6684.497298,1.63719e-17
6690.021375,1.65002e-17
6695.545453,1.23411e-17
6701.06953,1.29657e-17
6706.593607,1.67876e-17
6712.117684,1.75317e-17
6717.641762,1.37844e-17
6723.165839,1.26074e-17
6728.689916,1.9168e-17
6734.213993,1.47138e-17
6739.73807,1.77033e-17
6745.262148,1.55645e-17
6750.786225,1.34391e-17
6756.310302,1.78136e-17
6761.834379,1.74378e-17
6767.358457,1.57909e-17
6772.882534,1.81027e-17
6778.406611,1.5984e-17
6783.930688,1.72938e-17
6789.454766,1.9094e-17
6794.978843,2.01992e-17
6800.50292,2.07427e-17
6806.026997,1.39525e-17
6811.551075,1.49301e-17
6817.075152,1.63469e-17
6822.599229,1.34847e-17
6828.123306,1.46682e-17
6833.647384,1.93167e-17
6839.171461,2.05354e-17
6844.695538,1.79988e-17
6850.219615,2.06531e-17
6855.743692,1.75139e-17
6861.26777,1.98174e-17
6866.791847,1.34399e-17
6872.315924,1.69861e-17
6877.840001,1.21907e-17
6883.364079,1.42232e-17
6888.888156,1.21193e-17
6894.412233,1.41807e-17
6899.93631,1.05313e-17
6905.460388,1.47512e-17
6910.984465,1.54206e-17
6916.508542,1.42253e-17
6922.032619,1.62748e-17
6927.556697,1.43309e-17
6933.080774,1.11805e-17
6938.604851,1.68329e-17
6944.128928,1.75678e-17
6949.653005,1.28507e-17
6955.177083,1.58598e-17
6960.70116,1.6855e-17
6966.225237,1.46164e-17
6971.749314,1.10946e-17
6977.273392,1.21272e-17
6982.797469,2.16737e-17
6988.321546,1.81021e-17
6993.845623,1.96322e-17
6999.369701,1.5751e-17
7004.893778,1.33661e-17
7010.417855,1.26393e-17
7015.941932,1.01051e-17
7021.46601,1.53434e-17
7026.990087,1.54032e-17
7032.514164,1.63894e-17
7038.038241,1.49084e-17
7043.562319,1.34101e-17
7049.086396,1.06382e-17
7054.610473,1.02526e-17
7060.13455,1.61234e-17
7065.658627,1.60904e-17
7071.182705,1.54298e-17
7076.706782,1.67616e-17
7082.230859,1.82398e-17
7087.754936,1.97273e-17
7093.279014,1.4289e-17
7098.803091,1.6367e-17
7104.327168,1.87183e-17
7109.851245,1.88887e-17
7115.375323,1.94896e-17
7120.8994,1.50605e-17
7126.423477,1.6423e-17
7131.947554,1.85974e-17
7137.471632,1.61203e-17
7142.995709,1.71915e-17
7148.519786,1.1433e-17
7154.043863,1.26056e-17
7159.56794,1.21437e-17
7165.092018,1.00811e-17
7170.616095,8.9307e-18
7176.140172,1.03787e-17
7181.664249,1.0451e-17
7187.188327,1.35193e-17
7192.712404,7.70733e-18
7198.236481,8.13744e-18
7203.760558,1.06174e-17
7209.284636,8.46425e-18
7214.808713,7.65716e-18
7220.33279,6.8009e-18
7225.856867,1.06995e-17
7231.380945,8.40571e-18
7236.905022,6.27841e-18
7242.429099,1.0977e-17
7247.953176,7.32457e-18
7253.477254,4.48868e-18
7259.001331,7.84679e-18
7264.525408,9.95253e-18
7270.049485,8.0522e-18
7275.573562,9.62551e-18
7281.09764,1.09446e-17
7286.621717,6.11105e-18
7292.145794,1.21265e-17
7297.669871,1.15239e-17
7303.193949,7.98306e-18
7308.718026,1.09807e-17
7314.242103,4.8936e-18
7319.76618,8.48387e-18
7325.290258,9.37581e-18
7330.814335,4.66771e-18
7336.338412,6.42556e-18
7341.862489,8.00998e-18
7347.386567,6.96467e-18
7352.910644,5.79076e-18
7358.434721,8.04875e-18
7363.958798,9.59273e-18
7369.482875,5.55862e-18
7375.006953,5.96308e-18
7380.53103,3.5424e-18
7386.055107,8.75609e-18
7391.579184,1.22129e-17
7397.103262,8.98785e-18
7402.627339,9.4931e-18
7408.151416,7.85423e-18
7413.675493,1.02267e-17
7419.199571,7.8317e-18
7424.723648,7.96796e-18
7430.247725,8.48281e-18
7435.771802,7.91077e-18
7441.29588,1.24017e-17
7446.819957,6.3505e-18
7452.344034,9.42067e-18
7457.868111,1.3718e-17
7463.392189,8.5955e-18
7468.916266,6.54791e-18
7474.440343,1.26356e-17
7479.96442,1.2714e-17
7485.488497,1.61493e-17
7491.012575,1.90425e-17
7496.536652,1.97208e-17
7502.060729,1.57358e-17
7507.584806,1.01669e-17
7513.108884,1.9288e-17
7518.632961,2.7099e-17
7524.157038,2.21785e-17
7529.681115,1.92052e-17
7535.205193,1.51327e-17
7540.72927,1.23379e-17
7546.253347,1.72377e-17
7551.777424,1.7407e-17
7557.301502,1.32677e-17
7562.825579,1.2972e-17
7568.349656,6.33736e-18
7573.873733,6.71456e-18
7579.39781,1.08997e-17
7584.921888,1.04846e-17
7590.445965,9.22304e-18
7595.970042,2.04111e-17
7601.494119,2.6083e-17
7607.018197,2.60656e-17
7612.542274,2.90914e-17
7618.066351,1.58738e-17
7623.590428,9.47043e-18
7629.114506,1.49645e-17
7634.638583,1.00751e-17
7640.16266,7.594e-18
7645.686737,5.14183e-18
7651.210815,6.85758e-18
7656.734892,1.12031e-17
7662.258969,1.06817e-17
7667.783046,6.59226e-18
7673.307124,7.6666e-18
7678.831201,8.28705e-18
7684.355278,6.71977e-18
7689.879355,9.02709e-18
7695.403432,1.22224e-17
7700.92751,1.04215e-17
7706.451587,7.15084e-18
7711.975664,2.66157e-18
7717.499741,1.48456e-17
7723.023819,1.77768e-17
7728.547896,1.21108e-17
7734.071973,1.44972e-17
7739.59605,1.60061e-17
7745.120128,8.65817e-18
7750.644205,1.23406e-17
7756.168282,1.67875e-17
7761.692359,1.50791e-17
7767.216437,1.08284e-17
7772.740514,9.10627e-18
7778.264591,5.597e-18
7783.788668,7.47975e-18
7789.312745,1.3975e-17
7794.836823,1.37573e-17
7800.3609,1.3386e-17
7805.884977,1.12214e-17
7811.409054,1.08409e-17
7816.933132,1.40442e-17
7822.457209,8.68113e-18
7827.981286,1.32559e-17
7833.505363,1.32898e-17
7839.029441,1.10656e-17
7844.553518,7.18962e-18
7850.077595,3.13054e-18
7855.601672,6.21573e-18
7861.12575,1.36735e-17
7866.649827,9.75805e-18
7872.173904,8.63332e-18
7877.697981,3.26198e-18
7883.222059,6.34284e-18
7888.746136,5.11891e-18
7894.270213,8.2767e-18
7899.79429,8.24262e-18
7905.318367,7.15971e-18
7910.842445,1.53168e-18
7916.366522,3.12005e-19
7921.890599,4.37312e-18
7927.414676,6.22524e-18
7932.938754,1.06813e-17
7938.462831,9.56995e-18
7943.986908,7.09776e-18
7949.510985,8.57829e-18
7955.035063,6.41114e-18
7960.55914,1.75566e-18
7966.083217,3.27239e-18
7971.607294,6.92898e-18
7977.131372,1.16884e-17
7982.655449,6.41908e-18
7988.179526,3.58844e-18
7993.703603,5.54366e-18
7999.22768,-1.62937e-18
8004.751758,4.31936e-18
8010.275835,2.46453e-18
8015.799912,4.6066e-18
8021.323989,8.0207e-18
8026.848067,8.57586e-19
8032.372144,1.02145e-17
8037.896221,4.34751e-18
8043.420298,3.54618e-18
8048.944376,7.59175e-18
8054.468453,4.87104e-18
8059.99253,1.03e-18
8065.516607,1.82555e-18
8071.040685,4.33248e-18
8076.564762,6.29453e-18
8082.088839,1.01565e-17
8087.612916,1.10395e-17
8093.136994,9.73507e-18
8098.661071,4.97487e-18
8104.185148,6.14911e-18
8109.709225,7.15887e-18
8115.233302,9.96177e-18
8120.75738,5.92847e-18
8126.281457,7.63414e-18
8131.805534,1.24908e-17
8137.329611,1.01934e-17
8142.853689,1.11882e-17
8148.377766,7.13163e-18
8153.901843,1.43433e-17
8159.42592,4.34223e-18
8164.949998,4.55658e-18
8170.474075,6.96711e-18
8175.998152,7.55261e-18
8181.522229,7.30716e-18
8187.046307,9.51403e-18
8192.570384,7.08681e-18
8198.094461,7.48777e-18
8203.618538,8.35202e-18
8209.142615,9.0486e-18
8214.666693,9.31737e-18
8220.19077,8.6939e-18
8225.714847,1.5358e-17
8231.238924,1.5119e-17
8236.763002,8.90604e-18
8242.287079,1.00961e-17
8247.811156,8.9686e-18
8253.335233,1.01048e-17
8258.859311,1.09257e-17
8264.383388,1.29915e-17
8269.907465,1.40251e-17
8275.431542,1.04462e-17
8280.95562,1.08509e-17
8286.479697,1.43854e-17
8292.003774,1.34141e-17
8297.527851,1.69918e-17
8303.051928,1.41248e-17
8308.576006,1.47399e-17
8314.100083,1.77479e-17
8319.62416,1.51222e-17
8325.148237,1.48422e-17
8330.672315,1.05249e-17
8336.196392,1.42744e-17
8341.720469,1.29516e-17
8347.244546,2.36305e-18
8352.768624,4.65469e-18
8358.292701,9.57418e-18
8363.816778,9.96207e-18
8369.340855,1.77173e-17
8374.864933,1.94011e-17
8380.38901,1.85549e-17
8385.913087,1.57431e-17
8391.437164,1.16846e-17
8396.961242,1.82233e-17
8402.485319,1.81015e-17
8408.009396,1.74601e-17
8413.533473,1.20224e-17
8419.05755,1.84252e-17
8424.581628,1.65522e-17
8430.105705,5.35067e-18
8435.629782,9.154e-18
8441.153859,1.5463e-17
8446.677937,1.45655e-17
8452.202014,1.2996e-17
8457.726091,9.31098e-18
8463.250168,8.86067e-18
8468.774246,1.33536e-17
8474.298323,1.01346e-17
8479.8224,1.05752e-17
8485.346477,1.28314e-17
8490.870555,6.69003e-18
8496.394632,6.28895e-18
8501.918709,1.16557e-17
8507.442786,4.83312e-18
8512.966863,-3.03429e-19
8518.490941,8.68999e-18
8524.015018,4.22837e-18
8529.539095,5.53362e-18
8535.063172,8.36136e-18
8540.58725,1.41253e-18
8546.111327,9.5939e-19
8551.635404,6.43984e-18
8557.159481,5.2127e-18
8562.683559,3.22196e-18
8568.207636,1.08298e-17
8573.731713,2.68564e-19
8579.25579,9.65847e-18
8584.779868,8.19144e-18
8590.303945,4.39013e-18
8595.828022,1.17615e-17
8601.352099,7.30056e-18
8606.876177,7.17598e-18
8612.400254,6.01556e-18
8617.924331,1.14305e-17
8623.448408,7.78478e-18
8628.972485,-5.24696e-19
8634.496563,-6.57364e-19
8640.02064,4.12387e-18
8645.544717,7.68947e-18
8651.068794,7.50856e-18
8656.592872,6.46494e-18
8662.116949,6.46013e-18
8667.641026,2.50267e-18
8673.165103,4.0418e-19
8678.689181,4.37923e-18
8684.213258,1.05007e-17
8689.737335,1.25741e-17
8695.261412,5.66809e-18
8700.78549,-3.13342e-18
8706.309567,5.73507e-18
8711.833644,4.29176e-18
8717.357721,1.4111e-17
8722.881798,5.36982e-18
8728.405876,9.43605e-18
8733.929953,9.3208e-18
8739.45403,3.07663e-18
8744.978107,1.1453e-17
8750.502185,1.71842e-17
8756.026262,1.0467e-17
8761.550339,1.85822e-17
8767.074416,9.47637e-18
8772.598494,1.15553e-17
8778.122571,6.94107e-18
8783.646648,4.87623e-18
8789.170725,1.20107e-17
8794.694803,6.53436e-18
8800.21888,3.44195e-18
8805.742957,6.44563e-18
8811.267034,3.07883e-18
8816.791112,5.73643e-18
8822.315189,8.15139e-18
8827.839266,1.39294e-17
8833.363343,1.15517e-17
8838.88742,1.74567e-18
8844.411498,5.94314e-18
8849.935575,5.04473e-18
8855.459652,1.90729e-17
8860.983729,1.42976e-17
8866.507807,1.37222e-17
8872.031884,1.34614e-17
8877.555961,8.67648e-18
8883.080038,7.56632e-18
8888.604116,-1.778e-18
8894.128193,3.4335e-19
8899.65227,-5.25784e-18
8905.176347,9.78751e-18
8910.700425,8.99133e-18
8916.224502,7.53913e-18
8921.748579,1.86854e-18
8927.272656,8.65226e-18
8932.796733,8.64385e-18
8938.320811,1.03864e-17
8943.844888,1.41527e-17
8949.368965,1.10008e-17
8954.893042,2.05235e-17
8960.41712,1.11649e-17
8965.941197,1.01849e-17
8971.465274,1.49147e-17
8976.989351,1.61017e-17
8982.513429,2.16393e-17
8988.037506,1.84947e-17
8993.561583,2.12871e-17
8999.08566,1.36222e-17
9004.609738,6.64191e-18
9010.133815,1.39432e-17
9015.657892,1.3222e-17
9021.181969,1.4113e-17
9026.706047,1.40615e-17
9032.230124,2.06184e-17
9037.754201,1.12773e-17
9043.278278,1.81131e-17
9048.802355,1.42338e-17
9054.326433,9.84672e-18
9059.85051,2.41902e-17
9065.374587,1.75441e-17
9070.898664,1.73145e-17
9076.422742,1.85716e-17
9081.946819,1.00739e-17
9087.470896,2.13873e-17
9092.994973,1.39937e-17
9098.519051,1.37156e-17
9104.043128,8.42424e-18
9109.567205,1.95599e-17
9115.091282,2.10298e-17
9120.61536,1.67004e-17
9126.139437,1.10531e-17
9131.663514,6.17581e-18
9137.187591,9.81464e-18
9142.711668,2.41249e-17
9148.235746,1.47622e-17
9153.759823,7.6482e-18
9159.2839,1.13491e-17
9164.807977,1.48061e-17
9170.332055,1.27353e-17
9175.856132,6.53659e-18
9181.380209,1.12652e-17
9186.904286,5.68638e-18
9192.428364,1.68926e-17
9197.952441,2.34615e-17
9203.476518,1.46564e-17
9209.000595,1.39415e-17
9214.524673,1.15687e-17
9220.04875,1.06682e-17
9225.572827,1.03435e-17
9231.096904,3.3507e-17
9236.620982,1.24696e-17
9242.145059,1.15097e-17
9247.669136,8.67183e-18
9253.193213,2.81226e-18
9258.71729,1.38765e-17
9264.241368,3.718e-18
9269.765445,1.28296e-17
9275.289522,0.0
