wavelength,flux
3400.0,2.281667E-17
3403.018172,9.915846E-17
3406.036345,2.64942e-17
3409.054517,3.653803E-17
3412.072689,2.566682E-17
3415.090861,1.013247E-16
3418.109034,3.252376E-17
3421.127206,2.43741e-17
3424.145378,1.136146E-16
3427.16355,1.443327E-16
3430.181723,8.199317E-17
3433.199895,6.106124E-17
3436.218067,8.404973E-17
3439.236239,3.668509E-17
3442.254412,2.43741e-17
3445.272584,4.844959E-17
3448.290756,2.514973E-17
3451.308928,9.199138E-17
3454.327101,8.870613E-17
3457.345273,3.412767E-17
3460.363445,4.797448E-17
3463.381618,1.084725E-16
3466.39979,1.267999E-16
3469.417962,1.148177E-16
3472.436134,9.332963E-17
3475.454307,1.355062E-16
3478.472479,1.055213E-16
3481.490651,2.972368E-17
3484.508823,6.913752E-17
3487.526996,3.250022E-17
3490.545168,6.80531e-17
3493.56334,1.10166e-16
3496.581512,1.390424E-16
3499.599685,1.537628E-16
3502.617857,1.303609E-16
3505.636029,7.365539E-17
3508.654202,1.640983E-16
3511.672374,1.484099E-16
3514.690546,6.973569E-17
3517.708718,4.289029E-17
3520.726891,3.599811E-17
3523.745063,1.427821E-17
3526.763235,4.715052E-17
3529.781407,3.183658E-17
3532.79958,6.042893E-17
3535.817752,8.295545E-17
3538.835924,1.042311E-16
3541.854096,1.128108E-16
3544.872269,4.230014E-17
3547.890441,1.007192E-16
3550.908613,1.251526E-16
3553.926785,8.477715E-17
3556.944958,5.904569E-17
3559.96313,4.525421E-17
3562.981302,9.206687E-17
3565.999475,7.092227E-17
3569.017647,6.457313E-17
3572.035819,6.026716E-17
3575.053991,9.680676E-17
3578.072164,1.065586E-16
3581.090336,4.100921E-17
3584.108508,6.699097E-17
3587.12668,5.468089E-17
3590.144853,1.701749E-17
3593.163025,3.804782E-17
3596.181197,3.749384E-17
3599.199369,3.499436E-17
3602.217542,7.097861E-17
3605.235714,1.140529E-16
3608.253886,9.542626E-17
3611.272058,1.02742e-16
3614.290231,1.06792e-16
3617.308403,3.567151E-17
3620.326575,3.860179E-17
3623.344748,1.099733E-16
3626.36292,7.636883E-17
3629.381092,3.444039E-17
3632.399264,3.804782E-17
3635.417437,9.650264E-17
3638.435609,1.090771E-16
3641.453781,1.013074E-16
3644.471953,1.113889E-16
3647.490126,3.503748E-17
3650.508298,4.552235E-17
3653.52647,8.318003E-17
3656.544642,9.301556E-17
3659.562815,9.708054E-17
3662.580987,1.034486E-16
3665.599159,1.081243E-16
3668.617332,9.675748E-17
3671.635504,5.958235E-17
3674.653676,5.984349E-17
3677.671848,5.97845e-17
3680.690021,9.868717E-17
3683.708193,1.231302E-16
3686.726365,1.151989E-16
3689.744537,8.360428E-17
3692.76271,1.132831E-16
3695.780882,1.164174E-16
3698.799054,6.259294E-17
3701.817226,7.085133E-17
3704.835399,1.005148E-16
3707.853571,1.001217E-16
3710.871743,1.50755e-16
3713.889915,1.375276E-16
3716.908088,7.723929E-17
3719.92626,9.850885E-17
3722.944432,1.160454E-16
3725.962605,6.748734E-17
3728.980777,6.125309E-17
3731.998949,5.348551E-17
3735.017121,8.161374E-17
3738.035294,1.550464E-16
3741.053466,1.412403E-16
3744.071638,1.166252E-16
3747.08981,1.061195E-16
3750.107983,6.144145E-17
3753.126155,8.405192E-17
3756.144327,1.096977E-16
3759.162499,1.055218E-16
3762.180672,8.368264E-17
3765.198844,2.033803E-17
3768.217016,1.931981E-17
3771.235188,6.956008E-17
3774.253361,7.001077E-17
3777.271533,7.951363E-17
3780.289705,6.919932E-17
3783.307878,5.706552E-17
3786.32605,9.98617e-17
3789.344222,1.102815E-16
3792.362394,6.008107E-17
3795.380567,3.86567e-17
3798.398739,4.664674E-17
3801.416911,7.65001e-17
3804.435083,9.411916E-17
3807.453256,7.878966E-17
3810.471428,7.183566E-17
3813.4896,9.924064E-17
3816.507772,6.852081E-17
3819.525945,3.307558E-17
3822.544117,4.303716E-17
3825.562289,4.144769E-17
3828.580462,2.795357E-17
3831.598634,5.870304E-17
3834.616806,8.659207E-17
3837.634978,8.293684E-17
3840.653151,7.12202e-17
3843.671323,6.228767E-17
3846.689495,7.615263E-17
3849.707667,8.064808E-17
3852.72584,6.743553E-17
3855.744012,7.601517E-17
3858.762184,6.45999e-17
3861.780356,4.086968E-17
3864.798529,8.522484E-17
3867.816701,1.051269E-16
3870.834873,7.872713E-17
3873.853045,5.855942E-17
3876.871218,3.584628E-17
3879.88939,5.555909E-17
3882.907562,6.910287E-17
3885.925735,8.041317E-17
3888.943907,9.504999E-17
3891.962079,1.040633E-16
3894.980251,1.170003E-16
3897.998424,1.121223E-16
3901.016596,7.096841E-17
3904.034768,5.918778E-17
3907.05294,6.997442E-17
3910.071113,7.543372E-17
3913.089285,5.917033E-17
3916.107457,5.635463E-17
3919.125629,7.067148E-17
3922.143802,7.370016E-17
3925.161974,7.090498E-17
3928.180146,7.276673E-17
3931.198318,7.272084E-17
3934.216491,7.448689E-17
3937.234663,8.165541E-17
3940.252835,9.042385E-17
3943.271008,8.816427E-17
3946.28918,7.295104E-17
3949.307352,7.722607E-17
3952.325524,8.339613E-17
3955.343697,7.15437e-17
3958.361869,6.670611E-17
3961.380041,6.715187E-17
3964.398213,5.190738E-17
3967.416386,5.586545E-17
3970.434558,6.359033E-17
3973.45273,8.333218E-17
3976.470902,9.342024E-17
3979.489075,8.094801E-17
3982.507247,8.791295E-17
3985.525419,8.72419e-17
3988.543591,6.89636e-17
3991.561764,4.003534E-17
3994.579936,4.124839E-17
3997.598108,7.125002E-17
4000.616281,7.658561E-17
4003.634453,6.797337E-17
4006.652625,7.903992E-17
4009.670797,7.560196E-17
4012.68897,8.2094e-17
4015.707142,1.114208E-16
4018.725314,9.329507E-17
4021.743486,4.561791E-17
4024.761659,5.884307E-17
4027.779831,8.982356E-17
4030.798003,8.190636E-17
4033.816175,7.457674E-17
4036.834348,7.617531E-17
4039.85252,7.364889E-17
4042.870692,6.198508E-17
4045.888865,5.452707E-17
4048.907037,5.977736E-17
4051.925209,7.336123E-17
4054.943381,8.428904E-17
4057.961554,8.663955E-17
4060.979726,8.05802e-17
4063.997898,8.453235E-17
4067.01607,6.973342E-17
4070.034243,8.203494E-17
4073.052415,1.092454E-16
4076.070587,1.11775e-16
4079.088759,9.717737E-17
4082.106932,8.382404E-17
4085.125104,8.741406E-17
4088.143276,7.00636e-17
4091.161448,5.667637E-17
4094.179621,7.707671E-17
4097.197793,1.024142E-16
4100.215965,9.910814E-17
4103.234138,7.933364E-17
4106.25231,8.294676E-17
4109.270482,5.690281E-17
4112.288654,6.460456E-17
4115.306827,9.039004E-17
4118.324999,7.494181E-17
4121.343171,6.651269E-17
4124.361343,8.158655E-17
4127.379516,7.521738E-17
4130.397688,5.784144E-17
4133.41586,5.519879E-17
4136.434032,6.696694E-17
4139.452205,7.811089E-17
4142.470377,9.329599E-17
4145.488549,9.370994E-17
4148.506721,8.801668E-17
4151.524894,6.454705E-17
4154.543066,3.913054E-17
4157.561238,5.601603E-17
4160.579411,6.589995E-17
4163.597583,6.848858E-17
4166.615755,8.749301E-17
4169.633927,9.114923E-17
4172.6521,8.062543E-17
4175.670272,7.724823E-17
4178.688444,7.469587E-17
4181.706616,7.271082E-17
4184.724789,7.990885E-17
4187.742961,8.811514E-17
4190.761133,8.051025E-17
4193.779305,4.921592E-17
4196.797478,5.315101E-17
4199.81565,7.589555E-17
4202.833822,7.85957e-17
4205.851995,6.956437E-17
4208.870167,6.383535E-17
4211.888339,8.246817E-17
4214.906511,8.638852E-17
4217.924684,7.044075E-17
4220.942856,6.487529E-17
4223.961028,6.9321e-17
4226.9792,7.572582E-17
4229.997373,7.523325E-17
4233.015545,6.939378E-17
4236.033717,7.504763E-17
4239.051889,7.678855E-17
4242.070062,8.28135e-17
4245.088234,9.227286E-17
4248.106406,9.327199E-17
4251.124578,9.534988E-17
4254.142751,9.4278e-17
4257.160923,8.618813E-17
4260.179095,8.087113E-17
4263.197268,7.794435E-17
4266.21544,7.921256E-17
4269.233612,8.087111E-17
4272.251784,8.675916E-17
4275.269957,9.563062E-17
4278.288129,1.014881E-16
4281.306301,9.540086E-17
4284.324473,8.709726E-17
4287.342646,8.595251E-17
4290.360818,9.195092E-17
4293.37899,9.094063E-17
4296.397162,7.303958E-17
4299.415335,7.209361E-17
4302.433507,7.123139E-17
4305.451679,5.939809E-17
4308.469851,5.578769E-17
4311.488024,6.626193E-17
4314.506196,7.861957E-17
4317.524368,8.218454E-17
4320.542541,7.544892E-17
4323.560713,7.970355E-17
4326.578885,8.780861E-17
4329.597057,7.532872E-17
4332.61523,7.086456E-17
4335.633402,9.051126E-17
4338.651574,1.090673E-16
4341.669746,1.007969E-16
4344.687919,8.35987e-17
4347.706091,7.92088e-17
4350.724263,8.422012E-17
4353.742435,9.02919e-17
4356.760608,1.019963E-16
4359.77878,8.77855e-17
4362.796952,8.010017E-17
4365.815125,9.383681E-17
4368.833297,9.781722E-17
4371.851469,9.706713E-17
4374.869641,8.330776E-17
4377.887814,7.502892E-17
4380.905986,7.391336E-17
4383.924158,7.68874e-17
4386.94233,8.408918E-17
4389.960503,9.125478E-17
4392.978675,8.959236E-17
4395.996847,8.195158E-17
4399.015019,8.250718E-17
4402.033192,9.440225E-17
4405.051364,9.002395E-17
4408.069536,8.416672E-17
4411.087708,9.420237E-17
4414.105881,9.734631E-17
4417.124053,9.522638E-17
4420.142225,8.952297E-17
4423.160398,8.417432E-17
4426.17857,1.003932E-16
4429.196742,9.989649E-17
4432.214914,8.410171E-17
4435.233087,7.979633E-17
4438.251259,8.19603e-17
4441.269431,8.720832E-17
4444.287603,1.055259E-16
4447.305776,1.099936E-16
4450.323948,9.47988e-17
4453.34212,8.08741e-17
4456.360292,9.116558E-17
4459.378465,9.875165E-17
4462.396637,9.988707E-17
4465.414809,8.719536E-17
4468.432981,7.919974E-17
4471.451154,9.496693E-17
4474.469326,8.843105E-17
4477.487498,7.47942e-17
4480.505671,8.276115E-17
4483.523843,9.907832E-17
4486.542015,9.441604E-17
4489.560187,9.233758E-17
4492.57836,1.014586E-16
4495.596532,9.82089e-17
4498.614704,9.081341E-17
4501.632876,7.833166E-17
4504.651049,7.641598E-17
4507.669221,8.45993e-17
4510.687393,7.905096E-17
4513.705565,9.059127E-17
4516.723738,9.902437E-17
4519.74191,9.719672E-17
4522.760082,9.506199E-17
4525.778255,8.989701E-17
4528.796427,9.023263E-17
4531.814599,8.478859E-17
4534.832771,7.488227E-17
4537.850944,9.098344E-17
4540.869116,9.288841E-17
4543.887288,6.606913E-17
4546.90546,5.916364E-17
4549.923633,7.221287E-17
4552.941805,8.533703E-17
4555.959977,8.56315e-17
4558.978149,6.529813E-17
4561.996322,7.261144E-17
4565.014494,9.48688e-17
4568.032666,9.668866E-17
4571.050838,8.614474E-17
4574.069011,8.687405E-17
4577.087183,8.243747E-17
4580.105355,8.023668E-17
4583.123528,1.026017E-16
4586.1417,1.038147E-16
4589.159872,9.50619e-17
4592.178044,1.017482E-16
4595.196217,1.02193e-16
4598.214389,8.755643E-17
4601.232561,9.11585e-17
4604.250733,1.070408E-16
4607.268906,1.020228E-16
4610.287078,8.939687E-17
4613.30525,9.414752E-17
4616.323422,1.043013E-16
4619.341595,1.063196E-16
4622.359767,1.002354E-16
4625.377939,9.846526E-17
4628.396111,1.036539E-16
4631.414284,1.075402E-16
4634.432456,9.690392E-17
4637.450628,8.459723E-17
4640.468801,9.314844E-17
4643.486973,1.043241E-16
4646.505145,1.081508E-16
4649.523317,9.37033e-17
4652.54149,9.809152E-17
4655.559662,9.819906E-17
4658.577834,8.533328E-17
4661.596006,8.834442E-17
4664.614179,9.204303E-17
4667.632351,8.252044E-17
4670.650523,7.738809E-17
4673.668695,8.872513E-17
4676.686868,8.926586E-17
4679.70504,9.17132e-17
4682.723212,9.899752E-17
4685.741385,1.017905E-16
4688.759557,1.01171e-16
4691.777729,1.049701E-16
4694.795901,1.000132E-16
4697.814074,9.323914E-17
4700.832246,9.879048E-17
4703.850418,9.710622E-17
4706.86859,8.948435E-17
4709.886763,9.389385E-17
4712.904935,9.842416E-17
4715.923107,1.027715E-16
4718.941279,1.046237E-16
4721.959452,9.518738E-17
4724.977624,9.293664E-17
4727.995796,1.000588E-16
4731.013968,1.026478E-16
4734.032141,1.051252E-16
4737.050313,9.573538E-17
4740.068485,9.090132E-17
4743.086658,8.960196E-17
4746.10483,8.346112E-17
4749.123002,8.375522E-17
4752.141174,7.669145E-17
4755.159347,7.662787E-17
4758.177519,9.605473E-17
4761.195691,9.760529E-17
4764.213863,8.401531E-17
4767.232036,8.164825E-17
4770.250208,9.31309e-17
4773.26838,9.06197e-17
4776.286552,7.056486E-17
4779.304725,6.073331E-17
4782.322897,6.851002E-17
4785.341069,5.902522E-17
4788.359241,5.375683E-17
4791.377414,5.347346E-17
4794.395586,5.962829E-17
4797.413758,7.677493E-17
4800.431931,7.309318E-17
4803.450103,5.848543E-17
4806.468275,5.97137e-17
4809.486447,5.818746E-17
4812.50462,5.279929E-17
4815.522792,5.969974E-17
4818.540964,7.221924E-17
4821.559136,7.443959E-17
4824.577309,7.312823E-17
4827.595481,7.865057E-17
4830.613653,7.031903E-17
4833.631825,6.105842E-17
4836.649998,6.358645E-17
4839.66817,5.494455E-17
4842.686342,5.623094E-17
4845.704515,6.728984E-17
4848.722687,6.588768E-17
4851.740859,4.970902E-17
4854.759031,4.897785E-17
4857.777204,5.037357E-17
4860.795376,4.32284e-17
4863.813548,5.388333E-17
4866.83172,5.746757E-17
4869.849893,4.99672e-17
4872.868065,4.97123e-17
4875.886237,5.678727E-17
4878.904409,6.432898E-17
4881.922582,5.841153E-17
4884.940754,5.092888E-17
4887.958926,5.481854E-17
4890.977098,5.598377E-17
4893.995271,5.651606E-17
4897.013443,6.091215E-17
4900.031615,5.632602E-17
4903.049788,5.328027E-17
4906.06796,5.5955e-17
4909.086132,6.149359E-17
4912.104304,7.074104E-17
4915.122477,7.110392E-17
4918.140649,7.590852E-17
4921.158821,7.454219E-17
4924.176993,7.700567E-17
4927.195166,7.551264E-17
4930.213338,6.816248E-17
4933.23151,7.242519E-17
4936.249682,7.528497E-17
4939.267855,7.804697E-17
4942.286027,8.114294E-17
4945.304199,7.997444E-17
4948.322371,7.776633E-17
4951.340544,7.954547E-17
4954.358716,8.832842E-17
4957.376888,9.392034E-17
4960.395061,8.645227E-17
4963.413233,7.785722E-17
4966.431405,8.728687E-17
4969.449577,9.878182E-17
4972.46775,9.323677E-17
4975.485922,8.093318E-17
4978.504094,8.562135E-17
4981.522266,8.869105E-17
4984.540439,6.957452E-17
4987.558611,6.759529E-17
4990.576783,7.166041E-17
4993.594955,7.052731E-17
4996.613128,7.292864E-17
4999.6313,7.692127E-17
5002.649472,8.303578E-17
5005.667645,7.887569E-17
5008.685817,7.232544E-17
5011.703989,7.729712E-17
5014.722161,9.118572E-17
5017.740334,9.680041E-17
5020.758506,8.462646E-17
5023.776678,8.07405e-17
5026.79485,1.003749E-16
5029.813023,1.070925E-16
5032.831195,9.974882E-17
5035.849367,9.903554E-17
5038.867539,9.920718E-17
5041.885712,9.332772E-17
5044.903884,8.847669E-17
5047.922056,9.320979E-17
5050.940228,9.36552e-17
5053.958401,8.476088E-17
5056.976573,7.970083E-17
5059.994745,8.472218E-17
5063.012918,8.480469E-17
5066.03109,7.488603E-17
5069.049262,7.016832E-17
5072.067434,6.806393E-17
5075.085607,6.281661E-17
5078.103779,6.374575E-17
5081.121951,6.409334E-17
5084.140123,5.906122E-17
5087.158296,5.880622E-17
5090.176468,6.574498E-17
5093.19464,7.023073E-17
5096.212812,7.120605E-17
5099.230985,7.730101E-17
5102.249157,8.496858E-17
5105.267329,7.853995E-17
5108.285501,7.162123E-17
5111.303674,8.084587E-17
5114.321846,8.556012E-17
5117.340018,7.729631E-17
5120.358191,7.932809E-17
5123.376363,8.925192E-17
5126.394535,9.315778E-17
5129.412707,9.542977E-17
5132.43088,9.405097E-17
5135.449052,9.78166e-17
5138.467224,1.024107E-16
5141.485396,9.39173e-17
5144.503569,8.056827E-17
5147.521741,7.254913E-17
5150.539913,7.162065E-17
5153.558085,7.700843E-17
5156.576258,7.969392E-17
5159.59443,7.861656E-17
5162.612602,7.170894E-17
5165.630774,6.620107E-17
5168.648947,6.50918e-17
5171.667119,6.009374E-17
5174.685291,5.766629E-17
5177.703464,5.878078E-17
5180.721636,6.140716E-17
5183.739808,6.308752E-17
5186.75798,6.416257E-17
5189.776153,6.37417e-17
5192.794325,5.820806E-17
5195.812497,5.545531E-17
5198.830669,6.317925E-17
5201.848842,6.693639E-17
5204.867014,6.525621E-17
5207.885186,6.88863e-17
5210.903358,7.056981E-17
5213.921531,6.665537E-17
5216.939703,5.716449E-17
5219.957875,6.188977E-17
5222.976048,6.905841E-17
5225.99422,7.117339E-17
5229.012392,7.307425E-17
5232.030564,7.001255E-17
5235.048737,7.141286E-17
5238.066909,7.642997E-17
5241.085081,7.681348E-17
5244.103253,7.611907E-17
5247.121426,7.410114E-17
5250.139598,7.091277E-17
5253.15777,7.194002E-17
5256.175942,7.691291E-17
5259.194115,7.937411E-17
5262.212287,8.511283E-17
5265.230459,9.305523E-17
5268.248631,9.056571E-17
5271.266804,8.994595E-17
5274.284976,9.282453E-17
5277.303148,9.781206E-17
5280.321321,1.014782E-16
5283.339493,1.095423E-16
5286.357665,1.13701e-16
5289.375837,1.128076E-16
5292.39401,1.111754E-16
5295.412182,1.068483E-16
5298.430354,1.095478E-16
5301.448526,1.10282e-16
5304.466699,1.088024E-16
5307.484871,1.014585E-16
5310.503043,9.972286E-17
5313.521215,1.107274E-16
5316.539388,1.098368E-16
5319.55756,9.535908E-17
5322.575732,9.301661E-17
5325.593904,1.043393E-16
5328.612077,1.079983E-16
5331.630249,1.05758e-16
5334.648421,1.088878E-16
5337.666594,1.057101E-16
5340.684766,1.028049E-16
5343.702938,1.087696E-16
5346.72111,1.142906E-16
5349.739283,1.091824E-16
5352.757455,1.001731E-16
5355.775627,9.853283E-17
5358.793799,1.020713E-16
5361.811972,1.043909E-16
5364.830144,1.072038E-16
5367.848316,1.136353E-16
5370.866488,1.094498E-16
5373.884661,1.060645E-16
5376.902833,1.10837e-16
5379.921005,1.150433E-16
5382.939178,1.147054E-16
5385.95735,1.13121e-16
5388.975522,1.106673E-16
5391.993694,1.111355E-16
5395.011867,1.168116E-16
5398.030039,1.191154E-16
5401.048211,1.096429E-16
5404.066383,1.020656E-16
5407.084556,1.09097e-16
5410.102728,9.850116E-17
5413.1209,8.667791E-17
5416.139072,9.12203e-17
5419.157245,9.836523E-17
5422.175417,1.000131E-16
5425.193589,9.964306E-17
5428.211761,1.038484E-16
5431.229934,1.193858E-16
5434.248106,1.253574E-16
5437.266278,1.25303e-16
5440.284451,1.192953E-16
5443.302623,1.081847E-16
5446.320795,9.761058E-17
5449.338967,1.010825E-16
5452.35714,1.093678E-16
5455.375312,1.040859E-16
5458.393484,1.009736E-16
5461.411656,1.010713E-16
5464.429829,1.023914E-16
5467.448001,1.013999E-16
5470.466173,9.963959E-17
5473.484345,1.048032E-16
5476.502518,1.089902E-16
5479.52069,1.057166E-16
5482.538862,9.761089E-17
5485.557034,8.82924e-17
5488.575207,8.564414E-17
5491.593379,8.994882E-17
5494.611551,8.898486E-17
5497.629724,8.417972E-17
5500.647896,7.998207E-17
5503.666068,7.684296E-17
5506.68424,8.19567e-17
5509.702413,7.88556e-17
5512.720585,6.958503E-17
5515.738757,7.482287E-17
5518.756929,7.901101E-17
5521.775102,9.025888E-17
5524.793274,9.989886E-17
5527.811446,9.336429E-17
5530.829618,8.72497e-17
5533.847791,9.459912E-17
5536.865963,9.829398E-17
5539.884135,9.809416E-17
5542.902308,1.015641E-16
5545.92048,1.014027E-16
5548.938652,9.126519E-17
5551.956824,8.665919E-17
5554.974997,8.281475E-17
5557.993169,7.2241e-17
5561.011341,7.286219E-17
5564.029513,7.036809E-17
5567.047686,7.3218e-17
5570.065858,7.34535e-17
5573.08403,5.885657E-17
5576.102202,4.823967E-17
5579.120375,5.533308E-17
5582.138547,6.741711E-17
5585.156719,7.765378E-17
5588.174891,7.77942e-17
5591.193064,6.479705E-17
5594.211236,5.450074E-17
5597.229408,6.010887E-17
5600.247581,7.051903E-17
5603.265753,7.092794E-17
5606.283925,6.68154e-17
5609.302097,7.370835E-17
5612.32027,7.323207E-17
5615.338442,7.173515E-17
5618.356614,8.038928E-17
5621.374786,8.307827E-17
5624.392959,7.37315e-17
5627.411131,6.930405E-17
5630.429303,7.644449E-17
5633.447475,7.786602E-17
5636.465648,7.372296E-17
5639.48382,7.203056E-17
5642.501992,7.711197E-17
5645.520164,8.21461e-17
5648.538337,8.388555E-17
5651.556509,9.08594e-17
5654.574681,9.68804e-17
5657.592854,9.372881E-17
5660.611026,7.376371E-17
5663.629198,7.026678E-17
5666.64737,6.959964E-17
5669.665543,5.911642E-17
5672.683715,5.622525E-17
5675.701887,5.916398E-17
5678.720059,5.792024E-17
5681.738232,5.48259e-17
5684.756404,5.551304E-17
5687.774576,6.365702E-17
5690.792748,6.098895E-17
5693.810921,5.576083E-17
5696.829093,5.289342E-17
5699.847265,5.540975E-17
5702.865438,5.9861e-17
5705.88361,5.791383E-17
5708.901782,5.736305E-17
5711.919954,4.779287E-17
5714.938127,4.19093e-17
5717.956299,4.390496E-17
5720.974471,4.805662E-17
5723.992643,4.30821e-17
5727.010816,3.122773E-17
5730.028988,2.972495E-17
5733.04716,3.130278E-17
5736.065332,3.616729E-17
5739.083505,4.017465E-17
5742.101677,4.201621E-17
5745.119849,4.828496E-17
5748.138021,4.728983E-17
5751.156194,5.126721E-17
5754.174366,5.656512E-17
5757.192538,4.931952E-17
5760.210711,3.778218E-17
5763.228883,3.326483E-17
5766.247055,4.152427E-17
5769.265227,5.068575E-17
5772.2834,5.562631E-17
5775.301572,5.36054e-17
5778.319744,5.377943E-17
5781.337916,6.287135E-17
5784.356089,5.014341E-17
5787.374261,4.089927E-17
5790.392433,4.587731E-17
5793.410605,4.394052E-17
5796.428778,4.689988E-17
5799.44695,4.976976E-17
5802.465122,5.393107E-17
5805.483294,4.795154E-17
5808.501467,4.015881E-17
5811.519639,3.952254E-17
5814.537811,4.104485E-17
5817.555984,4.486496E-17
5820.574156,4.552071E-17
5823.592328,4.31889e-17
5826.6105,4.120287E-17
5829.628673,3.953749E-17
5832.646845,3.546324E-17
5835.665017,2.77681e-17
5838.683189,2.567464E-17
5841.701362,2.828179E-17
5844.719534,2.869884E-17
5847.737706,3.254169E-17
5850.755878,3.81513e-17
5853.774051,3.980337E-17
5856.792223,3.411865E-17
5859.810395,2.658256E-17
5862.828568,3.435474E-17
5865.84674,3.529918E-17
5868.864912,2.560836E-17
5871.883084,2.777038E-17
5874.901257,3.648852E-17
5877.919429,3.431468E-17
5880.937601,2.63856e-17
5883.955773,1.907974E-17
5886.973946,1.661901E-17
5889.992118,1.812579E-17
5893.01029,1.656502E-17
5896.028462,2.212744E-17
5899.046635,2.753014E-17
5902.064807,2.812237E-17
5905.082979,3.247783E-17
5908.101151,3.751368E-17
5911.119324,3.996493E-17
5914.137496,3.863507E-17
5917.155668,3.650366E-17
5920.173841,4.165276E-17
5923.192013,4.456332E-17
5926.210185,3.946432E-17
5929.228357,3.781102E-17
5932.24653,3.509262E-17
5935.264702,3.253231E-17
5938.282874,3.792739E-17
5941.301046,4.088533E-17
5944.319219,3.964697E-17
5947.337391,3.276798E-17
5950.355563,2.873256E-17
5953.373735,3.496886E-17
5956.391908,3.909735E-17
5959.41008,3.887125E-17
5962.428252,4.798752E-17
5965.446424,5.422725E-17
5968.464597,4.485624E-17
5971.482769,4.308043E-17
5974.500941,5.182481E-17
5977.519114,6.081793E-17
5980.537286,5.442801E-17
5983.555458,5.247232E-17
5986.57363,5.66295e-17
5989.591803,6.408653E-17
5992.609975,6.827399E-17
5995.628147,6.48513e-17
5998.646319,7.072146E-17
6001.664492,7.923738E-17
6004.682664,8.2294e-17
6007.700836,8.542357E-17
6010.719008,8.261104E-17
6013.737181,7.484103E-17
6016.755353,7.811127E-17
6019.773525,9.118734E-17
6022.791698,1.019482E-16
6025.80987,9.956036E-17
6028.828042,1.100074E-16
6031.846214,1.122537E-16
6034.864387,1.021582E-16
6037.882559,9.786902E-17
6040.900731,9.338481E-17
6043.918903,9.10049e-17
6046.937076,9.253369E-17
6049.955248,8.574531E-17
6052.97342,7.627987E-17
6055.991592,7.018178E-17
6059.009765,7.360597E-17
6062.027937,7.186061E-17
6065.046109,6.208787E-17
6068.064281,6.306838E-17
6071.082454,6.300156E-17
6074.100626,5.641034E-17
6077.118798,5.573173E-17
6080.136971,5.537045E-17
6083.155143,5.44398e-17
6086.173315,5.154555E-17
6089.191487,4.382241E-17
6092.20966,3.863002E-17
6095.227832,4.213217E-17
6098.246004,4.475439E-17
6101.264176,4.685983E-17
6104.282349,5.112246E-17
6107.300521,4.53412e-17
6110.318693,4.335998E-17
6113.336865,4.898255E-17
6116.355038,5.516556E-17
6119.37321,5.747836E-17
6122.391382,5.075989E-17
6125.409554,4.682197E-17
6128.427727,4.677849E-17
6131.445899,4.596978E-17
6134.464071,4.811932E-17
6137.482244,4.057651E-17
6140.500416,3.538163E-17
6143.518588,4.261404E-17
6146.53676,4.72485e-17
6149.554933,4.865258E-17
6152.573105,4.104549E-17
6155.591277,3.146056E-17
6158.609449,3.010179E-17
6161.627622,3.737521E-17
6164.645794,3.604667E-17
6167.663966,3.847167E-17
6170.682138,4.173648E-17
6173.700311,4.318477E-17
6176.718483,3.917852E-17
6179.736655,3.477167E-17
6182.754827,4.11972e-17
6185.773,4.289573E-17
6188.791172,3.74983e-17
6191.809344,3.136041E-17
6194.827517,3.706203E-17
6197.845689,3.76028e-17
6200.863861,3.902575E-17
6203.882033,4.178178E-17
6206.900206,3.634431E-17
6209.918378,4.474795E-17
6212.93655,5.593953E-17
6215.954722,5.35633e-17
6218.972895,5.106029E-17
6221.991067,4.845201E-17
6225.009239,4.764091E-17
6228.027411,4.942993E-17
6231.045584,4.819589E-17
6234.063756,4.229749E-17
6237.081928,4.35639e-17
6240.100101,5.494298E-17
6243.118273,5.520495E-17
6246.136445,4.56181e-17
6249.154617,5.312303E-17
6252.17279,5.315778E-17
6255.190962,5.303553E-17
6258.209134,5.440709E-17
6261.227306,5.355606E-17
6264.245479,5.510444E-17
6267.263651,6.010027E-17
6270.281823,6.454731E-17
6273.299995,6.52939e-17
6276.318168,6.680372E-17
6279.33634,6.750744E-17
6282.354512,7.193282E-17
6285.372684,7.643958E-17
6288.390857,7.172226E-17
6291.409029,6.421669E-17
6294.427201,5.853225E-17
6297.445374,5.355089E-17
6300.463546,4.861184E-17
6303.481718,4.070249E-17
6306.49989,4.805089E-17
6309.518063,7.005784E-17
6312.536235,6.250322E-17
6315.554407,4.646072E-17
6318.572579,4.633272E-17
6321.590752,4.620773E-17
6324.608924,4.199793E-17
6327.627096,4.202476E-17
6330.645268,3.892678E-17
6333.663441,3.654367E-17
6336.681613,4.245037E-17
6339.699785,4.167722E-17
6342.717957,3.907694E-17
6345.73613,4.26174e-17
6348.754302,4.404774E-17
6351.772474,4.570222E-17
6354.790647,4.915127E-17
6357.808819,4.822912E-17
6360.826991,5.160911E-17
6363.845163,6.081286E-17
6366.863336,6.333197E-17
6369.881508,7.537299E-17
6372.89968,8.223267E-17
6375.917852,8.182377E-17
6378.936025,8.580812E-17
6381.954197,9.273982E-17
6384.972369,8.84052e-17
6387.990541,7.261132E-17
6391.008714,6.498249E-17
6394.026886,6.198524E-17
6397.045058,5.66255e-17
6400.063231,5.749185E-17
6403.081403,5.615292E-17
6406.099575,5.025706E-17
6409.117747,4.201754E-17
6412.13592,3.56932e-17
6415.154092,3.559531E-17
6418.172264,3.551069E-17
6421.190436,3.769712E-17
6424.208609,4.180479E-17
6427.226781,4.580278E-17
6430.244953,5.224536E-17
6433.263125,5.056887E-17
6436.281298,4.901289E-17
6439.29947,5.365032E-17
6442.317642,4.914554E-17
6445.335814,4.652191E-17
6448.353987,4.980872E-17
6451.372159,4.46674e-17
6454.390331,4.270631E-17
6457.408504,4.487274E-17
6460.426676,4.169436E-17
6463.444848,4.029924E-17
6466.46302,4.201073E-17
6469.481193,4.437901E-17
6472.499365,4.01619e-17
6475.517537,4.169799E-17
6478.535709,4.404488E-17
6481.553882,3.783814E-17
6484.572054,3.768041E-17
6487.590226,4.38128e-17
6490.608398,4.752065E-17
6493.626571,4.777291E-17
6496.644743,4.761574E-17
6499.662915,5.498502E-17
6502.681087,6.442405E-17
6505.69926,6.558298E-17
6508.717432,5.927538E-17
6511.735604,5.191428E-17
6514.753777,4.786493E-17
6517.771949,4.334801E-17
6520.790121,4.511665E-17
6523.808293,4.798886E-17
6526.826466,4.579817E-17
6529.844638,4.364036E-17
6532.86281,4.822543E-17
6535.880982,4.873564E-17
6538.899155,4.699891E-17
6541.917327,5.184692E-17
6544.935499,5.190895E-17
6547.953671,5.555818E-17
6550.971844,6.357481E-17
6553.990016,6.598895E-17
6557.008188,6.943048E-17
6560.026361,7.982867E-17
6563.044533,8.98526e-17
6566.062705,8.92777e-17
6569.080877,8.651575E-17
6572.09905,8.850872E-17
6575.117222,8.140869E-17
6578.135394,7.803572E-17
6581.153566,7.752828E-17
6584.171739,8.035658E-17
6587.189911,8.245176E-17
6590.208083,8.843357E-17
6593.226255,8.864722E-17
6596.244428,8.186281E-17
6599.2626,8.021068E-17
6602.280772,7.949019E-17
6605.298944,7.962407E-17
6608.317117,7.767128E-17
6611.335289,6.932662E-17
6614.353461,6.355348E-17
6617.371634,5.935523E-17
6620.389806,5.234841E-17
6623.407978,5.44802e-17
6626.42615,6.550204E-17
6629.444323,6.501626E-17
6632.462495,6.028882E-17
6635.480667,5.754551E-17
6638.498839,5.68771e-17
6641.517012,6.358787E-17
6644.535184,7.203422E-17
6647.553356,7.774066E-17
6650.571528,7.90214e-17
6653.589701,8.486771E-17
6656.607873,8.474698E-17
6659.626045,8.232749E-17
6662.644217,8.50393e-17
6665.66239,7.719115E-17
6668.680562,6.201572E-17
6671.698734,5.449511E-17
6674.716907,5.244994E-17
6677.735079,4.982636E-17
6680.753251,4.953498E-17
6683.771423,4.911642E-17
6686.789596,5.233319E-17
6689.807768,5.662194E-17
6692.82594,6.117381E-17
6695.844112,6.825669E-17
6698.862285,7.821521E-17
6701.880457,8.895032E-17
6704.898629,8.661181E-17
6707.916801,7.861284E-17
6710.934974,8.746393E-17
6713.953146,9.699006E-17
6716.971318,8.652778E-17
6719.989491,7.401009E-17
6723.007663,6.9991e-17
6726.025835,6.799913E-17
6729.044007,6.931802E-17
6732.06218,6.565856E-17
6735.080352,5.650244E-17
6738.098524,5.080268E-17
6741.116696,5.250505E-17
6744.134869,5.446892E-17
6747.153041,4.874104E-17
6750.171213,4.360428E-17
6753.189385,4.20665e-17
6756.207558,3.702504E-17
6759.22573,3.664117E-17
6762.243902,4.186116E-17
6765.262074,3.922424E-17
6768.280247,3.465778E-17
6771.298419,3.552604E-17
6774.316591,3.746016E-17
6777.334764,4.119491E-17
6780.352936,3.757608E-17
6783.371108,3.146318E-17
6786.38928,2.769491E-17
6789.407453,3.828339E-17
6792.425625,4.767284E-17
6795.443797,4.155714E-17
6798.461969,4.067453E-17
6801.480142,3.810282E-17
6804.498314,3.564027E-17
6807.516486,3.914527E-17
6810.534658,4.349625E-17
6813.552831,4.606183E-17
6816.571003,5.208828E-17
6819.589175,6.543876E-17
6822.607347,7.497061E-17
6825.62552,7.049344E-17
6828.643692,5.741367E-17
6831.661864,5.579763E-17
6834.680037,6.35005e-17
6837.698209,5.561729E-17
6840.716381,5.076795E-17
6843.734553,4.847116E-17
6846.752726,4.410038E-17
6849.770898,4.203257E-17
6852.78907,4.419136E-17
6855.807242,4.140055E-17
6858.825415,3.953131E-17
6861.843587,4.331225E-17
6864.861759,4.353828E-17
6867.879931,3.776969E-17
6870.898104,2.88549e-17
6873.916276,2.349425E-17
6876.934448,2.29021e-17
6879.952621,2.068001E-17
6882.970793,2.355554E-17
6885.988965,2.408899E-17
6889.007137,1.447282E-17
6892.02531,1.263432E-17
6895.043482,2.017513E-17
6898.061654,1.991191E-17
6901.079826,2.194392E-17
6904.097999,2.377992E-17
6907.116171,2.20679e-17
6910.134343,2.154762E-17
6913.152515,1.413544E-17
6916.170688,5.39869e-18
6919.18886,9.736699E-18
6922.207032,1.829233E-17
6925.225204,1.839733E-17
6928.243377,1.53645e-17
6931.261549,1.979784E-17
6934.279721,1.89645e-17
6937.297894,1.716331E-17
6940.316066,1.312952E-17
6943.334238,1.26708e-17
6946.35241,7.078095E-18
6949.370583,1.108146E-17
6952.388755,1.541323E-17
6955.406927,1.501536E-17
6958.425099,1.946609E-17
6961.443272,2.472557E-17
6964.461444,3.040058E-17
6967.479616,3.093892E-17
6970.497788,2.415155E-17
6973.515961,2.042748E-17
6976.534133,2.344151E-17
6979.552305,2.681644E-17
6982.570477,2.879018E-17
6985.58865,2.510076E-17
6988.606822,2.143144E-17
6991.624994,1.694577E-17
6994.643167,1.160176E-17
6997.661339,1.656496E-17
7000.679511,2.065015E-17
7003.697683,1.234452E-17
7006.715856,8.449089E-18
7009.734028,1.849157E-17
7012.7522,2.630144E-17
7015.770372,2.436002E-17
7018.788545,1.815187E-17
7021.806717,7.983217E-18
7024.824889,1.109338E-17
7027.843061,1.535781E-17
7030.861234,1.199211E-17
7033.879406,2.08098e-17
7036.897578,1.822577E-17
7039.915751,1.079879E-17
7042.933923,1.845116E-17
7045.952095,2.129507E-17
7048.970267,1.927688E-17
7051.98844,1.73817e-17
7055.006612,1.218404E-17
7058.024784,1.274925E-17
7061.042956,1.439301E-17
7064.061129,1.536567E-17
7067.079301,2.023039E-17
7070.097473,1.911321E-17
7073.115645,1.097608E-17
7076.133818,4.546635E-18
7079.15199,9.88358e-18
7082.170162,1.591298E-17
7085.188334,1.733332E-17
7088.206507,2.438008E-17
7091.224679,2.939985E-17
7094.242851,2.624706E-17
7097.261024,2.645688E-17
7100.279196,2.719098E-17
7103.297368,2.432713E-17
7106.31554,2.014462E-17
7109.333713,1.532541E-17
7112.351885,2.137244E-17
7115.370057,1.596349E-17
7118.388229,7.99504e-18
7121.406402,1.467885E-17
7124.424574,2.182963E-17
7127.442746,2.437326E-17
7130.460918,2.328101E-17
7133.479091,2.458771E-17
7136.497263,3.043149E-17
7139.515435,3.636818E-17
7142.533607,3.577199E-17
7145.55178,2.578473E-17
7148.569952,2.539209E-17
7151.588124,3.96116e-17
7154.606297,4.008002E-17
7157.624469,3.129666E-17
7160.642641,2.923089E-17
7163.660813,2.96919e-17
7166.678986,2.869371E-17
7169.697158,3.662445E-17
7172.71533,3.767657E-17
7175.733502,3.331065E-17
7178.751675,2.798626E-17
7181.769847,2.925649E-17
7184.788019,2.774779E-17
7187.806191,2.288493E-17
7190.824364,2.770289E-17
7193.842536,3.724359E-17
7196.860708,4.393322E-17
7199.878881,4.463677E-17
7202.897053,4.824453E-17
7205.915225,5.658801E-17
7208.933397,5.949583E-17
7211.95157,6.759261E-17
7214.969742,8.171012E-17
7217.987914,8.931763E-17
7221.006086,9.374378E-17
7224.024259,8.497218E-17
7227.042431,6.889388E-17
7230.060603,5.565419E-17
7233.078775,4.783998E-17
7236.096948,4.752161E-17
7239.11512,5.531085E-17
7242.133292,6.542777E-17
7245.151464,5.68517e-17
7248.169637,3.928893E-17
7251.187809,3.18635e-17
7254.205981,3.360069E-17
7257.224154,3.235276E-17
7260.242326,2.91354e-17
7263.260498,3.15379e-17
7266.27867,3.119411E-17
7269.296843,2.685327E-17
7272.315015,1.987316E-17
7275.333187,2.106307E-17
7278.351359,2.748033E-17
7281.369532,2.381417E-17
7284.387704,2.083188E-17
7287.405876,2.345518E-17
7290.424048,2.613225E-17
7293.442221,3.111479E-17
7296.460393,2.596349E-17
7299.478565,2.154935E-17
7302.496737,2.493006E-17
7305.51491,1.578699E-17
7308.533082,1.363822E-17
7311.551254,1.676351E-17
7314.569427,1.905551E-17
7317.587599,2.504677E-17
7320.605771,2.565311E-17
7323.623943,3.028274E-17
7326.642116,4.041326E-17
7329.660288,3.835879E-17
7332.67846,3.996423E-17
7335.696632,4.271639E-17
7338.714805,4.716208E-17
7341.732977,4.90701e-17
7344.751149,4.13742e-17
7347.769321,3.343835E-17
7350.787494,3.539353E-17
7353.805666,3.44538e-17
7356.823838,3.711692E-17
7359.84201,4.673813E-17
7362.860183,5.806132E-17
7365.878355,6.037821E-17
7368.896527,5.01379e-17
7371.9147,4.581594E-17
7374.932872,5.330536E-17
7377.951044,6.648086E-17
7380.969216,5.705069E-17
7383.987389,4.595276E-17
7387.005561,4.22094e-17
7390.023733,3.931827E-17
7393.041905,3.938789E-17
7396.060078,4.206952E-17
7399.07825,4.455645E-17
7402.096422,4.022484E-17
7405.114594,3.386693E-17
7408.132767,3.4943e-17
7411.150939,3.771586E-17
7414.169111,3.757705E-17
7417.187284,3.537953E-17
7420.205456,3.347668E-17
7423.223628,3.521638E-17
7426.2418,3.342466E-17
7429.259973,3.710103E-17
7432.278145,4.154087E-17
7435.296317,4.72217e-17
7438.314489,6.245398E-17
7441.332662,7.066487E-17
7444.350834,7.11606e-17
7447.369006,7.309864E-17
7450.387178,7.123889E-17
7453.405351,6.916352E-17
7456.423523,6.613243E-17
7459.441695,5.750031E-17
7462.459867,5.930096E-17
7465.47804,6.672465E-17
7468.496212,6.826785E-17
7471.514384,6.936617E-17
7474.532557,7.033476E-17
7477.550729,7.640302E-17
7480.568901,7.745876E-17
7483.587073,7.143963E-17
7486.605246,5.950814E-17
7489.623418,2.419216E-17
7492.64159,6.740727E-18
7495.659762,3.504898E-17
7498.677935,5.081761E-17
7501.696107,5.083355E-17
7504.714279,3.823547E-17
7507.732451,3.224588E-17
7510.750624,4.069859E-17
7513.768796,3.891586E-17
7516.786968,3.621983E-17
7519.80514,3.685569E-17
7522.823313,3.274584E-17
7525.841485,2.896421E-17
7528.859657,3.399894E-17
7531.87783,3.537967E-17
7534.896002,3.332493E-17
7537.914174,3.718413E-17
7540.932346,3.186827E-17
7543.950519,3.035634E-17
7546.968691,4.020437E-17
7549.986863,4.171427E-17
7553.005035,3.460489E-17
7556.023208,3.26866e-17
7559.04138,3.521168E-17
7562.059552,3.379774E-17
7565.077724,3.270619E-17
7568.095897,4.204922E-17
7571.114069,4.68587e-17
7574.132241,3.958498E-17
7577.150414,3.270711E-17
7580.168586,3.194543E-17
7583.186758,3.763624E-17
7586.20493,3.409201E-17
7589.223103,3.891234E-17
7592.241275,4.782893E-17
7595.259447,3.981685E-17
7598.277619,3.323195E-17
7601.295792,2.462268E-17
7604.313964,2.635576E-17
7607.332136,4.382323E-17
7610.350308,5.439467E-17
7613.368481,4.46053e-17
7616.386653,3.808658E-17
7619.404825,3.942257E-17
7622.422997,2.161844E-17
7625.44117,1.518203E-17
7628.459342,1.502781E-17
7631.477514,1.249243E-17
7634.495687,1.508101E-17
7637.513859,1.458741E-17
7640.532031,1.244746E-17
7643.550203,1.365085E-17
7646.568376,1.518041E-17
7649.586548,2.876548E-17
7652.60472,4.591029E-17
7655.622892,3.655377E-17
7658.641065,2.536602E-17
7661.659237,2.092798E-17
7664.677409,1.075448E-17
7667.695581,1.813862E-17
7670.713754,2.295217E-17
7673.731926,1.593586E-17
7676.750098,2.000725E-17
7679.76827,2.80838e-17
7682.786443,3.011009E-17
7685.804615,2.684955E-17
7688.822787,2.893583E-17
7691.84096,3.230297E-17
7694.859132,2.747137E-17
7697.877304,2.437799E-17
7700.895476,2.313938E-17
7703.913649,1.664059E-17
7706.931821,7.462301E-18
7709.949993,4.337115E-18
7712.968165,1.933576E-17
7715.986338,2.329235E-17
7719.00451,3.107249E-17
7722.022682,4.922453E-17
7725.040854,5.308539E-17
7728.059027,3.862391E-17
7731.077199,2.509224E-17
7734.095371,2.920532E-17
7737.113544,3.939532E-17
7740.131716,4.42294e-17
7743.149888,5.854085E-17
7746.16806,5.621605E-17
7749.186233,3.222499E-17
7752.204405,2.619543E-17
7755.222577,1.930919E-17
7758.240749,1.598181E-17
7761.258922,1.110651E-17
7764.277094,1.890722E-17
7767.295266,2.437846E-17
7770.313438,1.084836E-17
7773.331611,4.536821E-18
7776.349783,1.171037E-17
7779.367955,2.189242E-17
7782.386127,2.800808E-17
7785.4043,3.628263E-17
7788.422472,5.132046E-17
7791.440644,4.376527E-17
7794.458817,3.048265E-17
7797.476989,9.357014E-18
7800.495161,-4.086826E-18
7803.513333,1.636311E-18
7806.531506,1.170036E-17
7809.549678,1.09927e-17
7812.56785,4.490493E-18
7815.586022,1.489884E-17
7818.604195,3.084111E-17
7821.622367,2.773806E-17
7824.640539,2.728632E-17
7827.658711,2.021233E-17
7830.676884,3.195535E-17
7833.695056,4.192606E-17
7836.713228,3.811799E-17
7839.7314,3.785995E-17
7842.749573,3.06647e-17
7845.767745,5.054681E-18
7848.785917,-7.13587e-18
7851.80409,6.240333E-18
7854.822262,1.613949E-17
7857.840434,2.68169e-17
7860.858606,4.067627E-17
7863.876779,4.123879E-17
7866.894951,4.353011E-17
7869.913123,4.418612E-17
7872.931295,5.78839e-17
7875.949468,7.337615E-17
7878.96764,7.055273E-17
7881.985812,6.548892E-17
7885.003984,6.208217E-17
7888.022157,4.856079E-17
7891.040329,3.631227E-17
7894.058501,2.814101E-17
7897.076674,1.491442E-17
7900.094846,5.988576E-18
7903.113018,-4.612592E-18
7906.13119,-1.862795E-17
7909.149363,-1.577645E-17
7912.167535,4.913167E-18
7915.185707,1.900612E-17
7918.203879,1.824159E-17
7921.222052,1.958388E-17
7924.240224,2.587914E-17
7927.258396,2.252499E-17
7930.276568,1.59004e-17
7933.294741,1.849441E-17
7936.312913,2.781137E-17
7939.331085,3.79817e-17
7942.349257,2.501775E-17
7945.36743,3.392355E-17
7948.385602,3.776242E-17
7951.403774,2.875442E-17
7954.421947,2.0706e-17
7957.440119,2.100854E-17
7960.458291,2.718449E-17
7963.476463,2.926111E-17
7966.494636,3.647016E-17
7969.512808,4.897128E-17
7972.53098,4.700628E-17
7975.549152,3.914387E-17
7978.567325,5.975379E-17
7981.585497,7.950919E-17
7984.603669,7.694438E-17
7987.621841,6.326925E-17
7990.640014,5.228084E-17
7993.658186,3.942578E-17
7996.676358,3.286143E-17
7999.69453,3.48732e-17
8002.712703,3.014565E-17
8005.730875,2.731988E-17
8008.749047,2.229403E-17
8011.76722,9.247808E-18
8014.785392,1.900682E-17
8017.803564,3.787122E-17
8020.821736,4.632575E-17
8023.839909,4.639124E-17
8026.858081,3.951113E-17
8029.876253,4.100134E-17
8032.894425,4.661598E-17
8035.912598,4.378826E-17
8038.93077,4.956621E-17
8041.948942,5.718424E-17
8044.967114,4.76046e-17
8047.985287,4.617116E-17
8051.003459,4.021896E-17
8054.021631,3.722558E-17
8057.039804,5.063389E-17
8060.057976,4.630164E-17
8063.076148,3.470349E-17
8066.09432,5.193532E-17
8069.112493,6.258001E-17
8072.130665,4.460469E-17
8075.148837,4.030655E-17
8078.167009,4.698602E-17
8081.185182,3.522147E-17
8084.203354,2.736537E-17
8087.221526,3.391262E-17
8090.239698,3.335745E-17
8093.257871,2.325212E-17
8096.276043,1.511492E-17
8099.294215,1.186834E-17
8102.312387,1.050145E-17
8105.33056,1.534134E-17
8108.348732,2.192399E-17
8111.366904,2.161463E-17
8114.385077,2.123634E-17
8117.403249,1.976288E-17
8120.421421,1.910157E-17
8123.439593,2.176514E-17
8126.457766,9.433584E-18
8129.475938,6.018952E-18
8132.49411,1.720055E-17
8135.512282,1.957195E-17
8138.530455,1.669064E-17
8141.548627,1.282063E-17
8144.566799,1.040359E-17
8147.584971,1.929812E-17
8150.603144,2.575858E-17
8153.621316,2.068614E-17
8156.639488,1.323875E-17
8159.65766,1.714396E-17
8162.675833,2.680194E-17
8165.694005,2.512395E-17
8168.712177,1.090732E-17
8171.73035,6.338023E-18
8174.748522,1.307434E-17
8177.766694,1.723446E-17
8180.784866,7.799205E-18
8183.803039,7.501756E-18
8186.821211,1.092029E-17
8189.839383,7.624388E-18
8192.857555,1.022982E-17
8195.875728,-3.008658E-18
8198.8939,-1.745089E-19
8201.912072,6.552606E-18
8204.930244,1.464425E-17
8207.948417,2.387172E-17
8210.966589,3.112824E-17
8213.984761,3.81668e-17
8217.002934,3.208017E-17
8220.021106,2.274746E-17
8223.039278,2.41485e-17
8226.05745,1.712204E-17
8229.075623,1.466479E-17
8232.093795,1.36916e-17
8235.111967,1.980274E-17
8238.130139,2.162083E-17
8241.148312,6.30928e-18
8244.166484,-1.456754E-18
8247.184656,1.08582e-17
8250.202828,2.296625E-17
8253.221001,3.153959E-17
8256.239173,4.183218E-17
8259.257345,4.016875E-17
8262.275517,3.163446E-17
8265.29369,2.476282E-17
8268.311862,1.921076E-17
8271.330034,2.555269E-17
8274.348207,3.877845E-17
8277.366379,3.873229E-17
8280.384551,4.132367E-17
8283.402723,5.237241E-17
8286.420896,4.511255E-17
8289.439068,2.222357E-17
8292.45724,1.517204E-17
8295.475412,4.074959E-17
8298.493585,5.603605E-17
8301.511757,4.42088e-17
8304.529929,2.297081E-17
8307.548101,2.40244e-17
8310.566274,3.183627E-17
8313.584446,2.862655E-17
8316.602618,1.536747E-17
8319.62079,6.220929E-18
8322.638963,1.393001E-17
8325.657135,1.800663E-17
8328.675307,1.462516E-17
8331.69348,8.062092E-19
8334.711652,-2.408833E-17
8340.747996,-2.671169E-17
8343.766169,-2.79381e-17
8346.784341,1.96224e-17
8349.802513,4.148444E-17
8352.820685,3.066574E-17
8355.838858,1.325059E-17
8358.85703,1.066808E-17
8361.875202,1.130024E-17
8364.893374,1.97391e-17
8367.911547,3.5974e-17
8370.929719,4.498077E-17
8373.947891,3.975484E-17
8376.966063,4.613617E-17
8379.984236,5.123675E-17
8383.002408,2.797696E-17
8386.02058,-1.292225E-18
8389.038753,-1.300415E-17
8392.056925,-1.762745E-17
8395.075097,-1.335927E-17
8398.093269,3.646789E-19
8401.111442,1.686951E-18
8404.129614,1.347689E-17
8407.147786,2.582882E-17
8410.165958,4.681482E-17
8413.184131,6.406933E-17
8416.202303,8.092175E-17
8419.220475,1.031506E-16
8422.238647,9.90439e-17
8425.25682,7.892904E-17
8428.274992,6.339711E-17
8431.293164,4.454687E-17
8434.311337,6.733897E-17
8437.329509,6.881828E-17
8440.347681,5.260606E-17
8443.365853,4.323927E-17
8446.384026,2.245201E-17
8449.402198,1.33135e-17
8452.42037,2.922886E-17
8455.438542,4.27346e-17
8458.456715,4.86529e-17
8461.474887,4.496821E-17
8464.493059,2.789828E-17
8467.511231,1.475161E-17
8470.529404,2.283428E-17
8473.547576,1.444897E-17
8476.565748,5.181755E-18
8479.58392,7.654509E-18
8482.602093,6.956869E-18
8485.620265,-3.421863E-18
8488.638437,-2.763744E-18
8491.65661,1.398723E-17
8494.674782,2.691201E-17
8497.692954,5.486306E-17
8500.711126,5.791413E-17
8503.729299,4.494508E-17
8506.747471,3.806328E-17
8509.765643,4.616424E-17
8512.783815,6.252638E-17
8515.801988,6.231711E-17
8518.82016,4.658833E-17
8521.838332,4.243551E-17
8524.856504,4.121085E-17
8527.874677,2.850411E-17
8530.892849,2.885865E-17
8533.911021,2.510456E-17
8536.929193,1.134337E-17
8539.947366,8.991854E-18
8542.965538,2.480683E-17
8545.98371,3.935635E-17
8549.001883,4.117029E-17
8552.020055,3.483692E-17
8555.038227,3.302906E-17
8558.056399,3.701256E-17
8561.074572,3.854705E-17
8564.092744,4.785022E-17
8567.110916,4.677234E-17
8570.129088,5.660562E-17
8573.147261,5.539894E-17
8576.165433,4.701175E-17
8579.183605,4.274996E-17
8582.201777,3.658905E-17
8585.21995,4.072696E-17
8588.238122,5.050552E-17
8591.256294,4.671677E-17
8594.274467,4.707749E-17
8597.292639,5.003876E-17
8600.310811,5.161124E-17
8603.328983,5.763976E-17
8606.347156,5.147279E-17
8609.365328,6.657635E-17
8612.3835,9.848651E-17
8615.401672,1.156216E-16
8618.419845,1.065895E-16
8621.438017,8.602034E-17
8624.456189,9.68161e-17
8627.474361,1.143622E-16
8630.492534,1.119041E-16
8633.510706,1.104387E-16
8636.528878,1.228351E-16
8639.54705,1.181183E-16
8642.565223,1.161595E-16
8645.583395,1.189707E-16
8648.601567,1.053513E-16
8651.61974,9.479142E-17
8654.637912,1.105333E-16
8657.656084,1.529477E-16
8660.674256,1.786586E-16
8663.692429,1.681221E-16
8666.710601,1.687666E-16
8669.728773,2.122964E-16
8672.746945,2.489347E-16
8675.765118,2.622469E-16
8678.78329,2.676152E-16
8681.801462,2.6378e-16
8684.819634,2.59145e-16
8687.837807,2.551676E-16
8690.855979,2.462341E-16
8693.874151,2.420585E-16
8696.892323,2.299352E-16
8699.910496,2.118109E-16
8702.928668,2.017473E-16
8705.94684,1.8659e-16
8708.965013,1.761913E-16
8711.983185,1.932628E-16
8715.001357,2.24156e-16
8718.019529,2.446916E-16
8721.037702,2.468558E-16
8724.055874,2.420597E-16
8727.074046,2.491552E-16
8730.092218,2.590937E-16
8733.110391,2.874357E-16
8736.128563,2.802994E-16
8739.146735,2.447802E-16
8742.164907,2.417134E-16
8745.18308,2.364371E-16
8748.201252,2.013807E-16
8751.219424,1.88588e-16
8754.237597,1.802951E-16
8757.255769,1.487975E-16
8760.273941,1.32007e-16
8763.292113,1.267645E-16
8766.310286,1.092081E-16
8769.328458,1.018005E-16
8772.34663,9.590405E-17
8775.364802,9.369452E-17
8778.382975,1.071721E-16
8781.401147,1.118849E-16
8784.419319,1.252921E-16
8787.437491,1.148766E-16
8790.455664,8.503325E-17
8793.473836,9.156769E-17
8796.492008,1.179777E-16
8799.51018,1.236812E-16
8802.528353,1.169826E-16
8805.546525,1.145242E-16
8808.564697,1.121501E-16
8811.58287,1.075312E-16
8814.601042,1.073831E-16
8817.619214,1.117564E-16
8820.637386,1.013445E-16
8823.655559,1.047527E-16
8826.673731,1.025365E-16
8829.691903,1.392163E-16
8832.710075,1.678649E-16
8835.728248,1.75869e-16
8838.74642,2.185864E-16
8841.764592,2.430324E-16
8844.782764,2.376945E-16
8847.800937,2.407622E-16
8850.819109,2.497876E-16
8853.837281,2.44572e-16
8856.855453,2.117101E-16
8859.873626,1.99555e-16
8862.891798,2.096325E-16
8865.90997,2.002606E-16
8868.928143,1.720974E-16
8871.946315,1.494986E-16
8874.964487,1.308951E-16
8877.982659,1.034346E-16
8881.000832,9.290694E-17
8884.019004,8.528194E-17
8887.037176,7.953516E-17
8890.055348,9.349323E-17
8893.073521,1.162854E-16
8896.091693,1.315187E-16
8899.109865,1.297048E-16
8902.128037,1.103939E-16
8905.14621,1.147588E-16
8908.164382,1.621776E-16
8911.182554,1.998001E-16
8914.200727,2.120627E-16
8917.218899,2.015921E-16
8920.237071,1.80386e-16
8923.255243,1.640798E-16
8926.273416,1.40046e-16
8929.291588,1.034359E-16
8932.30976,8.944809E-17
8935.327932,8.232837E-17
8938.346105,4.926856E-17
8941.364277,6.258882E-17
8944.382449,6.127737E-17
8947.400621,3.805238E-17
8950.418794,1.660254E-17
8953.436966,4.088811E-17
8956.455138,5.464088E-17
8959.47331,1.218222E-17
8962.491483,-1.991871E-17
8965.509655,-2.177194E-17
8968.527827,5.435745E-18
8971.546,2.260601E-17
8974.564172,4.459814E-17
8977.582344,4.444242E-17
8980.600516,2.066597E-17
8983.618689,-9.197405E-19
8986.636861,5.90545e-18
8989.655033,9.98308e-18
8992.673205,-6.562338E-19
8995.691378,1.047633E-17
8998.70955,-7.327014E-18
9001.727722,1.245143E-17
9004.745894,3.536995E-17
9007.764067,2.004428E-17
9010.782239,2.187485E-17
9013.800411,5.492662E-17
9016.818583,5.871912E-17
9019.836756,5.283614E-17
9022.854928,6.501363E-17
9025.8731,3.943971E-17
9028.891273,2.530278E-17
9031.909445,3.660903E-17
9034.927617,6.296467E-17
9037.945789,7.252086E-17
9040.963962,4.692496E-17
9043.982134,2.312983E-17
9047.000306,3.543407E-17
9050.018478,5.996681E-17
9053.036651,5.428789E-17
9056.054823,3.852618E-17
9059.072995,5.501858E-17
9062.091167,4.938116E-17
9065.10934,4.186125E-17
9068.127512,2.605888E-17
9071.145684,4.981068E-17
9074.163857,6.119838E-17
9077.182029,3.509851E-17
9080.200201,2.739464E-17
