wavelength d flux
3280.  1.321242E-15
3283.00755882263  1.279453E-15
3286.01511764527  1.302015E-15
3289.0226764679  1.305899E-15
3292.03023529053  1.153963E-15
3295.03779411316  1.372478E-15
3298.04535293579  1.522483E-15
3301.05291175842  1.393890E-15
3304.06047058106  1.433060E-15
3307.06802940369  1.477499E-15
3310.07558822632  1.483137E-15
3313.08314704895  1.505561E-15
3316.09070587158  1.413594E-15
3319.09826469422  1.275539E-15
3322.10582351685  1.270595E-15
3325.11338233948  1.488504E-15
3328.12094116211  1.529239E-15
3331.12849998474  1.427296E-15
3334.13605880737  1.424719E-15
3337.14361763001  1.406076E-15
3340.15117645264  1.250805E-15
3343.15873527527  1.224667E-15
3346.1662940979  1.382345E-15
3349.17385292053  1.553661E-15
3352.18141174317  1.500407E-15
3355.1889705658  1.324548E-15
3358.19652938843  1.424986E-15
3361.20408821106  1.530051E-15
3364.21164703369  1.485015E-15
3367.21920585633  1.431422E-15
3370.22676467896  1.428845E-15
3373.23432350159  1.497960E-15
3376.24188232422  1.335591E-15
3379.24944114685  1.236665E-15
3382.25699996949  1.303528E-15
3385.26455879212  1.296461E-15
3388.27211761475  1.324427E-15
3391.27967643738  1.360980E-15
3394.28723526001  1.310329E-15
3397.29479408264  1.333422E-15
3400.30235290528  1.306071E-15
3403.30991172791  1.252788E-15
3406.31747055054  1.318220E-15
3409.32502937317  1.395587E-15
3412.3325881958  1.377225E-15
3415.34014701843  1.338147E-15
3418.34770584107  1.298259E-15
3421.3552646637  1.284946E-15
3424.36282348633  1.303221E-15
3427.37038230896  1.331774E-15
3430.37794113159  1.356955E-15
3433.38549995423  1.260840E-15
3436.39305877686  1.232410E-15
3439.40061759949  1.328364E-15
3442.40817642212  1.338138E-15
3445.41573524475  1.312990E-15
3448.42329406739  1.369344E-15
3451.43085289002  1.370722E-15
3454.43841171265  1.357100E-15
3457.44597053528  1.392735E-15
3460.45352935791  1.365676E-15
3463.46108818054  1.344818E-15
3466.46864700318  1.386215E-15
3469.47620582581  1.348969E-15
3472.48376464844  1.287014E-15
3475.49132347107  1.325635E-15
3478.4988822937  1.414903E-15
3481.50644111634  1.393671E-15
3484.51399993897  1.353973E-15
3487.5215587616  1.361274E-15
3490.52911758423  1.389075E-15
3493.53667640686  1.441860E-15
3496.54423522949  1.408225E-15
3499.55179405213  1.373485E-15
3502.55935287476  1.416063E-15
3505.56691169739  1.418272E-15
3508.57447052002  1.401392E-15
3511.58202934265  1.424525E-15
3514.58958816529  1.436416E-15
3517.59714698792  1.431554E-15
3520.60470581055  1.429605E-15
3523.61226463318  1.358356E-15
3526.61982345581  1.355327E-15
3529.62738227845  1.428313E-15
3532.63494110108  1.430022E-15
3535.64249992371  1.386826E-15
3538.65005874634  1.403726E-15
3541.65761756897  1.420137E-15
3544.6651763916  1.385951E-15
3547.67273521424  1.362498E-15
3550.68029403687  1.389945E-15
3553.6878528595  1.410893E-15
3556.69541168213  1.398253E-15
3559.70297050476  1.417729E-15
3562.71052932739  1.445631E-15
3565.71808815003  1.422768E-15
3568.72564697266  1.430061E-15
3571.73320579529  1.428393E-15
3574.74076461792  1.415786E-15
3577.74832344055  1.414868E-15
3580.75588226319  1.382357E-15
3583.76344108582  1.360973E-15
3586.77099990845  1.367388E-15
3589.77855873108  1.345364E-15
3592.78611755371  1.322474E-15
3595.79367637635  1.326811E-15
3598.80123519898  1.305978E-15
3601.80879402161  1.255633E-15
3604.81635284424  1.253121E-15
3607.82391166687  1.254762E-15
3610.83147048951  1.226568E-15
3613.83902931214  1.222776E-15
3616.84658813477  1.224239E-15
3619.8541469574  1.225935E-15
3622.86170578003  1.187336E-15
3625.86926460266  1.182758E-15
3628.8768234253  1.232795E-15
3631.88438224793  1.266509E-15
3634.89194107056  1.260508E-15
3637.89949989319  1.237932E-15
3640.90705871582  1.244498E-15
3643.91461753846  1.214244E-15
3646.92217636109  1.189957E-15
3649.92973518372  1.207015E-15
3652.93729400635  1.183331E-15
3655.94485282898  1.196467E-15
3658.95241165161  1.217863E-15
3661.95997047425  1.182975E-15
3664.96752929688  1.165292E-15
3667.97508811951  1.178710E-15
3670.98264694214  1.157736E-15
3673.99020576477  1.166200E-15
3676.99776458741  1.185634E-15
3680.00532341004  1.169984E-15
3683.01288223267  1.150653E-15
3686.0204410553  1.144204E-15
3689.02799987793  1.159757E-15
3692.03555870056  1.171834E-15
3695.0431175232  1.128145E-15
3698.05067634583  1.128082E-15
3701.05823516846  1.146323E-15
3704.06579399109  1.112485E-15
3707.07335281372  1.112937E-15
3710.08091163636  1.117922E-15
3713.08847045899  1.104718E-15
3716.09602928162  1.091819E-15
3719.10358810425  1.067756E-15
3722.11114692688  1.062088E-15
3725.11870574951  1.065677E-15
3728.12626457215  1.074105E-15
3731.13382339478  1.076728E-15
3734.14138221741  1.058299E-15
3737.14894104004  1.061191E-15
3740.15649986267  1.080165E-15
3743.16405868531  1.083973E-15
3746.17161750794  1.090662E-15
3749.17917633057  1.100597E-15
3752.1867351532  1.084139E-15
3755.19429397583  1.082337E-15
3758.20185279847  1.090073E-15
3761.2094116211  1.074340E-15
3764.21697044373  1.059135E-15
3767.22452926636  1.060383E-15
3770.23208808899  1.062248E-15
3773.23964691162  1.076391E-15
3776.24720573426  1.072787E-15
3779.25476455689  1.061764E-15
3782.26232337952  1.053460E-15
3785.26988220215  1.055304E-15
3788.27744102478  1.066388E-15
3791.28499984742  1.081958E-15
3794.29255867005  1.075322E-15
3797.30011749268  1.054696E-15
3800.30767631531  1.057677E-15
3803.31523513794  1.074736E-15
3806.32279396057  1.085109E-15
3809.33035278321  1.063589E-15
3812.33791160584  1.067562E-15
3815.34547042847  1.088381E-15
3818.3530292511  1.096436E-15
3821.36058807373  1.110495E-15
3824.36814689637  1.101140E-15
3827.375705719  1.103823E-15
3830.38326454163  1.104231E-15
3833.39082336426  1.115668E-15
3836.39838218689  1.101265E-15
3839.40594100953  1.079199E-15
3842.41349983216  1.075620E-15
3845.42105865479  1.074426E-15
3848.42861747742  1.090829E-15
3851.43617630005  1.095575E-15
3854.44373512268  1.080889E-15
3857.45129394532  1.079440E-15
3860.45885276795  1.064253E-15
3863.46641159058  1.053238E-15
3866.47397041321  1.044451E-15
3869.48152923584  1.023979E-15
3872.48908805847  1.001875E-15
3875.49664688111  9.854596E-16
3878.50420570374  9.892769E-16
3881.51176452637  1.018540E-15
3884.519323349  1.025003E-15
3887.52688217163  1.020190E-15
3890.53444099427  1.010155E-15
3893.5419998169  1.017145E-15
3896.54955863953  1.056928E-15
3899.55711746216  1.068803E-15
3902.56467628479  1.086534E-15
3905.57223510743  1.111340E-15
3908.57979393006  1.102344E-15
3911.58735275269  1.100453E-15
3914.59491157532  1.111883E-15
3917.60247039795  1.098497E-15
3920.61002922058  1.092456E-15
3923.61758804322  1.111777E-15
3926.62514686585  1.107036E-15
3929.63270568848  1.103791E-15
3932.64026451111  1.112888E-15
3935.64782333374  1.134608E-15
3938.65538215638  1.160213E-15
3941.66294097901  1.161553E-15
3944.67049980164  1.167330E-15
3947.67805862427  1.156414E-15
3950.6856174469  1.125681E-15
3953.69317626953  1.103240E-15
3956.70073509217  1.106313E-15
3959.7082939148  1.113717E-15
3962.71585273743  1.086310E-15
3965.72341156006  1.081238E-15
3968.73097038269  1.111937E-15
3971.73852920533  1.142608E-15
3974.74608802796  1.163339E-15
3977.75364685059  1.174730E-15
3980.76120567322  1.160616E-15
3983.76876449585  1.118040E-15
3986.77632331849  1.083049E-15
3989.78388214112  1.069241E-15
3992.79144096375  1.049371E-15
3995.79899978638  1.037951E-15
3998.80655860901  1.046109E-15
4001.81411743164  1.061931E-15
4004.82167625428  1.050784E-15
4007.82923507691  1.014847E-15
4010.83679389954  9.788383E-16
4013.84435272217  9.563744E-16
4016.8519115448  9.490261E-16
4019.85947036744  9.567512E-16
4022.86702919007  9.842026E-16
4025.8745880127  1.006673E-15
4028.88214683533  1.007551E-15
4031.88970565796  9.865251E-16
4034.8972644806  9.706634E-16
4037.90482330323  9.555522E-16
4040.91238212586  9.432349E-16
4043.91994094849  9.528966E-16
4046.92749977112  9.464379E-16
4049.93505859375  9.341035E-16
4052.94261741639  9.506042E-16
4055.95017623902  9.793953E-16
4058.95773506165  9.891478E-16
4061.96529388428  9.942012E-16
4064.97285270691  9.967775E-16
4067.98041152954  9.811558E-16
4070.98797035218  9.649719E-16
4073.99552917481  9.361931E-16
4077.00308799744  9.105824E-16
4080.01064682007  9.037889E-16
4083.0182056427  9.164359E-16
4086.02576446534  9.370202E-16
4089.03332328797  9.447599E-16
4092.0408821106  9.407043E-16
4095.04844093323  9.433849E-16
4098.05599975586  9.519980E-16
4101.0635585785  9.626011E-16
4104.07111740113  9.731195E-16
4107.07867622376  9.711826E-16
4110.08623504639  9.775867E-16
4113.09379386902  9.908080E-16
4116.10135269166  9.875134E-16
4119.10891151429  9.771855E-16
4122.11647033692  9.746165E-16
4125.12402915955  9.689647E-16
4128.13158798218  9.560780E-16
4131.13914680481  9.378392E-16
4134.14670562745  9.321551E-16
4137.15426445008  9.380140E-16
4140.16182327271  9.413178E-16
4143.16938209534  9.429167E-16
4146.17694091797  9.504004E-16
4149.1844997406  9.635906E-16
4152.19205856324  9.693634E-16
4155.19961738587  9.722271E-16
4158.2071762085  9.684133E-16
4161.21473503113  9.644465E-16
4164.22229385376  9.537337E-16
4167.2298526764  9.499156E-16
4170.23741149903  9.494135E-16
4173.24497032166  9.323810E-16
4176.25252914429  9.279665E-16
4179.26008796692  9.257167E-16
4182.26764678956  9.129838E-16
4185.27520561219  9.142492E-16
4188.28276443482  9.262320E-16
4191.29032325745  9.296013E-16
4194.29788208008  9.264235E-16
4197.30544090271  9.295082E-16
4200.31299972535  9.330358E-16
4203.32055854798  9.469533E-16
4206.32811737061  9.754934E-16
4209.33567619324  9.961404E-16
4212.34323501587  1.003197E-15
4215.3507938385  1.013859E-15
4218.35835266114  1.024051E-15
4221.36591148377  1.019300E-15
4224.3734703064  1.015376E-15
4227.38102912903  1.003892E-15
4230.38858795166  9.792231E-16
4233.3961467743  9.650634E-16
4236.40370559693  9.582479E-16
4239.41126441956  9.512793E-16
4242.41882324219  9.546985E-16
4245.42638206482  9.490408E-16
4248.43394088746  9.373893E-16
4251.44149971009  9.433221E-16
4254.44905853272  9.453288E-16
4257.45661735535  9.549317E-16
4260.46417617798  9.791148E-16
4263.47173500062  9.816558E-16
4266.47929382325  9.848589E-16
4269.48685264588  9.883508E-16
4272.49441146851  9.846664E-16
4275.50197029114  9.770009E-16
4278.50952911378  9.572678E-16
4281.51708793641  9.343185E-16
4284.52464675904  8.996622E-16
4287.53220558167  8.874327E-16
4290.5397644043  8.961243E-16
4293.54732322693  8.927221E-16
4296.55488204956  8.936874E-16
4299.5624408722  8.935141E-16
4302.56999969483  8.896005E-16
4305.57755851746  8.853087E-16
4308.58511734009  8.875493E-16
4311.59267616272  9.031172E-16
4314.60023498536  9.103965E-16
4317.60779380799  9.199194E-16
4320.61535263062  9.445786E-16
4323.62291145325  9.677125E-16
4326.63047027588  9.733049E-16
4329.63802909852  9.707426E-16
4332.64558792115  9.754518E-16
4335.65314674378  9.819383E-16
4338.66070556641  9.764874E-16
4341.66826438904  9.777394E-16
4344.67582321168  9.917139E-16
4347.68338203431  1.009531E-15
4350.69094085694  1.033941E-15
4353.69849967957  1.051244E-15
4356.7060585022  1.052766E-15
4359.71361732483  1.062095E-15
4362.72117614746  1.064787E-15
4365.7287349701  1.039416E-15
4368.73629379273  1.009863E-15
4371.74385261536  9.875171E-16
4374.75141143799  9.566929E-16
4377.75897026063  9.400632E-16
4380.76652908326  9.280608E-16
4383.77408790589  9.150326E-16
4386.78164672852  9.065904E-16
4389.78920555115  9.017818E-16
4392.79676437379  9.030641E-16
4395.80432319642  8.978173E-16
4398.81188201905  8.828252E-16
4401.81944084168  8.814023E-16
4404.82699966431  8.740438E-16
4407.83455848694  8.686034E-16
4410.84211730958  8.674567E-16
4413.84967613221  8.531541E-16
4416.85723495484  8.551456E-16
4419.86479377747  8.743157E-16
4422.8723526001  8.875038E-16
4425.87991142274  8.851874E-16
4428.88747024537  8.781970E-16
4431.895029068  8.860678E-16
4434.90258789063  9.027077E-16
4437.91014671326  9.193184E-16
4440.91770553589  9.323438E-16
4443.92526435852  9.348112E-16
4446.93282318116  9.366239E-16
4449.94038200379  9.388424E-16
4452.94794082642  9.335025E-16
4455.95549964905  9.238808E-16
4458.96305847169  9.282519E-16
4461.97061729432  9.288379E-16
4464.97817611695  9.235942E-16
4467.98573493958  9.145608E-16
4470.99329376221  9.065076E-16
4474.00085258484  9.100723E-16
4477.00841140748  9.200125E-16
4480.01597023011  9.217730E-16
4483.02352905274  9.194491E-16
4486.03108787537  9.090048E-16
4489.038646698  9.020995E-16
4492.04620552064  9.040137E-16
4495.05376434327  9.042093E-16
4498.0613231659  9.008405E-16
4501.06888198853  8.982758E-16
4504.07644081116  8.999628E-16
4507.08399963379  9.052051E-16
4510.09155845643  9.096661E-16
4513.09911727906  9.077911E-16
4516.10667610169  9.031906E-16
4519.11423492432  8.975778E-16
4522.12179374695  8.930924E-16
4525.12935256959  8.936229E-16
4528.13691139222  8.979632E-16
4531.14447021485  9.001962E-16
4534.15202903748  9.073653E-16
4537.15958786011  9.154644E-16
4540.16714668274  9.172007E-16
4543.17470550538  9.263135E-16
4546.18226432801  9.410486E-16
4549.18982315064  9.544742E-16
4552.19738197327  9.655772E-16
4555.2049407959  9.673270E-16
4558.21249961854  9.704423E-16
4561.22005844117  9.738168E-16
4564.2276172638  9.911995E-16
4567.23517608643  1.021532E-15
4570.24273490906  1.031022E-15
4573.2502937317  1.027617E-15
4576.25785255433  1.026535E-15
4579.26541137696  1.023001E-15
4582.27297019959  1.021970E-15
4585.28052902222  1.022606E-15
4588.28808784485  1.018660E-15
4591.29564666748  1.002404E-15
4594.30320549012  9.856102E-16
4597.31076431275  9.770889E-16
4600.31832313538  9.662977E-16
4603.32588195801  9.669834E-16
4606.33344078065  9.775102E-16
4609.34099960328  9.860384E-16
4612.34855842591  9.947050E-16
4615.35611724854  1.001066E-15
4618.36367607117  9.958770E-16
4621.3712348938  9.801677E-16
4624.37879371644  9.631495E-16
4627.38635253907  9.497494E-16
4630.3939113617  9.441756E-16
4633.40147018433  9.455022E-16
4636.40902900696  9.439686E-16
4639.4165878296  9.379795E-16
4642.42414665223  9.348717E-16
4645.43170547486  9.369727E-16
4648.43926429749  9.417675E-16
4651.44682312012  9.385756E-16
4654.45438194275  9.263687E-16
4657.46194076539  9.224156E-16
4660.46949958802  9.213790E-16
4663.47705841065  9.026708E-16
4666.48461723328  8.917557E-16
4669.49217605591  8.991201E-16
4672.49973487855  9.097440E-16
4675.50729370118  9.212358E-16
4678.51485252381  9.311593E-16
4681.52241134644  9.290640E-16
4684.52997016907  9.196456E-16
4687.5375289917  9.113637E-16
4690.54508781434  8.976382E-16
4693.55264663697  8.877023E-16
4696.5602054596  8.718211E-16
4699.56776428223  8.527234E-16
4702.57532310486  8.375919E-16
4705.5828819275  8.258762E-16
4708.59044075013  8.206963E-16
4711.59799957276  8.247786E-16
4714.60555839539  8.307782E-16
4717.61311721802  8.440122E-16
4720.62067604066  8.627925E-16
4723.62823486329  8.654921E-16
4726.63579368592  8.621845E-16
4729.64335250855  8.640995E-16
4732.65091133118  8.570877E-16
4735.65847015381  8.446694E-16
4738.66602897645  8.390779E-16
4741.67358779908  8.262411E-16
4744.68114662171  8.039372E-16
4747.68870544434  7.915360E-16
4750.69626426697  7.941332E-16
4753.70382308961  7.962694E-16
4756.71138191224  7.977366E-16
4759.71894073487  8.076783E-16
4762.7264995575  8.198558E-16
4765.73405838013  8.148094E-16
4768.74161720276  7.974366E-16
4771.7491760254  7.771969E-16
4774.75673484803  7.530672E-16
4777.76429367066  7.328814E-16
4780.77185249329  7.204744E-16
4783.77941131592  7.141508E-16
4786.78697013856  6.938117E-16
4789.79452896119  6.740739E-16
4792.80208778382  6.740763E-16
4795.80964660645  6.813016E-16
4798.81720542908  6.835542E-16
4801.82476425172  6.904542E-16
4804.83232307435  6.972473E-16
4807.83988189698  7.079976E-16
4810.84744071961  7.278082E-16
4813.85499954224  7.360439E-16
4816.86255836488  7.340972E-16
4819.87011718751  7.311017E-16
4822.87767601014  7.224076E-16
4825.88523483277  7.042609E-16
4828.8927936554  7.003979E-16
4831.90035247803  7.102469E-16
4834.90791130067  7.168841E-16
4837.9154701233  7.163863E-16
4840.92302894593  7.138513E-16
4843.93058776856  7.128906E-16
4846.93814659119  7.044792E-16
4849.94570541383  6.859008E-16
4852.95326423646  6.703092E-16
4855.96082305909  6.582612E-16
4858.96838188172  6.439973E-16
4861.97594070435  6.392015E-16
4864.98349952698  6.396377E-16
4867.99105834962  6.346624E-16
4870.99861717225  6.267760E-16
4874.00617599488  6.150655E-16
4877.01373481751  6.070073E-16
4880.02129364014  6.065793E-16
4883.02885246277  5.975359E-16
4886.03641128541  5.871398E-16
4889.04397010804  5.873443E-16
4892.05152893067  5.911662E-16
4895.0590877533  5.966963E-16
4898.06664657593  5.952697E-16
4901.07420539857  5.923473E-16
4904.0817642212  5.917076E-16
4907.08932304383  5.952335E-16
4910.09688186646  6.031129E-16
4913.10444068909  6.090935E-16
4916.11199951173  6.126526E-16
4919.11955833436  6.235285E-16
4922.12711715699  6.329204E-16
4925.13467597962  6.333839E-16
4928.14223480225  6.401231E-16
4931.14979362488  6.522971E-16
4934.15735244752  6.559504E-16
4937.16491127015  6.590112E-16
4940.17247009278  6.718721E-16
4943.18002891541  6.768269E-16
4946.18758773804  6.770986E-16
4949.19514656068  6.800916E-16
4952.20270538331  6.892727E-16
4955.21026420594  7.082395E-16
4958.21782302857  7.304084E-16
4961.2253818512  7.434983E-16
4964.23294067383  7.590175E-16
4967.24049949647  7.740806E-16
4970.2480583191  7.722548E-16
4973.25561714173  7.575687E-16
4976.26317596436  7.404040E-16
4979.27073478699  7.218664E-16
4982.27829360963  6.983483E-16
4985.28585243226  6.778833E-16
4988.29341125489  6.761921E-16
4991.30097007752  6.772042E-16
4994.30852890015  6.697574E-16
4997.31608772279  6.692390E-16
5000.32364654542  6.752165E-16
5003.33120536805  6.711976E-16
5006.33876419068  6.766620E-16
5009.34632301331  6.862704E-16
5012.35388183594  6.811934E-16
5015.36144065858  6.810067E-16
5018.36899948121  6.911779E-16
5021.37655830384  6.992652E-16
5024.38411712647  7.097580E-16
5027.3916759491  7.328313E-16
5030.39923477174  7.606360E-16
5033.40679359437  7.770745E-16
5036.414352417  7.757174E-16
5039.42191123963  7.616295E-16
5042.42947006226  7.393273E-16
5045.4370288849  7.243934E-16
5048.44458770753  7.135091E-16
5051.45214653016  6.939963E-16
5054.45970535279  6.828926E-16
5057.46726417542  6.829823E-16
5060.47482299806  6.836769E-16
5063.48238182069  6.723766E-16
5066.48994064332  6.627584E-16
5069.49749946595  6.660933E-16
5072.50505828858  6.705117E-16
5075.51261711121  6.704398E-16
5078.52017593385  6.728296E-16
5081.52773475648  6.818771E-16
5084.53529357911  6.849248E-16
5087.54285240174  6.795635E-16
5090.55041122437  6.849513E-16
5093.55797004701  6.988968E-16
5096.56552886964  7.082493E-16
5099.57308769227  7.168659E-16
5102.5806465149  7.358163E-16
5105.58820533753  7.535286E-16
5108.59576416017  7.572882E-16
5111.6033229828  7.642559E-16
5114.61088180543  7.767389E-16
5117.61844062806  7.906716E-16
5120.62599945069  8.087905E-16
5123.63355827332  8.299643E-16
5126.64111709596  8.493352E-16
5129.64867591859  8.591181E-16
5132.65623474122  8.621819E-16
5135.66379356385  8.474718E-16
5138.67135238648  8.245485E-16
5141.67891120911  8.145690E-16
5144.68647003175  8.122712E-16
5147.69402885438  8.162709E-16
5150.70158767701  8.161534E-16
5153.70914649964  8.030518E-16
5156.71670532227  8.049711E-16
5159.7242641449  8.114652E-16
5162.73182296754  8.158190E-16
5165.73938179017  8.213630E-16
5168.7469406128  8.068721E-16
5171.75449943543  7.813776E-16
5174.76205825806  7.710443E-16
5177.7696170807  7.639750E-16
5180.77717590333  7.460361E-16
5183.78473472596  7.277839E-16
5186.79229354859  7.163168E-16
5189.79985237122  7.103166E-16
5192.80741119386  7.023101E-16
5195.81497001649  7.023303E-16
5198.82252883912  7.030860E-16
5201.83008766175  6.959771E-16
5204.83764648438  6.947429E-16
5207.84520530702  6.964546E-16
5210.85276412965  6.975062E-16
5213.86032295228  7.003209E-16
5216.86788177491  6.981936E-16
5219.87544059754  6.979281E-16
5222.88299942017  7.017787E-16
5225.89055824281  6.985604E-16
5228.89811706544  7.030628E-16
5231.90567588807  7.137883E-16
5234.9132347107  7.159401E-16
5237.92079353333  7.136704E-16
5240.92835235597  7.205800E-16
5243.9359111786  7.298598E-16
5246.94347000123  7.293898E-16
5249.95102882386  7.225149E-16
5252.95858764649  7.139695E-16
5255.96614646913  7.203432E-16
5258.97370529176  7.382942E-16
5261.98126411439  7.398495E-16
5264.98882293702  7.384556E-16
5267.99638175965  7.463727E-16
5271.00394058228  7.520341E-16
5274.01149940492  7.491629E-16
5277.01905822755  7.513122E-16
5280.02661705018  7.624947E-16
5283.03417587281  7.744554E-16
5286.04173469544  7.758278E-16
5289.04929351807  7.634598E-16
5292.05685234071  7.476066E-16
5295.06441116334  7.314714E-16
5298.07196998597  7.175756E-16
5301.0795288086  7.184312E-16
5304.08708763123  7.242217E-16
5307.09464645386  7.260234E-16
5310.1022052765  7.289360E-16
5313.10976409913  7.270318E-16
5316.11732292176  7.166793E-16
5319.12488174439  6.971673E-16
5322.13244056702  6.849908E-16
5325.13999938966  6.867753E-16
5328.14755821229  6.877681E-16
5331.15511703492  6.835499E-16
5334.16267585755  6.829637E-16
5337.17023468018  6.939037E-16
5340.17779350281  7.005693E-16
5343.18535232545  7.048713E-16
5346.19291114808  7.145562E-16
5349.20046997071  7.171594E-16
5352.20802879334  7.124571E-16
5355.21558761597  7.064280E-16
5358.22314643861  7.021065E-16
5361.23070526124  7.011605E-16
5364.23826408387  7.087517E-16
5367.2458229065  7.193544E-16
5370.25338172913  7.289946E-16
5373.26094055177  7.303832E-16
5376.2684993744  7.297880E-16
5379.27605819703  7.387571E-16
5382.28361701966  7.448869E-16
5385.29117584229  7.470417E-16
5388.29873466493  7.464797E-16
5391.30629348756  7.418421E-16
5394.31385231019  7.359506E-16
5397.32141113282  7.235792E-16
5400.32896995545  7.057694E-16
5403.33652877809  6.905664E-16
5406.34408760072  6.797971E-16
5409.35164642335  6.639685E-16
5412.35920524598  6.609262E-16
5415.36676406861  6.679947E-16
5418.37432289124  6.699934E-16
5421.38188171388  6.798852E-16
5424.38944053651  6.871787E-16
5427.39699935914  6.964774E-16
5430.40455818177  7.093615E-16
5433.4121170044  7.172354E-16
5436.41967582703  7.131104E-16
5439.42723464967  6.981160E-16
5442.4347934723  6.817506E-16
5445.44235229493  6.612787E-16
5448.44991111756  6.493378E-16
5451.45746994019  6.479189E-16
5454.46502876282  6.451747E-16
5457.47258758546  6.378851E-16
5460.48014640809  6.278643E-16
5463.48770523072  6.167136E-16
5466.49526405335  6.073147E-16
5469.50282287599  6.047206E-16
5472.51038169862  6.097360E-16
5475.51794052125  6.102857E-16
5478.52549934388  6.132511E-16
5481.53305816651  6.186261E-16
5484.54061698914  6.147349E-16
5487.54817581178  6.028238E-16
5490.55573463441  6.017156E-16
5493.56329345704  6.073437E-16
5496.57085227967  5.970983E-16
5499.5784111023  5.863640E-16
5502.58596992494  5.870792E-16
5505.59352874757  5.804904E-16
5508.6010875702  5.733069E-16
5511.60864639283  5.709202E-16
5514.61620521546  5.647026E-16
5517.62376403809  5.658920E-16
5520.63132286073  5.766241E-16
5523.63888168336  5.823530E-16
5526.64644050599  5.856617E-16
5529.65399932862  5.958638E-16
5532.66155815125  5.965186E-16
5535.66911697389  5.948096E-16
5538.67667579652  6.081771E-16
5541.68423461915  6.214888E-16
5544.69179344178  6.286714E-16
5547.69935226441  6.274870E-16
5550.70691108705  6.168244E-16
5553.71446990968  5.966224E-16
5556.72202873231  5.734081E-16
5559.72958755494  5.599097E-16
5562.73714637757  5.477566E-16
5565.7447052002  5.376151E-16
5568.75226402284  5.262872E-16
5571.75982284547  5.180564E-16
5574.7673816681  5.182817E-16
5577.77494049073  5.245314E-16
5580.78249931336  5.361876E-16
5583.79005813599  5.444756E-16
5586.79761695863  5.385798E-16
5589.80517578126  5.268661E-16
5592.81273460389  5.156640E-16
5595.82029342652  5.079842E-16
5598.82785224915  5.043245E-16
5601.83541107179  4.996006E-16
5604.84296989442  4.967422E-16
5607.85052871705  4.970183E-16
5610.85808753968  4.979747E-16
5613.86564636231  4.993291E-16
5616.87320518495  4.987734E-16
5619.88076400758  4.995419E-16
5622.88832283021  5.066655E-16
5625.89588165284  5.110339E-16
5628.90344047547  5.058949E-16
5631.9109992981  5.006835E-16
5634.91855812074  5.015949E-16
5637.92611694337  5.039546E-16
5640.933675766  5.129977E-16
5643.94123458863  5.312722E-16
5646.94879341126  5.516384E-16
5649.9563522339  5.716443E-16
5652.96391105653  5.810808E-16
5655.97146987916  5.754988E-16
5658.97902870179  5.521575E-16
5661.98658752442  5.323702E-16
5664.99414634706  5.224187E-16
5668.00170516969  5.111475E-16
5671.00926399232  4.979606E-16
5674.01682281495  4.861372E-16
5677.02438163758  4.768164E-16
5680.03194046022  4.718610E-16
5683.03949928285  4.755329E-16
5686.04705810548  4.840271E-16
5689.05461692811  4.877258E-16
5692.06217575074  4.856080E-16
5695.06973457337  4.800585E-16
5698.07729339601  4.701985E-16
5701.08485221864  4.703238E-16
5704.09241104127  4.803213E-16
5707.0999698639  4.877552E-16
5710.10752868653  4.883362E-16
5713.11508750916  4.762587E-16
5716.1226463318  4.609272E-16
5719.13020515443  4.515181E-16
5722.13776397706  4.414961E-16
5725.14532279969  4.322648E-16
5728.15288162232  4.329738E-16
5731.16044044496  4.339979E-16
5734.16799926759  4.305943E-16
5737.17555809022  4.278168E-16
5740.18311691285  4.310381E-16
5743.19067573548  4.421618E-16
5746.19823455812  4.491143E-16
5749.20579338075  4.453402E-16
5752.21335220338  4.412063E-16
5755.22091102601  4.447839E-16
5758.22846984864  4.445087E-16
5761.23602867127  4.428884E-16
5764.24358749391  4.437666E-16
5767.25114631654  4.462494E-16
5770.25870513917  4.461700E-16
5773.2662639618  4.486614E-16
5776.27382278443  4.519471E-16
5779.28138160707  4.513691E-16
5782.2889404297  4.472689E-16
5785.29649925233  4.420544E-16
5788.30405807496  4.387633E-16
5791.31161689759  4.363187E-16
5794.31917572022  4.343296E-16
5797.32673454286  4.310134E-16
5800.33429336549  4.244003E-16
5803.34185218812  4.200969E-16
5806.34941101075  4.201847E-16
5809.35696983338  4.186669E-16
5812.36452865601  4.150914E-16
5815.37208747865  4.123319E-16
5818.37964630128  4.091713E-16
5821.38720512391  4.064529E-16
5824.39476394654  4.056162E-16
5827.40232276917  4.084350E-16
5830.40988159181  4.066041E-16
5833.41744041444  4.043902E-16
5836.42499923707  4.063667E-16
5839.4325580597  4.062567E-16
5842.44011688233  4.044259E-16
5845.44767570497  4.051521E-16
5848.4552345276  4.047504E-16
5851.46279335023  4.078841E-16
5854.47035217286  4.129810E-16
5857.47791099549  4.104721E-16
5860.48546981812  4.115796E-16
5863.49302864076  4.138981E-16
5866.50058746339  4.149222E-16
5869.50814628602  4.230929E-16
5872.51570510865  4.373362E-16
5875.52326393128  4.481250E-16
5878.53082275392  4.526205E-16
5881.53838157655  4.422666E-16
5884.54594039918  4.193579E-16
5887.55349922181  4.046797E-16
5890.56105804444  4.004864E-16
5893.56861686708  4.000372E-16
5896.57617568971  4.053214E-16
5899.58373451234  4.135416E-16
5902.59129333497  4.151751E-16
5905.5988521576  4.196609E-16
5908.60641098023  4.284063E-16
5911.61396980287  4.347595E-16
5914.6215286255  4.445839E-16
5917.62908744813  4.517093E-16
5920.63664627076  4.499089E-16
5923.64420509339  4.525755E-16
5926.65176391603  4.568674E-16
5929.65932273866  4.585106E-16
5932.66688156129  4.659144E-16
5935.67444038392  4.743263E-16
5938.68199920655  4.759227E-16
5941.68955802918  4.758095E-16
5944.69711685182  4.764094E-16
5947.70467567445  4.828516E-16
5950.71223449708  4.942880E-16
5953.71979331971  5.002853E-16
5956.72735214234  5.009111E-16
5959.73491096497  5.068288E-16
5962.74246978761  5.080424E-16
5965.75002861024  5.065012E-16
5968.75758743287  5.087103E-16
5971.7651462555  5.163468E-16
5974.77270507813  5.287335E-16
5977.78026390077  5.462638E-16
5980.7878227234  5.717320E-16
5983.79538154603  5.932046E-16
5986.80294036866  6.148267E-16
5989.81049919129  6.472625E-16
5992.81805801393  6.827668E-16
5995.82561683656  7.198711E-16
5998.83317565919  7.686084E-16
6001.84073448182  8.149834E-16
6004.84829330445  8.265581E-16
6007.85585212708  7.942888E-16
6010.86341094972  7.475996E-16
6013.87096977235  7.125406E-16
6016.87852859498  6.874479E-16
6019.88608741761  6.615914E-16
6022.89364624024  6.368061E-16
6025.90120506288  6.143599E-16
6028.90876388551  5.926036E-16
6031.91632270814  5.690427E-16
6034.92388153077  5.445520E-16
6037.9314403534  5.248076E-16
6040.93899917604  5.095718E-16
6043.94655799867  5.050882E-16
6046.9541168213  5.005170E-16
6049.96167564393  4.865186E-16
6052.96923446656  4.767060E-16
6055.9767932892  4.753366E-16
6058.98435211183  4.752131E-16
6061.99191093446  4.737474E-16
6064.99946975709  4.730088E-16
6068.00702857972  4.682157E-16
6071.01458740235  4.690651E-16
6074.02214622499  4.771600E-16
6077.02970504762  4.766227E-16
6080.03726387025  4.801482E-16
6083.04482269288  4.873960E-16
6086.05238151551  4.844736E-16
6089.05994033814  4.792855E-16
6092.06749916078  4.793798E-16
6095.07505798341  4.745263E-16
6098.08261680604  4.679183E-16
6101.09017562867  4.657933E-16
6104.0977344513  4.639612E-16
6107.10529327394  4.645547E-16
6110.11285209657  4.697738E-16
6113.1204109192  4.720517E-16
6116.12796974183  4.695287E-16
6119.13552856446  4.699481E-16
6122.1430873871  4.663940E-16
6125.15064620973  4.565477E-16
6128.15820503236  4.491242E-16
6131.16576385499  4.455650E-16
6134.17332267762  4.410161E-16
6137.18088150026  4.397668E-16
6140.18844032289  4.386153E-16
6143.19599914552  4.323643E-16
6146.20355796815  4.301402E-16
6149.21111679078  4.267963E-16
6152.21867561341  4.216751E-16
6155.22623443604  4.181369E-16
6158.23379325868  4.143769E-16
6161.24135208131  4.108174E-16
6164.24891090394  4.090620E-16
6167.25646972657  4.082331E-16
6170.2640285492  4.086467E-16
6173.27158737184  4.117756E-16
6176.27914619447  4.153149E-16
6179.2867050171  4.141813E-16
6182.29426383973  4.073352E-16
6185.30182266236  4.041167E-16
6188.309381485  4.051741E-16
6191.31694030763  4.061425E-16
6194.32449913026  4.078389E-16
6197.33205795289  4.069523E-16
6200.33961677552  4.053576E-16
6203.34717559816  4.075354E-16
6206.35473442079  4.102619E-16
6209.36229324342  4.146396E-16
6212.36985206605  4.222942E-16
6215.37741088868  4.352487E-16
6218.38496971131  4.410985E-16
6221.39252853395  4.364081E-16
6224.40008735658  4.375398E-16
6227.40764617921  4.461191E-16
6230.41520500184  4.468725E-16
6233.42276382447  4.453126E-16
6236.4303226471  4.438475E-16
6239.43788146974  4.372697E-16
6242.44544029237  4.362655E-16
6245.452999115  4.374156E-16
6248.46055793763  4.379467E-16
6251.46811676026  4.376738E-16
6254.4756755829  4.322765E-16
6257.48323440553  4.259522E-16
6260.49079322816  4.228744E-16
6263.49835205079  4.248992E-16
6266.50591087342  4.229792E-16
6269.51346969606  4.177602E-16
6272.52102851869  4.096861E-16
6275.52858734132  4.061952E-16
6278.53614616395  4.181803E-16
6281.54370498658  4.292051E-16
6284.55126380922  4.349646E-16
6287.55882263185  4.385461E-16
6290.56638145448  4.309495E-16
6293.57394027711  4.200145E-16
6296.58149909974  4.164475E-16
6299.58905792237  4.224733E-16
6302.59661674501  4.281152E-16
6305.60417556764  4.260905E-16
6308.61173439027  4.300015E-16
6311.6192932129  4.307242E-16
6314.62685203553  4.232743E-16
6317.63441085817  4.137336E-16
6320.6419696808  4.068259E-16
6323.64952850343  4.010645E-16
6326.65708732606  3.986273E-16
6329.66464614869  4.015468E-16
6332.67220497133  4.047467E-16
6335.67976379396  4.024151E-16
6338.68732261659  4.005798E-16
6341.69488143922  4.037419E-16
6344.70244026185  4.028065E-16
6347.70999908448  4.011020E-16
6350.71755790712  4.035380E-16
6353.72511672975  4.091141E-16
6356.73267555238  4.239084E-16
6359.74023437501  4.348995E-16
6362.74779319764  4.359228E-16
6365.75535202028  4.444644E-16
6368.76291084291  4.560904E-16
6371.77046966554  4.675698E-16
6374.77802848817  4.734642E-16
6377.7855873108  4.712780E-16
6380.79314613344  4.653774E-16
6383.80070495607  4.631804E-16
6386.8082637787  4.594084E-16
6389.81582260133  4.500269E-16
6392.82338142396  4.312355E-16
6395.83094024659  4.136086E-16
6398.83849906922  4.068878E-16
6401.84605789186  4.066009E-16
6404.85361671449  4.088432E-16
6407.86117553712  4.103731E-16
6410.86873435975  4.060413E-16
6413.87629318238  4.056993E-16
6416.88385200502  4.123576E-16
6419.89141082765  4.111651E-16
6422.89896965028  4.084858E-16
6425.90652847291  4.101223E-16
6428.91408729554  4.154211E-16
6431.92164611818  4.208451E-16
6434.92920494081  4.218567E-16
6437.93676376344  4.196693E-16
6440.94432258607  4.250933E-16
6443.9518814087  4.352196E-16
6446.95944023133  4.395896E-16
6449.96699905397  4.475957E-16
6452.9745578766  4.603784E-16
6455.98211669923  4.662914E-16
6458.98967552186  4.586545E-16
6461.99723434449  4.501974E-16
6465.00479316713  4.502894E-16
6468.01235198976  4.449023E-16
6471.01991081239  4.402829E-16
6474.02746963502  4.501578E-16
6477.03502845765  4.567839E-16
6480.04258728028  4.593793E-16
6483.05014610292  4.685686E-16
6486.05770492555  4.736193E-16
6489.06526374818  4.713543E-16
6492.07282257081  4.713729E-16
6495.08038139344  4.704368E-16
6498.08794021608  4.663803E-16
6501.09549903871  4.696161E-16
6504.10305786134  4.767847E-16
6507.11061668397  4.774933E-16
6510.1181755066  4.757452E-16
6513.12573432924  4.764384E-16
6516.13329315187  4.777644E-16
6519.1408519745  4.782359E-16
6522.14841079713  4.799839E-16
6525.15596961976  4.799161E-16
6528.1635284424  4.711567E-16
6531.17108726503  4.593195E-16
6534.17864608766  4.542692E-16
6537.18620491029  4.477406E-16
6540.19376373292  4.415798E-16
6543.20132255555  4.489243E-16
6546.20888137819  4.669268E-16
6549.21644020082  4.739666E-16
6552.22399902345  4.706008E-16
6555.23155784608  4.707700E-16
6558.23911666871  4.709199E-16
6561.24667549135  4.678580E-16
6564.25423431398  4.652443E-16
6567.26179313661  4.666224E-16
6570.26935195924  4.735589E-16
6573.27691078187  4.788347E-16
6576.2844696045  4.782445E-16
6579.29202842714  4.810047E-16
6582.29958724977  4.867153E-16
6585.3071460724  4.832746E-16
6588.31470489503  4.793266E-16
6591.32226371766  4.809634E-16
6594.32982254029  4.833277E-16
6597.33738136293  4.868681E-16
6600.34494018556  4.825217E-16
6603.35249900819  4.746440E-16
6606.36005783082  4.671083E-16
6609.36761665345  4.594909E-16
6612.37517547608  4.549601E-16
6615.38273429872  4.557771E-16
6618.39029312135  4.623843E-16
6621.39785194398  4.707369E-16
6624.40541076661  4.753180E-16
6627.41296958924  4.785730E-16
6630.42052841188  4.801000E-16
6633.42808723451  4.771067E-16
6636.43564605714  4.663919E-16
6639.44320487977  4.508415E-16
6642.4507637024  4.434762E-16
6645.45832252504  4.394070E-16
6648.46588134767  4.399053E-16
6651.4734401703  4.558867E-16
6654.48099899293  4.713904E-16
6657.48855781556  4.737763E-16
6660.4961166382  4.669631E-16
6663.50367546083  4.579587E-16
6666.51123428346  4.566146E-16
6669.51879310609  4.580397E-16
6672.52635192872  4.543993E-16
6675.53391075135  4.582578E-16
6678.54146957399  4.731605E-16
6681.54902839662  4.881395E-16
6684.55658721925  5.006971E-16
6687.56414604188  5.096966E-16
6690.57170486451  5.221292E-16
6693.57926368715  5.397368E-16
6696.58682250978  5.582267E-16
6699.59438133241  5.746909E-16
6702.60194015504  5.915755E-16
6705.60949897767  6.108400E-16
6708.61705780031  6.227300E-16
6711.62461662294  6.106309E-16
6714.63217544557  5.848196E-16
6717.6397342682  5.711554E-16
6720.64729309083  5.677951E-16
6723.65485191346  5.668743E-16
6726.6624107361  5.703981E-16
6729.66996955873  5.731115E-16
6732.67752838136  5.596478E-16
6735.68508720399  5.354114E-16
6738.69264602662  5.176850E-16
6741.70020484926  5.079629E-16
6744.70776367189  4.943617E-16
6747.71532249452  4.799248E-16
6750.72288131715  4.728642E-16
6753.73044013978  4.645824E-16
6756.73799896241  4.540547E-16
6759.74555778505  4.478354E-16
6762.75311660768  4.427786E-16
6765.76067543031  4.357170E-16
6768.76823425294  4.283218E-16
6771.77579307557  4.251240E-16
6774.78335189821  4.235359E-16
6777.79091072084  4.184021E-16
6780.79846954347  4.142923E-16
6783.8060283661  4.120553E-16
6786.81358718873  4.139930E-16
6789.82114601136  4.134233E-16
6792.828704834  4.144060E-16
6795.83626365663  4.202443E-16
6798.84382247926  4.232671E-16
6801.85138130189  4.240430E-16
6804.85894012452  4.293451E-16
6807.86649894716  4.346684E-16
6810.87405776979  4.407473E-16
6813.88161659242  4.478569E-16
6816.88917541505  4.566514E-16
6819.89673423768  4.656686E-16
6822.90429306032  4.776059E-16
6825.91185188295  4.860703E-16
6828.91941070558  4.757550E-16
6831.92696952821  4.630181E-16
6834.93452835084  4.548377E-16
6837.94208717347  4.439780E-16
6840.94964599611  4.304476E-16
6843.95720481874  4.180247E-16
6846.96476364137  4.082923E-16
6849.972322464  4.008834E-16
6852.97988128663  3.928537E-16
6855.98744010927  3.809170E-16
6858.9949989319  3.688440E-16
6862.00255775453  3.582101E-16
6865.01011657716  3.468267E-16
6868.01767539979  3.376332E-16
6871.02523422242  3.357441E-16
6874.03279304506  3.445904E-16
6877.04035186769  3.534613E-16
6880.04791069032  3.533595E-16
6883.05546951295  3.446050E-16
6886.06302833558  3.308334E-16
6889.07058715821  3.257875E-16
6892.07814598085  3.284023E-16
6895.08570480348  3.322761E-16
6898.09326362611  3.354730E-16
6901.10082244874  3.367242E-16
6904.10838127137  3.371380E-16
6907.11594009401  3.391787E-16
6910.12349891664  3.426622E-16
6913.13105773927  3.419123E-16
6916.1386165619  3.370234E-16
6919.14617538453  3.339401E-16
6922.15373420717  3.338401E-16
6925.1612930298  3.327154E-16
6928.16885185243  3.321061E-16
6931.17641067506  3.353349E-16
6934.18396949769  3.385434E-16
6937.19152832033  3.414167E-16
6940.19908714296  3.438918E-16
6943.20664596559  3.428274E-16
6946.21420478822  3.420565E-16
6949.22176361085  3.422982E-16
6952.22932243348  3.399289E-16
6955.23688125612  3.385414E-16
6958.24444007875  3.416601E-16
6961.25199890138  3.461063E-16
6964.25955772401  3.477706E-16
6967.26711654664  3.478802E-16
6970.27467536928  3.492744E-16
6973.28223419191  3.530159E-16
6976.28979301454  3.552094E-16
6979.29735183717  3.534875E-16
6982.3049106598  3.553286E-16
6985.31246948244  3.569746E-16
6988.32002830507  3.511543E-16
6991.3275871277  3.439586E-16
6994.33514595033  3.403167E-16
6997.34270477296  3.379246E-16
7000.35026359559  3.342439E-16
7003.35782241823  3.290785E-16
7006.36538124086  3.311704E-16
7009.37294006349  3.390540E-16
7012.38049888612  3.415647E-16
7015.38805770875  3.398287E-16
7018.39561653138  3.407139E-16
7021.40317535402  3.400461E-16
7024.41073417665  3.378796E-16
7027.41829299928  3.340341E-16
7030.42585182191  3.340413E-16
7033.43341064454  3.331646E-16
7036.44096946718  3.261094E-16
7039.44852828981  3.243308E-16
7042.45608711244  3.274815E-16
7045.46364593507  3.239228E-16
7048.4712047577  3.218695E-16
7051.47876358033  3.289737E-16
7054.48632240297  3.338254E-16
7057.4938812256  3.358586E-16
7060.50144004823  3.383627E-16
7063.50899887086  3.422276E-16
7066.51655769349  3.442558E-16
7069.52411651613  3.404453E-16
7072.53167533876  3.352145E-16
7075.53923416139  3.351040E-16
7078.54679298402  3.399215E-16
7081.55435180665  3.400621E-16
7084.56191062929  3.336287E-16
7087.56946945192  3.267627E-16
7090.57702827455  3.238291E-16
7093.58458709718  3.253899E-16
7096.59214591981  3.212982E-16
7099.59970474244  3.193784E-16
7102.60726356508  3.260179E-16
7105.61482238771  3.278114E-16
7108.62238121034  3.284524E-16
7111.62994003297  3.277867E-16
7114.6374988556  3.281532E-16
7117.64505767824  3.267494E-16
7120.65261650087  3.228342E-16
7123.6601753235  3.223193E-16
7126.66773414613  3.206596E-16
7129.67529296876  3.199000E-16
7132.6828517914  3.225649E-16
7135.69041061403  3.243570E-16
7138.69796943666  3.275759E-16
7141.70552825929  3.305900E-16
7144.71308708192  3.317370E-16
7147.72064590455  3.288500E-16
7150.72820472719  3.247499E-16
7153.73576354982  3.275009E-16
7156.74332237245  3.245319E-16
7159.75088119508  3.152934E-16
7162.75844001771  3.111736E-16
7165.76599884035  3.225139E-16
7168.77355766298  3.338459E-16
7171.78111648561  3.366565E-16
7174.78867530824  3.412519E-16
7177.79623413087  3.417988E-16
7180.80379295351  3.384407E-16
7183.81135177614  3.395620E-16
7186.81891059877  3.451043E-16
7189.8264694214  3.541345E-16
7192.83402824403  3.592433E-16
7195.84158706667  3.594294E-16
7198.8491458893  3.663378E-16
7201.85670471193  3.818353E-16
7204.86426353456  3.974044E-16
7207.87182235719  4.113320E-16
7210.87938117982  4.385068E-16
7213.88694000246  4.795355E-16
7216.89449882509  5.199224E-16
7219.90205764772  5.399776E-16
7222.90961647035  5.194107E-16
7225.91717529298  4.780517E-16
7228.92473411561  4.405352E-16
7231.93229293825  4.091393E-16
7234.93985176088  3.874755E-16
7237.94741058351  3.769783E-16
7240.95496940614  3.681782E-16
7243.96252822877  3.582510E-16
7246.9700870514  3.534318E-16
7249.97764587404  3.550384E-16
7252.98520469667  3.584969E-16
7255.9927635193  3.628394E-16
7259.00032234193  3.688325E-16
7262.00788116456  3.718818E-16
7265.0154399872  3.705333E-16
7268.02299880983  3.690924E-16
7271.03055763246  3.631839E-16
7274.03811645509  3.451378E-16
7277.04567527772  3.298260E-16
7280.05323410036  3.281784E-16
7283.06079292299  3.307347E-16
7286.06835174562  3.304642E-16
7289.07591056825  3.258411E-16
7292.08346939088  3.269268E-16
7295.09102821351  3.306983E-16
7298.09858703615  3.270988E-16
7301.10614585878  3.211810E-16
7304.11370468141  3.139550E-16
7307.12126350404  3.130655E-16
7310.12882232667  3.170702E-16
7313.1363811493  3.156135E-16
7316.14393997194  3.179519E-16
7319.15149879457  3.258972E-16
7322.1590576172  3.280933E-16
7325.16661643983  3.283092E-16
7328.17417526247  3.283129E-16
7331.1817340851  3.307041E-16
7334.18929290773  3.363021E-16
7337.19685173036  3.375043E-16
7340.20441055299  3.371085E-16
7343.21196937562  3.359412E-16
7346.21952819826  3.384344E-16
7349.22708702089  3.430495E-16
7352.23464584352  3.468880E-16
7355.24220466615  3.524004E-16
7358.24976348878  3.578811E-16
7361.25732231141  3.658963E-16
7364.26488113405  3.779166E-16
7367.27243995668  3.845521E-16
7370.27999877931  3.886545E-16
7373.28755760194  4.000440E-16
7376.29511642457  4.154988E-16
7379.30267524721  4.271491E-16
7382.31023406984  4.337462E-16
7385.31779289247  4.408606E-16
7388.3253517151  4.497960E-16
7391.33291053773  4.548975E-16
7394.34046936037  4.508471E-16
7397.348028183  4.399909E-16
7400.35558700563  4.261791E-16
7403.36314582826  4.096765E-16
7406.37070465089  3.953219E-16
7409.37826347353  3.877771E-16
7412.38582229616  3.834628E-16
7415.39338111879  3.834378E-16
7418.40093994142  3.848225E-16
7421.40849876405  3.726094E-16
7424.41605758668  3.655868E-16
7427.42361640932  3.651088E-16
7430.43117523195  3.604815E-16
7433.43873405458  3.635957E-16
7436.44629287721  3.754463E-16
7439.45385169984  3.873593E-16
7442.46141052247  3.900851E-16
7445.46896934511  3.829879E-16
7448.47652816774  3.695133E-16
7451.48408699037  3.560105E-16
7454.491645813  3.494265E-16
7457.49920463563  3.419440E-16
7460.50676345827  3.383601E-16
7463.5143222809  3.394559E-16
7466.52188110353  3.341388E-16
7469.52943992616  3.381110E-16
7472.53699874879  3.391775E-16
7475.54455757143  3.405419E-16
7478.55211639406  3.461432E-16
7481.55967521669  3.444724E-16
7484.56723403932  3.397687E-16
7487.57479286195  3.405179E-16
7490.58235168459  3.376399E-16
7493.58991050722  3.270901E-16
7496.59746932985  3.177399E-16
7499.60502815248  3.109018E-16
7502.61258697511  3.060133E-16
7505.62014579775  2.882931E-16
7508.62770462038  2.709900E-16
7511.63526344301  2.814711E-16
7514.64282226564  2.896493E-16
7517.65038108827  2.824651E-16
7520.6579399109  2.834358E-16
7523.66549873353  2.890857E-16
7526.67305755617  2.836172E-16
7529.6806163788  2.808550E-16
7532.68817520143  2.884336E-16
7535.69573402406  2.895383E-16
7538.70329284669  2.882093E-16
7541.71085166932  2.910216E-16
7544.71841049196  2.919389E-16
7547.72596931459  2.901370E-16
7550.73352813722  2.829195E-16
7553.74108695985  2.771711E-16
7556.74864578248  2.782354E-16
7559.75620460512  2.795580E-16
7562.76376342775  2.862701E-16
7565.77132225038  2.925058E-16
7568.77888107301  2.947372E-16
7571.78643989564  3.000795E-16
7574.79399871828  3.067420E-16
7577.80155754091  3.135809E-16
7580.80911636354  3.174346E-16
7583.81667518617  3.172372E-16
7586.8242340088  3.088916E-16
7589.83179283144  2.892074E-16
7592.83935165407  2.584769E-16
7595.8469104767  2.257425E-16
7598.85446929933  1.969926E-16
7601.86202812196  1.821053E-16
7604.86958694459  1.803180E-16
7607.87714576723  1.983318E-16
7610.88470458986  2.339215E-16
7613.89226341249  2.639247E-16
7616.89982223512  2.834764E-16
7619.90738105775  2.868115E-16
7622.91493988039  2.690030E-16
7625.92249870302  2.548952E-16
7628.93005752565  2.606144E-16
7631.93761634828  2.654654E-16
7634.94517517091  2.627863E-16
7637.95273399354  2.622959E-16
7640.96029281618  2.609723E-16
7643.96785163881  2.621403E-16
7646.97541046144  2.634017E-16
7649.98296928407  2.627183E-16
7652.9905281067  2.701133E-16
7655.99808692934  2.826566E-16
7659.00564575197  2.951321E-16
7662.0132045746  3.038257E-16
7665.02076339723  3.074719E-16
7668.02832221986  3.193222E-16
7671.0358810425  3.266715E-16
7674.04343986513  3.255456E-16
7677.05099868776  3.280996E-16
7680.05855751039  3.209633E-16
7683.06611633302  3.066778E-16
7686.07367515565  2.939534E-16
7689.08123397829  2.845880E-16
7692.08879280092  2.837034E-16
7695.09635162355  2.871536E-16
7698.10391044618  2.923379E-16
7701.11146926882  2.925553E-16
7704.11902809145  2.883589E-16
7707.12658691408  2.921562E-16
7710.13414573671  2.992291E-16
7713.14170455934  3.045222E-16
7716.14926338197  2.984590E-16
7719.15682220461  2.819142E-16
7722.16438102724  2.686301E-16
7725.17193984987  2.658305E-16
7728.1794986725  2.718543E-16
7731.18705749513  2.743486E-16
7734.19461631776  2.717338E-16
7737.20217514039  2.712949E-16
7740.20973396303  2.722922E-16
7743.21729278566  2.768915E-16
7746.22485160829  2.841542E-16
7749.23241043092  2.865130E-16
7752.23996925355  2.865703E-16
7755.24752807619  2.841815E-16
7758.25508689882  2.795149E-16
7761.26264572145  2.801817E-16
7764.27020454408  2.794650E-16
7767.27776336671  2.735650E-16
7770.28532218935  2.674262E-16
7773.29288101198  2.667153E-16
7776.30043983461  2.751412E-16
7779.30799865724  2.829103E-16
7782.31555747987  2.878391E-16
7785.32311630251  2.950598E-16
7788.33067512514  2.991853E-16
7791.33823394777  3.014994E-16
7794.3457927704  3.022707E-16
7797.35335159303  2.982095E-16
7800.36091041567  2.983295E-16
7803.3684692383  3.038798E-16
7806.37602806093  3.052858E-16
7809.38358688356  3.058369E-16
7812.39114570619  3.105046E-16
7815.39870452882  3.106797E-16
7818.40626335146  3.125757E-16
7821.41382217409  3.217671E-16
7824.42138099672  3.282855E-16
7827.42893981935  3.301914E-16
7830.43649864198  3.281957E-16
7833.44405746462  3.205865E-16
7836.45161628725  3.168386E-16
7839.45917510988  3.235409E-16
7842.46673393251  3.261865E-16
7845.47429275514  3.240741E-16
7848.48185157777  3.211560E-16
7851.48941040041  3.171444E-16
7854.49696922304  3.213274E-16
7857.50452804567  3.250656E-16
7860.5120868683  3.181370E-16
7863.51964569093  3.155444E-16
7866.52720451357  3.210331E-16
7869.5347633362  3.266193E-16
7872.54232215883  3.310680E-16
7875.54988098146  3.329068E-16
7878.55743980409  3.399534E-16
7881.56499862672  3.465385E-16
7884.57255744936  3.408135E-16
7887.58011627199  3.320629E-16
7890.58767509462  3.285912E-16
7893.59523391725  3.279371E-16
7896.60279273988  3.241613E-16
7899.61035156252  3.216053E-16
7902.61791038515  3.210184E-16
7905.62546920778  3.171549E-16
7908.63302803041  3.155355E-16
7911.64058685304  3.185959E-16
7914.64814567567  3.248004E-16
7917.65570449831  3.295621E-16
7920.66326332094  3.347380E-16
7923.67082214357  3.370974E-16
7926.6783809662  3.355859E-16
7929.68593978883  3.331249E-16
7932.69349861147  3.267944E-16
7935.7010574341  3.201467E-16
7938.70861625673  3.203296E-16
7941.71617507936  3.208372E-16
7944.72373390199  3.278457E-16
7947.73129272462  3.471540E-16
7950.73885154726  3.591870E-16
7953.74641036989  3.628394E-16
7956.75396919252  3.613019E-16
7959.76152801515  3.480318E-16
7962.76908683778  3.301346E-16
7965.77664566042  3.426733E-16
7968.78420448305  3.576480E-16
7971.79176330568  3.527515E-16
7974.79932212831  3.496026E-16
7977.80688095094  3.512637E-16
7980.81443977357  3.538665E-16
7983.82199859621  3.552242E-16
7986.82955741884  3.545084E-16
7989.83711624147  3.565795E-16
7992.8446750641  3.546083E-16
7995.85223388674  3.490811E-16
7998.85979270937  3.498025E-16
8001.867351532  3.586738E-16
8004.87491035463  3.616550E-16
8007.88246917726  3.604989E-16
8010.89002799989  3.649962E-16
8013.89758682253  3.801807E-16
8016.90514564516  3.956432E-16
8019.91270446779  3.907053E-16
8022.92026329042  3.852542E-16
8025.92782211305  3.889680E-16
8028.93538093568  3.870396E-16
8031.94293975832  3.887234E-16
8034.95049858095  3.923266E-16
8037.95805740358  3.986709E-16
8040.96561622621  4.070028E-16
8043.97317504884  4.090601E-16
8046.98073387148  4.093944E-16
8049.98829269411  4.119515E-16
8052.99585151674  4.094717E-16
8056.00341033937  4.043402E-16
8059.010969162  4.013409E-16
8062.01852798464  4.061511E-16
8065.02608680727  4.179797E-16
8068.0336456299  4.144434E-16
8071.04120445253  4.061208E-16
8074.04876327516  3.981491E-16
8077.05632209779  3.936189E-16
8080.06388092043  3.914769E-16
8083.07143974306  3.895442E-16
8086.07899856569  3.831163E-16
8089.08655738832  3.743066E-16
8092.09411621095  3.668123E-16
8095.10167503359  3.589372E-16
8098.10923385622  3.543425E-16
8101.11679267885  3.528490E-16
8104.12435150148  3.475252E-16
8107.13191032411  3.467454E-16
8110.13946914675  3.501625E-16
8113.14702796938  3.510128E-16
8116.15458679201  3.442476E-16
8119.16214561464  3.364499E-16
8122.16970443727  3.370830E-16
8125.1772632599  3.397596E-16
8128.18482208253  3.388170E-16
8131.19238090517  3.333337E-16
8134.1999397278  3.255412E-16
8137.20749855043  3.262097E-16
8140.21505737306  3.274713E-16
8143.2226161957  3.272867E-16
8146.23017501833  3.288339E-16
8149.23773384096  3.260047E-16
8152.24529266359  3.188216E-16
8155.25285148622  3.147317E-16
8158.26041030885  3.100705E-16
8161.26796913149  3.022005E-16
8164.27552795412  2.980220E-16
8167.28308677675  2.991834E-16
8170.29064559938  2.978525E-16
8173.29820442201  3.019546E-16
8176.30576324465  3.050071E-16
8179.31332206728  3.019598E-16
8182.32088088991  3.046622E-16
8185.32843971254  3.153911E-16
8188.33599853517  3.186791E-16
8191.3435573578  3.200888E-16
8194.35111618044  3.239289E-16
8197.35867500307  3.211220E-16
8200.3662338257  3.156970E-16
8203.37379264833  3.147268E-16
8206.38135147096  3.136925E-16
8209.38891029359  3.120105E-16
8212.39646911623  3.123982E-16
8215.40402793886  3.106005E-16
8218.41158676149  3.080545E-16
8221.41914558412  3.037590E-16
8224.42670440675  2.953155E-16
8227.43426322939  2.918972E-16
8230.44182205202  2.983044E-16
8233.44938087465  3.048002E-16
8236.45693969728  3.092238E-16
8239.46449851991  3.150985E-16
8242.47205734254  3.169566E-16
8245.47961616518  3.193884E-16
8248.48717498781  3.280519E-16
8251.49473381044  3.245224E-16
8254.50229263307  3.194177E-16
8257.5098514557  3.225038E-16
8260.51741027834  3.211135E-16
8263.52496910097  3.197513E-16
8266.5325279236  3.216368E-16
8269.54008674623  3.256141E-16
8272.54764556886  3.296660E-16
8275.55520439149  3.300256E-16
8278.56276321413  3.327183E-16
8281.57032203676  3.334320E-16
8284.57788085939  3.304114E-16
8287.58543968202  3.254058E-16
8290.59299850465  3.192400E-16
8293.60055732728  3.210917E-16
8296.60811614992  3.224872E-16
8299.61567497255  3.167351E-16
8302.62323379518  3.101218E-16
8305.63079261782  3.075813E-16
8308.63835144045  3.151803E-16
8311.64591026308  3.275878E-16
8314.65346908571  3.332404E-16
8317.66102790834  3.297120E-16
8320.66858673097  3.252090E-16
8323.67614555361  3.298539E-16
8326.68370437624  3.299293E-16
8329.69126319887  3.251718E-16
8332.6988220215  3.304477E-16
8335.70638084413  3.320459E-16
8338.71393966676  3.280828E-16
8341.7214984894  3.272598E-16
8344.72905731203  3.280523E-16
8347.73661613466  3.314960E-16
8350.74417495729  3.330277E-16
8353.75173377993  3.304660E-16
8356.75929260256  3.287381E-16
8359.76685142519  3.288705E-16
8362.77441024782  3.406995E-16
8365.78196907045  3.572313E-16
8368.78952789308  3.601191E-16
8371.79708671571  3.619550E-16
8374.80464553835  3.656028E-16
8377.81220436098  3.628802E-16
8380.81976318361  3.677152E-16
8383.82732200624  3.737216E-16
8386.83488082888  3.752939E-16
8389.84243965151  3.843525E-16
8392.84999847414  3.900157E-16
8395.85755729677  3.836620E-16
8398.8651161194  3.811010E-16
8401.87267494203  3.856251E-16
8404.88023376467  3.842301E-16
8407.8877925873  3.888429E-16
8410.89535140993  3.974324E-16
8413.90291023256  3.999799E-16
8416.91046905519  3.966706E-16
8419.91802787782  3.957137E-16
8422.92558670045  3.930781E-16
8425.93314552309  3.839323E-16
8428.94070434572  3.830424E-16
8431.94826316835  3.857650E-16
8434.95582199098  3.770489E-16
8437.96338081362  3.698655E-16
8440.97093963625  3.632525E-16
8443.97849845888  3.480819E-16
8446.98605728151  3.379252E-16
8449.99361610414  3.377639E-16
8453.00117492677  3.450321E-16
8456.00873374941  3.525897E-16
8459.01629257204  3.547328E-16
8462.02385139467  3.603459E-16
8465.0314102173  3.671582E-16
8468.03896903993  3.754818E-16
8471.04652786257  3.795174E-16
8474.0540866852  3.634660E-16
8477.06164550783  3.271506E-16
8480.06920433046  3.168236E-16
8483.07676315309  3.431937E-16
8486.08432197572  3.623424E-16
8489.09188079836  3.547017E-16
8492.09943962099  3.449527E-16
8495.10699844362  3.405845E-16
8498.11455726625  3.407110E-16
8501.12211608888  3.504773E-16
8504.12967491152  3.556746E-16
8507.13723373415  3.553984E-16
8510.14479255678  3.694666E-16
8513.15235137941  3.847366E-16
8516.15991020204  3.801105E-16
8519.16746902467  3.725934E-16
8522.17502784731  3.690386E-16
8525.18258666994  3.652703E-16
8528.19014549257  3.660591E-16
8531.1977043152  3.669620E-16
8534.20526313783  3.676857E-16
8537.21282196047  3.606934E-16
8540.2203807831  3.479415E-16
8543.22793960573  3.433558E-16
8546.23549842836  3.466129E-16
8549.24305725099  3.436709E-16
8552.25061607363  3.373165E-16
8555.25817489626  3.440733E-16
8558.26573371889  3.552109E-16
8561.27329254152  3.588814E-16
8564.28085136415  3.567978E-16
8567.28841018678  3.496282E-16
8570.29596900942  3.422255E-16
8573.30352783205  3.403583E-16
8576.31108665468  3.410668E-16
8579.31864547731  3.382672E-16
8582.32620429994  3.383147E-16
8585.33376312257  3.413930E-16
8588.34132194521  3.439711E-16
8591.34888076784  3.397711E-16
8594.35643959047  3.355689E-16
8597.3639984131  3.419598E-16
8600.37155723573  3.516207E-16
8603.37911605837  3.591794E-16
8606.386674881  3.648620E-16
8609.39423370363  3.702145E-16
8612.40179252626  3.834375E-16
8615.40935134889  3.931555E-16
8618.41691017152  3.954961E-16
8621.42446899416  3.956080E-16
8624.43202781679  3.942221E-16
8627.43958663942  3.974271E-16
8630.44714546205  4.095249E-16
8633.45470428469  4.175377E-16
8636.46226310732  4.133742E-16
8639.46982192995  3.966363E-16
8642.47738075258  3.819810E-16
8645.48493957521  3.769679E-16
8648.49249839785  3.855143E-16
8651.50005722048  3.931833E-16
8654.50761604311  3.845218E-16
8657.51517486574  3.746164E-16
8660.52273368837  3.744946E-16
8663.530292511  3.773219E-16
8666.53785133364  3.788315E-16
8669.54541015627  3.782633E-16
8672.5529689789  3.753510E-16
8675.56052780153  3.788729E-16
8678.56808662416  3.746985E-16
8681.5756454468  3.690737E-16
8684.58320426943  3.692968E-16
8687.59076309206  3.726663E-16
8690.59832191469  3.720677E-16
8693.60588073732  3.638375E-16
8696.61343955995  3.612540E-16
8699.62099838259  3.659471E-16
8702.62855720522  3.596752E-16
8705.63611602785  3.491673E-16
8708.64367485048  3.554761E-16
8711.65123367311  3.673169E-16
8714.65879249575  3.672734E-16
8717.66635131838  3.619477E-16
8720.67391014101  3.704910E-16
8723.68146896364  3.727847E-16
8726.68902778627  3.703091E-16
8729.6965866089  3.739734E-16
8732.70414543154  3.659750E-16
8735.71170425417  3.580532E-16
8738.7192630768  3.550187E-16
8741.72682189943  3.498577E-16
8744.73438072206  3.439337E-16
8747.7419395447  3.442502E-16
8750.74949836733  3.411126E-16
8753.75705718996  3.352162E-16
8756.76461601259  3.354806E-16
8759.77217483522  3.313375E-16
8762.77973365785  3.307137E-16
8765.78729248049  3.440333E-16
8768.79485130312  3.503812E-16
8771.80241012575  3.509493E-16
8774.80996894838  3.510697E-16
8777.81752777102  3.530385E-16
8780.82508659365  3.588366E-16
8783.83264541628  3.597429E-16
8786.84020423891  3.537255E-16
8789.84776306154  3.528673E-16
8792.85532188417  3.546290E-16
8795.86288070681  3.471110E-16
8798.87043952944  3.408029E-16
8801.87799835207  3.447605E-16
8804.8855571747  3.498837E-16
8807.89311599733  3.467301E-16
8810.90067481997  3.432243E-16
8813.9082336426  3.409478E-16
8816.91579246523  3.324756E-16
8819.92335128786  3.270583E-16
8822.93091011049  3.407238E-16
8825.93846893312  3.596940E-16
8828.94602775576  3.590765E-16
8831.95358657839  3.512932E-16
8834.96114540102  3.598612E-16
8837.96870422365  3.702547E-16
8840.97626304628  3.733239E-16
8843.98382186891  3.816665E-16
8846.99138069155  3.826906E-16
8849.99893951418  3.679136E-16
8853.00649833681  3.661450E-16
8856.01405715944  3.740349E-16
8859.02161598207  3.688904E-16
8862.02917480471  3.600033E-16
8865.03673362734  3.628512E-16
8868.04429244997  3.673909E-16
8871.0518512726  3.556481E-16
8874.05941009523  3.493114E-16
8877.06696891786  3.553334E-16
8880.0745277405  3.587835E-16
8883.08208656313  3.644061E-16
8886.08964538576  3.621649E-16
8889.09720420839  3.529129E-16
8892.10476303103  3.565025E-16
8895.11232185366  3.624740E-16
8898.11988067629  3.606258E-16
8901.12743949892  3.618134E-16
8904.13499832155  3.607624E-16
8907.14255714418  3.573205E-16
8910.15011596681  3.581350E-16
8913.15767478945  3.482813E-16
8916.16523361208  3.394515E-16
8919.17279243471  3.398738E-16
8922.18035125734  3.418034E-16
8925.18791007997  3.406882E-16
8928.19546890261  3.398466E-16
8931.20302772524  3.481761E-16
8934.21058654787  3.491946E-16
8937.2181453705  3.372878E-16
8940.22570419313  3.340306E-16
8943.23326301577  3.470113E-16
8946.2408218384  3.518301E-16
8949.24838066103  3.353022E-16
8952.25593948366  3.298290E-16
8955.26349830629  3.354799E-16
8958.27105712893  3.269383E-16
8961.27861595156  3.183630E-16
8964.28617477419  3.295479E-16
8967.29373359682  3.306158E-16
8970.30129241945  3.221919E-16
8973.30885124208  3.230601E-16
8976.31641006472  3.138501E-16
8979.32396888735  3.039877E-16
8982.33152770998  3.016018E-16
8985.33908653261  3.017987E-16
8988.34664535524  2.943421E-16
8991.35420417788  2.881031E-16
8994.36176300051  2.973219E-16
8997.36932182314  3.142738E-16
9000.37688064577  3.274981E-16
9003.3844394684  3.277164E-16
9006.39199829103  3.274148E-16
9009.39955711367  3.385647E-16
9012.4071159363  3.436539E-16
9015.41467475893  3.362063E-16
9018.42223358156  3.177130E-16
9021.42979240419  3.104259E-16
9024.43735122683  3.171765E-16
9027.44491004946  3.187849E-16
9030.45246887209  3.145046E-16
9033.46002769472  3.160568E-16
9036.46758651735  3.217970E-16
9039.47514533998  3.217789E-16
9042.48270416262  3.196162E-16
9045.49026298525  3.114952E-16
9048.49782180788  3.065399E-16
9051.50538063051  3.126388E-16
9054.51293945314  3.132950E-16
9057.52049827577  3.086652E-16
9060.52805709841  3.118005E-16
9063.53561592104  3.160903E-16
9066.54317474367  3.148859E-16
9069.5507335663  3.140940E-16
9072.55829238893  3.205780E-16
9075.56585121157  3.263727E-16
9078.5734100342  3.331232E-16
9081.58096885683  3.367124E-16
9084.58852767946  3.344922E-16
9087.59608650209  3.368213E-16
9090.60364532473  3.310697E-16
9093.61120414736  3.159169E-16
9096.61876296999  3.266603E-16
9099.62632179262  3.369297E-16
9102.63388061525  3.275672E-16
9105.64143943788  3.295576E-16
9108.64899826052  3.359718E-16
9111.65655708315  3.365789E-16
9114.66411590578  3.344855E-16
9117.67167472841  3.397004E-16
9120.67923355104  3.409312E-16
9123.68679237368  3.284206E-16
9126.69435119631  3.227331E-16
9129.70191001894  3.272676E-16
